cid	path_id	observed	p_value	fdr
CID_104741	R-HSA-1430728_R-HSA-1483249_R-HSA-1855204_P0DP23	-4.52421	0.00000	0.00000
CID_104741	R-HSA-1430728_R-HSA-71291_R-HSA-70895_P54687	-5.08644	0.00000	0.00000
CID_104741	R-HSA-1430728_R-HSA-71291_R-HSA-71288_P48066	-5.14246	0.00000	0.00000
CID_104741	R-HSA-1430728_R-HSA-71291_R-HSA-71064_Q02218	-4.82260	0.00000	0.00000
CID_104741	R-HSA-1430728_R-HSA-71291_R-HSA-209776_R-HSA-209931_P17752	-6.28568	0.00000	0.00000
CID_104741	R-HSA-1430728_R-HSA-71291_R-HSA-351202_R-HSA-350562_P20618	-5.96184	0.00000	0.00000
CID_104741	R-HSA-1430728_R-HSA-71291_R-HSA-351202_R-HSA-350562_P49721	-6.18437	0.00000	0.00000
CID_104741	R-HSA-1430728_R-HSA-71291_R-HSA-351202_R-HSA-350562_P28074	-5.90795	0.00000	0.00000
CID_104741	R-HSA-1430728_R-HSA-71291_R-HSA-351202_R-HSA-350562_P28062	-6.37738	0.00000	0.00000
CID_104741	R-HSA-1430728_R-HSA-71387_R-HSA-8982491_R-HSA-70221_P0DP23	-4.87020	0.00000	0.00000
CID_104741	R-HSA-1430728_R-HSA-556833_R-HSA-400206_R-HSA-1989781_P04798	-2.87766	0.00000	0.00000
CID_104741	R-HSA-1430728_R-HSA-556833_R-HSA-400206_R-HSA-1989781_P19793	-2.88174	0.00000	0.00000
CID_104741	R-HSA-1430728_R-HSA-556833_R-HSA-400206_R-HSA-1989781_P35869	-3.24769	0.00000	0.00000
CID_104741	R-HSA-1430728_R-HSA-556833_R-HSA-400206_R-HSA-1989781_O60656	-3.44184	0.00000	0.00000
CID_104741	R-HSA-1430728_R-HSA-556833_R-HSA-400206_R-HSA-1989781_P11474	-2.10460	0.00000	0.00000
CID_104741	R-HSA-1430728_R-HSA-556833_R-HSA-400206_R-HSA-1989781_O60427	-3.40317	0.00000	0.00000
CID_104741	R-HSA-1430728_R-HSA-556833_R-HSA-400206_R-HSA-1989781_Q9Y6Q9	-4.06126	0.00000	0.00000
CID_104741	R-HSA-1430728_R-HSA-556833_R-HSA-400206_R-HSA-1989781_O75376	-3.13800	0.00000	0.00000
CID_104741	R-HSA-74160_R-HSA-73857_R-HSA-212436_R-HSA-383280_P08235	-2.97184	0.00000	0.00000
CID_104741	R-HSA-1430728_R-HSA-1428517_R-HSA-71406_R-HSA-70268_R-HSA-204174_P19793	-8.56941	0.00000	0.00000
CID_104741	R-HSA-74160_R-HSA-73857_R-HSA-212436_R-HSA-9614085_R-HSA-9617629_Q96EB6	-6.63706	0.00000	0.00000
CID_104741	R-HSA-74160_R-HSA-73857_R-HSA-212436_R-HSA-8878166_R-HSA-8941326_R-HSA-8940973_Q9UBN7	-8.03064	0.00000	0.00000
CID_104741	R-HSA-1430728_R-HSA-202131_R-HSA-203615_P0DP23	-4.81684	0.00500	0.04608
CID_104741	R-HSA-1430728_R-HSA-71291_R-HSA-389661_Q02218	-4.86337	0.00500	0.04608
CID_104741	R-HSA-1430728_R-HSA-71291_R-HSA-389661_O14561	-5.85625	0.00500	0.04608
CID_104741	R-HSA-1430728_R-HSA-71291_R-HSA-389661_P11177	-5.93173	0.00500	0.04608
CID_104741	R-HSA-1430728_R-HSA-71291_R-HSA-70895_P24752	-5.41138	0.00500	0.04608
CID_104741	R-HSA-1430728_R-HSA-71291_R-HSA-70921_P50135	-5.48189	0.00500	0.04608
CID_104741	R-HSA-1430728_R-HSA-71291_R-HSA-2408522_R-HSA-2408557_P39023	-6.00823	0.00500	0.04608
CID_104741	R-HSA-1430728_R-HSA-71291_R-HSA-2408522_R-HSA-2408508_P50135	-7.34400	0.00500	0.04608
CID_104741	R-HSA-1430728_R-HSA-71291_R-HSA-2408522_R-HSA-2408508_P40261	-7.18273	0.00500	0.04608
CID_104741	R-HSA-1430728_R-HSA-71291_R-HSA-351202_R-HSA-350562_P25786	-6.39808	0.00500	0.04608
CID_104741	R-HSA-1430728_R-HSA-71291_R-HSA-351202_R-HSA-350562_Q99460	-6.36680	0.00500	0.04608
CID_104741	R-HSA-1430728_R-HSA-71291_R-HSA-351202_R-HSA-350562_Q13200	-6.42598	0.00500	0.04608
CID_104741	R-HSA-1430728_R-HSA-1428517_R-HSA-71406_R-HSA-71403_Q02218	-6.86052	0.00500	0.04608
CID_104741	R-HSA-1430728_R-HSA-71387_R-HSA-70326_R-HSA-70263_P11498	-6.68188	0.00500	0.04608
CID_104741	R-HSA-1430728_R-HSA-71387_R-HSA-70326_R-HSA-70263_P00558	-6.88101	0.00500	0.04608
CID_104741	R-HSA-1430728_R-HSA-556833_R-HSA-8978868_R-HSA-200425_P19793	-6.44406	0.00500	0.04608
CID_104741	R-HSA-74160_R-HSA-73857_R-HSA-212436_R-HSA-383280_P48443	-3.54611	0.00500	0.04608
CID_104741	R-HSA-74160_R-HSA-73857_R-HSA-212436_R-HSA-383280_P19793	-2.63865	0.00500	0.04608
CID_104741	R-HSA-74160_R-HSA-73857_R-HSA-212436_R-HSA-383280_P06401	-2.73502	0.00500	0.04608
CID_104741	R-HSA-74160_R-HSA-73857_R-HSA-212436_R-HSA-383280_P10827	-3.89407	0.00500	0.04608
CID_104741	R-HSA-74160_R-HSA-73857_R-HSA-212436_R-HSA-383280_P10828	-3.89196	0.00500	0.04608
CID_104741	R-HSA-74160_R-HSA-73857_R-HSA-212436_R-HSA-383280_P51843	-2.80004	0.00500	0.04608
CID_104741	R-HSA-74160_R-HSA-73857_R-HSA-212436_R-HSA-383280_O75376	-2.89492	0.00500	0.04608
CID_104741	R-HSA-1430728_R-HSA-1428517_R-HSA-71406_R-HSA-70268_R-HSA-204174_P11177	-10.07879	0.00500	0.04608
CID_104741	R-HSA-1430728_R-HSA-71387_R-HSA-70326_R-HSA-70171_R-HSA-9634600_P67775	-8.50726	0.00500	0.04608
CID_104741	R-HSA-1430728_R-HSA-556833_R-HSA-8978868_R-HSA-2142753_R-HSA-2142816_P04798	-9.34030	0.00500	0.04608
CID_104741	R-HSA-1430728_R-HSA-556833_R-HSA-8978868_R-HSA-2142753_R-HSA-2162123_Q16647	-10.89236	0.00500	0.04608
CID_104741	R-HSA-74160_R-HSA-73857_R-HSA-212436_R-HSA-8864260_R-HSA-8866910_P10721	-6.91216	0.00500	0.04608
CID_104741	R-HSA-74160_R-HSA-73857_R-HSA-212436_R-HSA-8878159_R-HSA-8941858_P20618	-5.26547	0.00500	0.04608
CID_104741	R-HSA-74160_R-HSA-73857_R-HSA-212436_R-HSA-8878159_R-HSA-8941858_P49721	-5.48799	0.00500	0.04608
CID_104741	R-HSA-74160_R-HSA-73857_R-HSA-212436_R-HSA-8878159_R-HSA-8941858_P28074	-5.21157	0.00500	0.04608
CID_104741	R-HSA-74160_R-HSA-73857_R-HSA-212436_R-HSA-8878159_R-HSA-8941858_P25786	-5.70170	0.00500	0.04608
CID_104741	R-HSA-74160_R-HSA-73857_R-HSA-212436_R-HSA-8878159_R-HSA-8941858_Q99460	-5.67042	0.00500	0.04608
CID_104741	R-HSA-74160_R-HSA-73857_R-HSA-212436_R-HSA-8878159_R-HSA-8941858_Q13200	-5.72960	0.00500	0.04608
CID_104741	R-HSA-74160_R-HSA-73857_R-HSA-212436_R-HSA-8878171_R-HSA-8939236_P20618	-6.81714	0.00500	0.04608
CID_104741	R-HSA-74160_R-HSA-73857_R-HSA-212436_R-HSA-8878171_R-HSA-8939236_P28074	-6.76324	0.00500	0.04608
CID_104741	R-HSA-74160_R-HSA-73857_R-HSA-212436_R-HSA-8878171_R-HSA-8939236_P25786	-7.25337	0.00500	0.04608
CID_104741	R-HSA-74160_R-HSA-73857_R-HSA-212436_R-HSA-8878171_R-HSA-8939236_Q99460	-7.22209	0.00500	0.04608
CID_104741	R-HSA-74160_R-HSA-73857_R-HSA-212436_R-HSA-8878166_R-HSA-8939902_P04150	-4.65700	0.00500	0.04608
CID_104741	R-HSA-74160_R-HSA-73857_R-HSA-212436_R-HSA-8878166_R-HSA-8939902_P03372	-4.32655	0.00500	0.04608
CID_104741	R-HSA-74160_R-HSA-73857_R-HSA-212436_R-HSA-8878166_R-HSA-8939902_P11474	-2.92968	0.00500	0.04608
CID_104741	R-HSA-74160_R-HSA-73857_R-HSA-212436_R-HSA-8878166_R-HSA-8939902_P20618	-4.06841	0.00500	0.04608
CID_104741	R-HSA-74160_R-HSA-73857_R-HSA-212436_R-HSA-8878166_R-HSA-8939902_P49721	-4.29093	0.00500	0.04608
CID_104741	R-HSA-74160_R-HSA-73857_R-HSA-212436_R-HSA-8878166_R-HSA-8939902_P28074	-4.01451	0.00500	0.04608
CID_104741	R-HSA-74160_R-HSA-73857_R-HSA-212436_R-HSA-8878166_R-HSA-8939902_P28062	-4.48394	0.00500	0.04608
CID_104741	R-HSA-74160_R-HSA-73857_R-HSA-212436_R-HSA-8878166_R-HSA-8939902_P25786	-4.50464	0.00500	0.04608
CID_104741	R-HSA-74160_R-HSA-73857_R-HSA-212436_R-HSA-8878166_R-HSA-8939902_Q99460	-4.47336	0.00500	0.04608
CID_104741	R-HSA-74160_R-HSA-73857_R-HSA-212436_R-HSA-8878166_R-HSA-8939902_Q13200	-4.53254	0.00500	0.04608
CID_104741	R-HSA-74160_R-HSA-73857_R-HSA-212436_R-HSA-8878166_R-HSA-8941326_R-HSA-8940973_P10275	-7.68978	0.00500	0.04608
CID_104741	R-HSA-74160_R-HSA-73857_R-HSA-212436_R-HSA-8878166_R-HSA-8941326_R-HSA-8940973_P07947	-10.38363	0.00500	0.04608
CID_11556711	R-HSA-1430728_R-HSA-202131_R-HSA-203615_P0DP23	-5.52433	0.00000	0.00000
CID_11556711	R-HSA-1430728_R-HSA-202131_R-HSA-203615_P29474	-5.75296	0.00000	0.00000
CID_11556711	R-HSA-1430728_R-HSA-71291_R-HSA-70895_P54687	-6.53685	0.00000	0.00000
CID_11556711	R-HSA-1430728_R-HSA-71291_R-HSA-71288_P48066	-6.55693	0.00000	0.00000
CID_11556711	R-HSA-1430728_R-HSA-71291_R-HSA-351202_R-HSA-350562_P25786	-9.39826	0.00000	0.00000
CID_11556711	R-HSA-1430728_R-HSA-71291_R-HSA-351202_R-HSA-350562_Q99460	-9.41172	0.00000	0.00000
CID_11556711	R-HSA-1430728_R-HSA-71291_R-HSA-351202_R-HSA-350562_Q13200	-9.39792	0.00000	0.00000
CID_11556711	R-HSA-1430728_R-HSA-196854_R-HSA-8978934_R-HSA-1474151_P0DP23	-8.21227	0.00000	0.00000
CID_11556711	R-HSA-1430728_R-HSA-196854_R-HSA-8978934_R-HSA-1474151_P29474	-8.44090	0.00000	0.00000
CID_11556711	R-HSA-74160_R-HSA-73857_R-HSA-212436_R-HSA-350054_P56524	-4.27433	0.00000	0.00000
CID_11556711	R-HSA-74160_R-HSA-73857_R-HSA-212436_R-HSA-350054_Q9UBN7	-4.56500	0.00000	0.00000
CID_11556711	R-HSA-74160_R-HSA-73857_R-HSA-212436_R-HSA-383280_P51843	-4.68110	0.00000	0.00000
CID_11556711	R-HSA-1430728_R-HSA-1428517_R-HSA-163200_R-HSA-611105_R-HSA-6799198_P19404	-12.56750	0.00000	0.00000
CID_11556711	R-HSA-1430728_R-HSA-1428517_R-HSA-163200_R-HSA-611105_R-HSA-6799198_Q16795	-12.56680	0.00000	0.00000
CID_11556711	R-HSA-1430728_R-HSA-1428517_R-HSA-163200_R-HSA-611105_R-HSA-6799198_P51970	-12.56823	0.00000	0.00000
CID_11556711	R-HSA-1430728_R-HSA-1428517_R-HSA-163200_R-HSA-611105_R-HSA-6799198_O95182	-12.56832	0.00000	0.00000
CID_11556711	R-HSA-1430728_R-HSA-1428517_R-HSA-163200_R-HSA-611105_R-HSA-6799198_P56556	-12.56711	0.00000	0.00000
CID_11556711	R-HSA-1430728_R-HSA-1428517_R-HSA-163200_R-HSA-611105_R-HSA-6799198_Q16718	-12.56728	0.00000	0.00000
CID_11556711	R-HSA-1430728_R-HSA-1428517_R-HSA-163200_R-HSA-611105_R-HSA-6799198_O95167	-12.56710	0.00000	0.00000
CID_11556711	R-HSA-1430728_R-HSA-1428517_R-HSA-163200_R-HSA-611105_R-HSA-6799198_O43678	-12.56687	0.00000	0.00000
CID_11556711	R-HSA-1430728_R-HSA-1428517_R-HSA-163200_R-HSA-611105_R-HSA-6799198_O15239	-12.56742	0.00000	0.00000
CID_11556711	R-HSA-1430728_R-HSA-1428517_R-HSA-163200_R-HSA-611105_R-HSA-6799198_O95299	-12.56706	0.00000	0.00000
CID_11556711	R-HSA-1430728_R-HSA-1428517_R-HSA-163200_R-HSA-611105_R-HSA-6799198_O14561	-11.71604	0.00000	0.00000
CID_11556711	R-HSA-1430728_R-HSA-1428517_R-HSA-163200_R-HSA-611105_R-HSA-6799198_O75438	-12.56796	0.00000	0.00000
CID_11556711	R-HSA-1430728_R-HSA-1428517_R-HSA-163200_R-HSA-611105_R-HSA-6799198_O95178	-12.56775	0.00000	0.00000
CID_11556711	R-HSA-1430728_R-HSA-1428517_R-HSA-163200_R-HSA-611105_R-HSA-6799198_O00217	-12.56721	0.00000	0.00000
CID_11556711	R-HSA-1430728_R-HSA-1428517_R-HSA-163200_R-HSA-611105_R-HSA-6799198_O75380	-12.56775	0.00000	0.00000
CID_11556711	R-HSA-1430728_R-HSA-1428517_R-HSA-163200_R-HSA-611105_R-HSA-6799198_O43920	-12.56746	0.00000	0.00000
CID_11556711	R-HSA-1430728_R-HSA-1428517_R-HSA-163200_R-HSA-611105_R-HSA-6799198_O43181	-12.56682	0.00000	0.00000
CID_11556711	R-HSA-1430728_R-HSA-1428517_R-HSA-163200_R-HSA-611105_R-HSA-6799198_P49821	-12.56682	0.00000	0.00000
CID_11556711	R-HSA-1430728_R-HSA-1428517_R-HSA-163200_R-HSA-611105_R-HSA-6799198_O75489	-12.56730	0.00000	0.00000
CID_11556711	R-HSA-1430728_R-HSA-1428517_R-HSA-163200_R-HSA-611105_R-HSA-6799198_O75306	-12.56806	0.00000	0.00000
CID_11556711	R-HSA-1430728_R-HSA-1428517_R-HSA-163200_R-HSA-611105_R-HSA-6799198_P56181	-12.56676	0.00000	0.00000
CID_11556711	R-HSA-1430728_R-HSA-1428517_R-HSA-163200_R-HSA-611105_R-HSA-6799198_P28331	-12.56694	0.00000	0.00000
CID_11556711	R-HSA-1430728_R-HSA-1428517_R-HSA-163200_R-HSA-611105_R-HSA-6799198_O95298	-12.56724	0.00000	0.00000
CID_11556711	R-HSA-1430728_R-HSA-1428517_R-HSA-163200_R-HSA-611105_R-HSA-6799198_O43677	-12.56709	0.00000	0.00000
CID_11556711	R-HSA-1430728_R-HSA-1428517_R-HSA-163200_R-HSA-611105_R-HSA-6799198_O96000	-12.56721	0.00000	0.00000
CID_11556711	R-HSA-1430728_R-HSA-1428517_R-HSA-163200_R-HSA-611105_R-HSA-6799198_Q9Y6M9	-12.56734	0.00000	0.00000
CID_11556711	R-HSA-1430728_R-HSA-1428517_R-HSA-163200_R-HSA-611105_R-HSA-6799198_O95169	-12.56748	0.00000	0.00000
CID_11556711	R-HSA-1430728_R-HSA-1428517_R-HSA-163200_R-HSA-611105_R-HSA-6799198_P17568	-12.56735	0.00000	0.00000
CID_11556711	R-HSA-1430728_R-HSA-1428517_R-HSA-163200_R-HSA-611105_R-HSA-6799198_O95139	-12.56741	0.00000	0.00000
CID_11556711	R-HSA-1430728_R-HSA-1428517_R-HSA-163200_R-HSA-611105_R-HSA-6799198_O43674	-12.56751	0.00000	0.00000
CID_11556711	R-HSA-1430728_R-HSA-1428517_R-HSA-163200_R-HSA-611105_R-HSA-6799198_O95168	-12.56736	0.00000	0.00000
CID_11556711	R-HSA-1430728_R-HSA-1428517_R-HSA-163200_R-HSA-611105_R-HSA-6799198_O43676	-12.56695	0.00000	0.00000
CID_11556711	R-HSA-74160_R-HSA-73857_R-HSA-212436_R-HSA-8878171_R-HSA-8939236_P25786	-4.47816	0.00000	0.00000
CID_11556711	R-HSA-74160_R-HSA-73857_R-HSA-212436_R-HSA-8878171_R-HSA-8939236_Q99460	-4.49162	0.00000	0.00000
CID_11556711	R-HSA-74160_R-HSA-73857_R-HSA-212436_R-HSA-8878171_R-HSA-8939236_Q13200	-4.47782	0.00000	0.00000
CID_11556711	R-HSA-74160_R-HSA-73857_R-HSA-212436_R-HSA-8878166_R-HSA-8939902_P25786	-4.26174	0.00000	0.00000
CID_11556711	R-HSA-74160_R-HSA-73857_R-HSA-212436_R-HSA-8878166_R-HSA-8939902_Q99460	-4.27520	0.00000	0.00000
CID_11556711	R-HSA-74160_R-HSA-73857_R-HSA-212436_R-HSA-8878166_R-HSA-8939902_Q13200	-4.26140	0.00000	0.00000
CID_11556711	R-HSA-74160_R-HSA-73857_R-HSA-212436_R-HSA-8878166_R-HSA-8941326_R-HSA-8940973_P10275	-7.36172	0.00000	0.00000
CID_11556711	R-HSA-74160_R-HSA-73857_R-HSA-212436_R-HSA-8878166_R-HSA-8941326_R-HSA-8940973_P00519	-6.87885	0.00000	0.00000
CID_11556711	R-HSA-74160_R-HSA-73857_R-HSA-212436_R-HSA-8878166_R-HSA-8941326_R-HSA-8940973_P07947	-10.12916	0.00000	0.00000
CID_11556711	R-HSA-74160_R-HSA-73857_R-HSA-212436_R-HSA-8878166_R-HSA-8941326_R-HSA-8940973_Q9UBN7	-7.26810	0.00000	0.00000
CID_11556711	R-HSA-74160_R-HSA-73857_R-HSA-212436_R-HSA-8878166_R-HSA-8941326_R-HSA-8941284_P56524	-8.04915	0.00000	0.00000
CID_11556711	R-HSA-1430728_R-HSA-1483249_R-HSA-1855204_P0DP23	-6.08005	0.00500	0.04608
CID_11556711	R-HSA-1430728_R-HSA-71291_R-HSA-389661_Q02218	-6.35258	0.00500	0.04608
CID_11556711	R-HSA-1430728_R-HSA-71291_R-HSA-389661_P11177	-7.38978	0.00500	0.04608
CID_11556711	R-HSA-1430728_R-HSA-71291_R-HSA-70921_P50135	-6.94166	0.00500	0.04608
CID_11556711	R-HSA-1430728_R-HSA-71291_R-HSA-71064_Q02218	-6.31141	0.00500	0.04608
CID_11556711	R-HSA-1430728_R-HSA-163685_R-HSA-422356_R-HSA-400042_Q01668	-5.24738	0.00500	0.04608
CID_11556711	R-HSA-1430728_R-HSA-163685_R-HSA-422356_R-HSA-400042_Q13936	-5.39428	0.00500	0.04608
CID_11556711	R-HSA-1430728_R-HSA-163685_R-HSA-422356_R-HSA-400042_Q9NY47	-5.16516	0.00500	0.04608
CID_11556711	R-HSA-1430728_R-HSA-163685_R-HSA-422356_R-HSA-400042_Q08289	-5.68922	0.00500	0.04608
CID_11556711	R-HSA-1430728_R-HSA-163685_R-HSA-422356_R-HSA-381676_Q9BQ31	-4.19566	0.00500	0.04608
CID_11556711	R-HSA-1430728_R-HSA-71291_R-HSA-209776_R-HSA-209931_P17752	-7.92129	0.00500	0.04608
CID_11556711	R-HSA-1430728_R-HSA-71291_R-HSA-2408522_R-HSA-2408508_P50135	-9.04876	0.00500	0.04608
CID_11556711	R-HSA-1430728_R-HSA-71291_R-HSA-2408522_R-HSA-2408508_P40261	-8.90446	0.00500	0.04608
CID_11556711	R-HSA-1430728_R-HSA-71291_R-HSA-351202_R-HSA-350562_P20618	-7.18010	0.00500	0.04608
CID_11556711	R-HSA-1430728_R-HSA-71291_R-HSA-351202_R-HSA-350562_P49721	-7.20396	0.00500	0.04608
CID_11556711	R-HSA-1430728_R-HSA-71291_R-HSA-351202_R-HSA-350562_P28074	-7.15559	0.00500	0.04608
CID_11556711	R-HSA-1430728_R-HSA-71291_R-HSA-351202_R-HSA-350562_P28062	-7.16641	0.00500	0.04608
CID_11556711	R-HSA-1430728_R-HSA-196854_R-HSA-6806667_R-HSA-975634_O95237	-10.33667	0.00500	0.04608
CID_11556711	R-HSA-1430728_R-HSA-196854_R-HSA-6806667_R-HSA-975634_P09455	-10.39594	0.00500	0.04608
CID_11556711	R-HSA-1430728_R-HSA-196854_R-HSA-196849_R-HSA-196741_P33527	-10.19714	0.00500	0.04608
CID_11556711	R-HSA-1430728_R-HSA-196854_R-HSA-196849_R-HSA-196780_P11498	-9.04492	0.00500	0.04608
CID_11556711	R-HSA-1430728_R-HSA-196854_R-HSA-196849_R-HSA-196757_P41440	-9.99160	0.00500	0.04608
CID_11556711	R-HSA-1430728_R-HSA-196854_R-HSA-196849_R-HSA-196757_P34897	-10.50555	0.00500	0.04608
CID_11556711	R-HSA-1430728_R-HSA-196854_R-HSA-196849_R-HSA-196757_P34896	-10.50430	0.00500	0.04608
CID_11556711	R-HSA-1430728_R-HSA-196854_R-HSA-196849_R-HSA-196836_Q9UHI7	-8.97456	0.00500	0.04608
CID_11556711	R-HSA-1430728_R-HSA-71387_R-HSA-8982491_R-HSA-70221_P0DP23	-6.98875	0.00500	0.04608
CID_11556711	R-HSA-74160_R-HSA-73857_R-HSA-212436_R-HSA-383280_P19793	-4.24229	0.00500	0.04608
CID_11556711	R-HSA-1430728_R-HSA-1428517_R-HSA-71406_R-HSA-70268_R-HSA-204174_P19793	-10.82601	0.00500	0.04608
CID_11556711	R-HSA-74160_R-HSA-73857_R-HSA-212436_R-HSA-8864260_R-HSA-8866910_P10721	-6.58282	0.00500	0.04608
CID_11556711	R-HSA-74160_R-HSA-73857_R-HSA-212436_R-HSA-8878171_R-HSA-8939236_P20618	-2.26000	0.00500	0.04608
CID_11556711	R-HSA-74160_R-HSA-73857_R-HSA-212436_R-HSA-8878171_R-HSA-8939236_P49721	-2.28385	0.00500	0.04608
CID_11556711	R-HSA-74160_R-HSA-73857_R-HSA-212436_R-HSA-8878171_R-HSA-8939236_P28074	-2.23549	0.00500	0.04608
CID_11556711	R-HSA-74160_R-HSA-73857_R-HSA-212436_R-HSA-8878171_R-HSA-8939236_P28062	-2.24631	0.00500	0.04608
CID_11556711	R-HSA-74160_R-HSA-73857_R-HSA-212436_R-HSA-8878171_R-HSA-8939236_P00519	-3.33646	0.00500	0.04608
CID_11556711	R-HSA-74160_R-HSA-73857_R-HSA-212436_R-HSA-8878171_R-HSA-8931987_P03372	-5.12284	0.00500	0.04608
CID_11556711	R-HSA-74160_R-HSA-73857_R-HSA-212436_R-HSA-9614085_R-HSA-9617629_Q96EB6	-6.13829	0.00500	0.04608
CID_11556711	R-HSA-74160_R-HSA-73857_R-HSA-212436_R-HSA-8878166_R-HSA-8939902_P03372	-3.17751	0.00500	0.04608
CID_11683	R-HSA-1430728_R-HSA-163685_R-HSA-163767_P62714	-4.99773	0.00000	0.00000
CID_11683	R-HSA-1430728_R-HSA-71291_R-HSA-389661_P11177	-6.12316	0.00000	0.00000
CID_11683	R-HSA-1430728_R-HSA-163685_R-HSA-422356_R-HSA-400042_Q01668	-3.70675	0.00000	0.00000
CID_11683	R-HSA-1430728_R-HSA-163685_R-HSA-422356_R-HSA-400042_Q13936	-3.85364	0.00000	0.00000
CID_11683	R-HSA-1430728_R-HSA-163685_R-HSA-422356_R-HSA-400042_Q9NY47	-3.62452	0.00000	0.00000
CID_11683	R-HSA-1430728_R-HSA-163685_R-HSA-422356_R-HSA-400042_Q08289	-4.14858	0.00000	0.00000
CID_11683	R-HSA-1430728_R-HSA-71291_R-HSA-351202_R-HSA-350562_P20618	-5.69675	0.00000	0.00000
CID_11683	R-HSA-1430728_R-HSA-71291_R-HSA-351202_R-HSA-350562_P49721	-5.91585	0.00000	0.00000
CID_11683	R-HSA-1430728_R-HSA-71291_R-HSA-351202_R-HSA-350562_P28074	-5.65997	0.00000	0.00000
CID_11683	R-HSA-1430728_R-HSA-71291_R-HSA-351202_R-HSA-350562_P28062	-6.08645	0.00000	0.00000
CID_11683	R-HSA-1430728_R-HSA-71291_R-HSA-351202_R-HSA-350562_P25786	-6.21898	0.00000	0.00000
CID_11683	R-HSA-1430728_R-HSA-71291_R-HSA-351202_R-HSA-350562_Q99460	-6.17818	0.00000	0.00000
CID_11683	R-HSA-1430728_R-HSA-71291_R-HSA-351202_R-HSA-350562_Q13200	-6.25030	0.00000	0.00000
CID_11683	R-HSA-1430728_R-HSA-196854_R-HSA-6806667_R-HSA-975634_P09455	-8.60991	0.00000	0.00000
CID_11683	R-HSA-1430728_R-HSA-196854_R-HSA-196849_R-HSA-196757_P41440	-8.45206	0.00000	0.00000
CID_11683	R-HSA-1430728_R-HSA-1428517_R-HSA-163200_R-HSA-611105_R-HSA-6799198_P19404	-10.72233	0.00000	0.00000
CID_11683	R-HSA-1430728_R-HSA-1428517_R-HSA-163200_R-HSA-611105_R-HSA-6799198_Q16795	-10.72163	0.00000	0.00000
CID_11683	R-HSA-1430728_R-HSA-1428517_R-HSA-163200_R-HSA-611105_R-HSA-6799198_O95182	-10.72315	0.00000	0.00000
CID_11683	R-HSA-1430728_R-HSA-1428517_R-HSA-163200_R-HSA-611105_R-HSA-6799198_P56556	-10.72194	0.00000	0.00000
CID_11683	R-HSA-1430728_R-HSA-1428517_R-HSA-163200_R-HSA-611105_R-HSA-6799198_O95167	-10.72193	0.00000	0.00000
CID_11683	R-HSA-1430728_R-HSA-1428517_R-HSA-163200_R-HSA-611105_R-HSA-6799198_O95299	-10.72189	0.00000	0.00000
CID_11683	R-HSA-1430728_R-HSA-1428517_R-HSA-163200_R-HSA-611105_R-HSA-6799198_O75438	-10.72279	0.00000	0.00000
CID_11683	R-HSA-1430728_R-HSA-1428517_R-HSA-163200_R-HSA-611105_R-HSA-6799198_O95178	-10.72258	0.00000	0.00000
CID_11683	R-HSA-1430728_R-HSA-1428517_R-HSA-163200_R-HSA-611105_R-HSA-6799198_O43920	-10.72229	0.00000	0.00000
CID_11683	R-HSA-1430728_R-HSA-1428517_R-HSA-163200_R-HSA-611105_R-HSA-6799198_O43181	-10.72165	0.00000	0.00000
CID_11683	R-HSA-1430728_R-HSA-1428517_R-HSA-163200_R-HSA-611105_R-HSA-6799198_P49821	-10.72165	0.00000	0.00000
CID_11683	R-HSA-1430728_R-HSA-1428517_R-HSA-163200_R-HSA-611105_R-HSA-6799198_O75489	-10.72213	0.00000	0.00000
CID_11683	R-HSA-1430728_R-HSA-1428517_R-HSA-163200_R-HSA-611105_R-HSA-6799198_P56181	-10.72159	0.00000	0.00000
CID_11683	R-HSA-1430728_R-HSA-1428517_R-HSA-163200_R-HSA-611105_R-HSA-6799198_Q9Y6M9	-10.72217	0.00000	0.00000
CID_11683	R-HSA-1430728_R-HSA-1428517_R-HSA-163200_R-HSA-611105_R-HSA-6799198_P17568	-10.72218	0.00000	0.00000
CID_11683	R-HSA-1430728_R-HSA-1428517_R-HSA-163200_R-HSA-611105_R-HSA-6799198_O95139	-10.72224	0.00000	0.00000
CID_11683	R-HSA-1430728_R-HSA-1428517_R-HSA-163200_R-HSA-611105_R-HSA-6799198_O95168	-10.72219	0.00000	0.00000
CID_11683	R-HSA-1430728_R-HSA-1428517_R-HSA-71406_R-HSA-70268_R-HSA-204174_P19793	-8.86557	0.00000	0.00000
CID_11683	R-HSA-74160_R-HSA-73857_R-HSA-212436_R-HSA-8878166_R-HSA-8939902_P04150	-3.72832	0.00000	0.00000
CID_11683	R-HSA-74160_R-HSA-73857_R-HSA-212436_R-HSA-8878166_R-HSA-8939902_P20618	-4.23578	0.00000	0.00000
CID_11683	R-HSA-74160_R-HSA-73857_R-HSA-212436_R-HSA-8878166_R-HSA-8939902_P28074	-4.19900	0.00000	0.00000
CID_11683	R-HSA-1430728_R-HSA-1483249_R-HSA-1855204_P0DP23	-4.90978	0.00500	0.04608
CID_11683	R-HSA-1430728_R-HSA-202131_R-HSA-203615_P0DP23	-4.35360	0.00500	0.04608
CID_11683	R-HSA-1430728_R-HSA-15869_R-HSA-499943_P04818	-5.01131	0.00500	0.04608
CID_11683	R-HSA-1430728_R-HSA-71291_R-HSA-389661_Q02218	-5.08496	0.00500	0.04608
CID_11683	R-HSA-1430728_R-HSA-71291_R-HSA-389661_O14561	-6.04327	0.00500	0.04608
CID_11683	R-HSA-1430728_R-HSA-71291_R-HSA-70895_P54687	-5.27029	0.00500	0.04608
CID_11683	R-HSA-1430728_R-HSA-71291_R-HSA-71288_P48066	-5.29033	0.00500	0.04608
CID_11683	R-HSA-1430728_R-HSA-71291_R-HSA-70921_P50135	-5.67513	0.00500	0.04608
CID_11683	R-HSA-1430728_R-HSA-71291_R-HSA-71064_Q02218	-5.04369	0.00500	0.04608
CID_11683	R-HSA-1430728_R-HSA-15869_R-HSA-8956319_R-HSA-73621_P19971	-6.61839	0.00500	0.04608
CID_11683	R-HSA-1430728_R-HSA-15869_R-HSA-8956321_R-HSA-73614_P19971	-6.95667	0.00500	0.04608
CID_11683	R-HSA-1430728_R-HSA-15869_R-HSA-8956321_R-HSA-73614_Q16831	-7.21289	0.00500	0.04608
CID_11683	R-HSA-1430728_R-HSA-163685_R-HSA-422356_R-HSA-381676_Q9BQ31	-2.65504	0.00500	0.04608
CID_11683	R-HSA-1430728_R-HSA-71291_R-HSA-209776_R-HSA-209931_P17752	-6.35120	0.00500	0.04608
CID_11683	R-HSA-1430728_R-HSA-71291_R-HSA-2408522_R-HSA-2408557_P39023	-6.14887	0.00500	0.04608
CID_11683	R-HSA-1430728_R-HSA-71291_R-HSA-2408522_R-HSA-2408508_P50135	-7.47870	0.00500	0.04608
CID_11683	R-HSA-1430728_R-HSA-71291_R-HSA-2408522_R-HSA-2408508_P40261	-7.33294	0.00500	0.04608
CID_11683	R-HSA-1430728_R-HSA-1428517_R-HSA-163200_R-HSA-163210_P30049	-7.31086	0.00500	0.04608
CID_11683	R-HSA-1430728_R-HSA-1428517_R-HSA-71406_R-HSA-71403_Q02218	-7.15350	0.00500	0.04608
CID_11683	R-HSA-1430728_R-HSA-196854_R-HSA-6806667_R-HSA-975634_O95237	-8.55665	0.00500	0.04608
CID_11683	R-HSA-1430728_R-HSA-196854_R-HSA-6806667_R-HSA-975634_P02753	-8.65119	0.00500	0.04608
CID_11683	R-HSA-1430728_R-HSA-196854_R-HSA-8978934_R-HSA-1474151_P0DP23	-6.73680	0.00500	0.04608
CID_11683	R-HSA-1430728_R-HSA-196854_R-HSA-8978934_R-HSA-1474151_P29474	-6.90104	0.00500	0.04608
CID_11683	R-HSA-1430728_R-HSA-196854_R-HSA-196849_R-HSA-196780_P11498	-7.50546	0.00500	0.04608
CID_11683	R-HSA-1430728_R-HSA-71387_R-HSA-8982491_R-HSA-70221_P0DP23	-5.51342	0.00500	0.04608
CID_11683	R-HSA-74160_R-HSA-73857_R-HSA-212436_R-HSA-383280_P08235	-4.09475	0.00500	0.04608
CID_11683	R-HSA-74160_R-HSA-73857_R-HSA-212436_R-HSA-383280_P51843	-3.99190	0.00500	0.04608
CID_11683	R-HSA-1430728_R-HSA-1428517_R-HSA-163200_R-HSA-611105_R-HSA-6799198_P51970	-10.72306	0.00500	0.04608
CID_11683	R-HSA-1430728_R-HSA-1428517_R-HSA-163200_R-HSA-611105_R-HSA-6799198_Q16718	-10.72211	0.00500	0.04608
CID_11683	R-HSA-1430728_R-HSA-1428517_R-HSA-163200_R-HSA-611105_R-HSA-6799198_O43678	-10.72170	0.00500	0.04608
CID_11683	R-HSA-1430728_R-HSA-1428517_R-HSA-163200_R-HSA-611105_R-HSA-6799198_O15239	-10.72226	0.00500	0.04608
CID_11683	R-HSA-1430728_R-HSA-1428517_R-HSA-163200_R-HSA-611105_R-HSA-6799198_O00217	-10.72204	0.00500	0.04608
CID_11683	R-HSA-1430728_R-HSA-1428517_R-HSA-163200_R-HSA-611105_R-HSA-6799198_O75380	-10.72258	0.00500	0.04608
CID_11683	R-HSA-1430728_R-HSA-1428517_R-HSA-163200_R-HSA-611105_R-HSA-6799198_O75306	-10.72290	0.00500	0.04608
CID_11683	R-HSA-1430728_R-HSA-1428517_R-HSA-163200_R-HSA-611105_R-HSA-6799198_P28331	-10.72177	0.00500	0.04608
CID_11683	R-HSA-1430728_R-HSA-1428517_R-HSA-163200_R-HSA-611105_R-HSA-6799198_O95298	-10.72207	0.00500	0.04608
CID_11683	R-HSA-1430728_R-HSA-1428517_R-HSA-163200_R-HSA-611105_R-HSA-6799198_O43677	-10.72192	0.00500	0.04608
CID_11683	R-HSA-1430728_R-HSA-1428517_R-HSA-163200_R-HSA-611105_R-HSA-6799198_O96000	-10.72204	0.00500	0.04608
CID_11683	R-HSA-1430728_R-HSA-1428517_R-HSA-163200_R-HSA-611105_R-HSA-6799198_O95169	-10.72231	0.00500	0.04608
CID_11683	R-HSA-1430728_R-HSA-1428517_R-HSA-163200_R-HSA-611105_R-HSA-6799198_O43674	-10.72234	0.00500	0.04608
CID_11683	R-HSA-1430728_R-HSA-1428517_R-HSA-163200_R-HSA-611105_R-HSA-6799198_O43676	-10.72178	0.00500	0.04608
CID_11683	R-HSA-1430728_R-HSA-1428517_R-HSA-71406_R-HSA-70268_R-HSA-204174_P11177	-10.28813	0.00500	0.04608
CID_11683	R-HSA-74160_R-HSA-73857_R-HSA-212436_R-HSA-8878159_R-HSA-8941855_P04637	-6.02339	0.00500	0.04608
CID_11683	R-HSA-74160_R-HSA-73857_R-HSA-212436_R-HSA-8878159_R-HSA-8941858_P28062	-5.44613	0.00500	0.04608
CID_11683	R-HSA-74160_R-HSA-73857_R-HSA-212436_R-HSA-8878166_R-HSA-8939902_P49721	-4.45488	0.00500	0.04608
CID_11683	R-HSA-74160_R-HSA-73857_R-HSA-212436_R-HSA-8878166_R-HSA-8939902_P28062	-4.62548	0.00500	0.04608
CID_11683	R-HSA-74160_R-HSA-73857_R-HSA-212436_R-HSA-3700989_R-HSA-5633008_R-HSA-6803204_P04637	-10.42500	0.00500	0.04608
CID_11683	R-HSA-74160_R-HSA-73857_R-HSA-212436_R-HSA-3700989_R-HSA-5633008_R-HSA-6803207_P04637	-9.87607	0.00500	0.04608
CID_11683	R-HSA-74160_R-HSA-73857_R-HSA-212436_R-HSA-3700989_R-HSA-5633008_R-HSA-6803211_P04637	-10.16575	0.00500	0.04608
CID_123631	R-HSA-1430728_R-HSA-1483249_R-HSA-1855204_P0DP23	-3.66974	0.00000	0.00000
CID_123631	R-HSA-1430728_R-HSA-202131_R-HSA-203615_P0DP23	-3.12083	0.00000	0.00000
CID_123631	R-HSA-1430728_R-HSA-202131_R-HSA-203615_P29474	-3.31941	0.00000	0.00000
CID_123631	R-HSA-1430728_R-HSA-15869_R-HSA-499943_P04818	-3.80001	0.00000	0.00000
CID_123631	R-HSA-1430728_R-HSA-163685_R-HSA-163765_P30613	-2.69571	0.00000	0.00000
CID_123631	R-HSA-1430728_R-HSA-163685_R-HSA-163767_P62714	-3.78047	0.00000	0.00000
CID_123631	R-HSA-1430728_R-HSA-71291_R-HSA-389661_Q02218	-3.87205	0.00000	0.00000
CID_123631	R-HSA-1430728_R-HSA-71291_R-HSA-389661_O14561	-4.83114	0.00000	0.00000
CID_123631	R-HSA-1430728_R-HSA-71291_R-HSA-389661_P11177	-4.91096	0.00000	0.00000
CID_123631	R-HSA-1430728_R-HSA-71291_R-HSA-70895_P54687	-4.05826	0.00000	0.00000
CID_123631	R-HSA-1430728_R-HSA-71291_R-HSA-71288_P48066	-4.07879	0.00000	0.00000
CID_123631	R-HSA-1430728_R-HSA-71291_R-HSA-70921_P50135	-4.46302	0.00000	0.00000
CID_123631	R-HSA-1430728_R-HSA-71291_R-HSA-71064_Q02218	-3.83081	0.00000	0.00000
CID_123631	R-HSA-1430728_R-HSA-15869_R-HSA-8956319_R-HSA-73621_P19971	-5.13488	0.00000	0.00000
CID_123631	R-HSA-1430728_R-HSA-15869_R-HSA-8956319_R-HSA-73621_Q16831	-5.39110	0.00000	0.00000
CID_123631	R-HSA-1430728_R-HSA-15869_R-HSA-8956321_R-HSA-74217_P00813	-5.09894	0.00000	0.00000
CID_123631	R-HSA-1430728_R-HSA-15869_R-HSA-8956321_R-HSA-73614_P19971	-5.47429	0.00000	0.00000
CID_123631	R-HSA-1430728_R-HSA-15869_R-HSA-8956321_R-HSA-73614_Q16831	-5.73051	0.00000	0.00000
CID_123631	R-HSA-1430728_R-HSA-163685_R-HSA-422356_R-HSA-400042_Q01668	-2.23821	0.00000	0.00000
CID_123631	R-HSA-1430728_R-HSA-163685_R-HSA-422356_R-HSA-400042_Q13936	-2.38510	0.00000	0.00000
CID_123631	R-HSA-1430728_R-HSA-163685_R-HSA-422356_R-HSA-400042_Q9NY47	-2.15598	0.00000	0.00000
CID_123631	R-HSA-1430728_R-HSA-163685_R-HSA-422356_R-HSA-400042_Q08289	-2.68004	0.00000	0.00000
CID_123631	R-HSA-1430728_R-HSA-163685_R-HSA-422356_R-HSA-381676_Q9BQ31	-1.18616	0.00000	0.00000
CID_123631	R-HSA-1430728_R-HSA-71291_R-HSA-209776_R-HSA-209931_P17752	-4.86857	0.00000	0.00000
CID_123631	R-HSA-1430728_R-HSA-71291_R-HSA-2408522_R-HSA-2408557_P39023	-4.66519	0.00000	0.00000
CID_123631	R-HSA-1430728_R-HSA-71291_R-HSA-2408522_R-HSA-2408508_P50135	-5.99510	0.00000	0.00000
CID_123631	R-HSA-1430728_R-HSA-71291_R-HSA-2408522_R-HSA-2408508_P40261	-5.84874	0.00000	0.00000
CID_123631	R-HSA-1430728_R-HSA-71291_R-HSA-351202_R-HSA-350562_P20618	-4.53535	0.00000	0.00000
CID_123631	R-HSA-1430728_R-HSA-71291_R-HSA-351202_R-HSA-350562_P49721	-4.78265	0.00000	0.00000
CID_123631	R-HSA-1430728_R-HSA-71291_R-HSA-351202_R-HSA-350562_P28074	-4.50175	0.00000	0.00000
CID_123631	R-HSA-1430728_R-HSA-71291_R-HSA-351202_R-HSA-350562_P28062	-5.06526	0.00000	0.00000
CID_123631	R-HSA-1430728_R-HSA-71291_R-HSA-351202_R-HSA-350562_P25786	-5.01392	0.00000	0.00000
CID_123631	R-HSA-1430728_R-HSA-71291_R-HSA-351202_R-HSA-350562_Q99460	-4.97133	0.00000	0.00000
CID_123631	R-HSA-1430728_R-HSA-71291_R-HSA-351202_R-HSA-350562_Q13200	-5.04598	0.00000	0.00000
CID_123631	R-HSA-1430728_R-HSA-1428517_R-HSA-163200_R-HSA-163210_P30049	-5.82699	0.00000	0.00000
CID_123631	R-HSA-1430728_R-HSA-1428517_R-HSA-71406_R-HSA-71403_Q02218	-5.66554	0.00000	0.00000
CID_123631	R-HSA-1430728_R-HSA-196854_R-HSA-6806667_R-HSA-975634_O95237	-7.18782	0.00000	0.00000
CID_123631	R-HSA-1430728_R-HSA-196854_R-HSA-6806667_R-HSA-975634_P02753	-7.28489	0.00000	0.00000
CID_123631	R-HSA-1430728_R-HSA-196854_R-HSA-6806667_R-HSA-975634_P50120	-7.36079	0.00000	0.00000
CID_123631	R-HSA-1430728_R-HSA-196854_R-HSA-6806667_R-HSA-975634_P09455	-7.24378	0.00000	0.00000
CID_123631	R-HSA-1430728_R-HSA-196854_R-HSA-8978934_R-HSA-1474151_P0DP23	-5.22074	0.00000	0.00000
CID_123631	R-HSA-1430728_R-HSA-196854_R-HSA-8978934_R-HSA-1474151_P29474	-5.41932	0.00000	0.00000
CID_123631	R-HSA-1430728_R-HSA-196854_R-HSA-196849_R-HSA-196741_P33527	-7.07309	0.00000	0.00000
CID_123631	R-HSA-1430728_R-HSA-196854_R-HSA-196849_R-HSA-196741_Q9UBK8	-8.08061	0.00000	0.00000
CID_123631	R-HSA-1430728_R-HSA-196854_R-HSA-196849_R-HSA-196741_O60494	-8.15591	0.00000	0.00000
CID_123631	R-HSA-1430728_R-HSA-196854_R-HSA-196849_R-HSA-196780_P05165	-11.72598	0.00000	0.00000
CID_123631	R-HSA-1430728_R-HSA-196854_R-HSA-196849_R-HSA-196780_P11498	-6.01738	0.00000	0.00000
CID_123631	R-HSA-1430728_R-HSA-196854_R-HSA-196849_R-HSA-196780_Q9Y289	-8.40312	0.00000	0.00000
CID_123631	R-HSA-1430728_R-HSA-196854_R-HSA-196849_R-HSA-196757_Q96NT5	-6.88093	0.00000	0.00000
CID_123631	R-HSA-1430728_R-HSA-196854_R-HSA-196849_R-HSA-196757_P41440	-6.96503	0.00000	0.00000
CID_123631	R-HSA-1430728_R-HSA-196854_R-HSA-196849_R-HSA-196757_P34897	-7.47899	0.00000	0.00000
CID_123631	R-HSA-1430728_R-HSA-196854_R-HSA-196849_R-HSA-196757_P34896	-7.47774	0.00000	0.00000
CID_123631	R-HSA-1430728_R-HSA-196854_R-HSA-196849_R-HSA-196836_P78417	-6.13938	0.00000	0.00000
CID_123631	R-HSA-1430728_R-HSA-196854_R-HSA-196849_R-HSA-196836_Q9UHI7	-5.94801	0.00000	0.00000
CID_123631	R-HSA-1430728_R-HSA-71387_R-HSA-8982491_R-HSA-70221_P0DP23	-3.99654	0.00000	0.00000
CID_123631	R-HSA-1430728_R-HSA-71387_R-HSA-8982491_R-HSA-70221_P06737	-6.81488	0.00000	0.00000
CID_123631	R-HSA-1430728_R-HSA-71387_R-HSA-70326_R-HSA-70263_P11498	-5.68529	0.00000	0.00000
CID_123631	R-HSA-1430728_R-HSA-71387_R-HSA-70326_R-HSA-70263_P00558	-5.93154	0.00000	0.00000
CID_123631	R-HSA-1430728_R-HSA-1428517_R-HSA-163200_R-HSA-611105_R-HSA-6799198_P19404	-8.96851	0.00000	0.00000
CID_123631	R-HSA-1430728_R-HSA-1428517_R-HSA-163200_R-HSA-611105_R-HSA-6799198_Q16795	-8.96781	0.00000	0.00000
CID_123631	R-HSA-1430728_R-HSA-1428517_R-HSA-163200_R-HSA-611105_R-HSA-6799198_P51970	-8.96924	0.00000	0.00000
CID_123631	R-HSA-1430728_R-HSA-1428517_R-HSA-163200_R-HSA-611105_R-HSA-6799198_O95182	-8.96932	0.00000	0.00000
CID_123631	R-HSA-1430728_R-HSA-1428517_R-HSA-163200_R-HSA-611105_R-HSA-6799198_P56556	-8.96812	0.00000	0.00000
CID_123631	R-HSA-1430728_R-HSA-1428517_R-HSA-163200_R-HSA-611105_R-HSA-6799198_Q16718	-8.96829	0.00000	0.00000
CID_123631	R-HSA-1430728_R-HSA-1428517_R-HSA-163200_R-HSA-611105_R-HSA-6799198_O95167	-8.96811	0.00000	0.00000
CID_123631	R-HSA-1430728_R-HSA-1428517_R-HSA-163200_R-HSA-611105_R-HSA-6799198_O43678	-8.96787	0.00000	0.00000
CID_123631	R-HSA-1430728_R-HSA-1428517_R-HSA-163200_R-HSA-611105_R-HSA-6799198_O15239	-8.96843	0.00000	0.00000
CID_123631	R-HSA-1430728_R-HSA-1428517_R-HSA-163200_R-HSA-611105_R-HSA-6799198_O95299	-8.96807	0.00000	0.00000
CID_123631	R-HSA-1430728_R-HSA-1428517_R-HSA-163200_R-HSA-611105_R-HSA-6799198_O14561	-8.11860	0.00000	0.00000
CID_123631	R-HSA-1430728_R-HSA-1428517_R-HSA-163200_R-HSA-611105_R-HSA-6799198_O75438	-8.96896	0.00000	0.00000
CID_123631	R-HSA-1430728_R-HSA-1428517_R-HSA-163200_R-HSA-611105_R-HSA-6799198_O95178	-8.96876	0.00000	0.00000
CID_123631	R-HSA-1430728_R-HSA-1428517_R-HSA-163200_R-HSA-611105_R-HSA-6799198_O00217	-8.96822	0.00000	0.00000
CID_123631	R-HSA-1430728_R-HSA-1428517_R-HSA-163200_R-HSA-611105_R-HSA-6799198_O75380	-8.96875	0.00000	0.00000
CID_123631	R-HSA-1430728_R-HSA-1428517_R-HSA-163200_R-HSA-611105_R-HSA-6799198_O43920	-8.96847	0.00000	0.00000
CID_123631	R-HSA-1430728_R-HSA-1428517_R-HSA-163200_R-HSA-611105_R-HSA-6799198_O43181	-8.96782	0.00000	0.00000
CID_123631	R-HSA-1430728_R-HSA-1428517_R-HSA-163200_R-HSA-611105_R-HSA-6799198_P49821	-8.96783	0.00000	0.00000
CID_123631	R-HSA-1430728_R-HSA-1428517_R-HSA-163200_R-HSA-611105_R-HSA-6799198_O75489	-8.96831	0.00000	0.00000
CID_123631	R-HSA-1430728_R-HSA-1428517_R-HSA-163200_R-HSA-611105_R-HSA-6799198_O75306	-8.96907	0.00000	0.00000
CID_123631	R-HSA-1430728_R-HSA-1428517_R-HSA-163200_R-HSA-611105_R-HSA-6799198_P56181	-8.96776	0.00000	0.00000
CID_123631	R-HSA-1430728_R-HSA-1428517_R-HSA-163200_R-HSA-611105_R-HSA-6799198_P28331	-8.96795	0.00000	0.00000
CID_123631	R-HSA-1430728_R-HSA-1428517_R-HSA-163200_R-HSA-611105_R-HSA-6799198_O95298	-8.96824	0.00000	0.00000
CID_123631	R-HSA-1430728_R-HSA-1428517_R-HSA-163200_R-HSA-611105_R-HSA-6799198_O43677	-8.96810	0.00000	0.00000
CID_123631	R-HSA-1430728_R-HSA-1428517_R-HSA-163200_R-HSA-611105_R-HSA-6799198_O96000	-8.96822	0.00000	0.00000
CID_123631	R-HSA-1430728_R-HSA-1428517_R-HSA-163200_R-HSA-611105_R-HSA-6799198_Q9Y6M9	-8.96835	0.00000	0.00000
CID_123631	R-HSA-1430728_R-HSA-1428517_R-HSA-163200_R-HSA-611105_R-HSA-6799198_O95169	-8.96848	0.00000	0.00000
CID_123631	R-HSA-1430728_R-HSA-1428517_R-HSA-163200_R-HSA-611105_R-HSA-6799198_P17568	-8.96835	0.00000	0.00000
CID_123631	R-HSA-1430728_R-HSA-1428517_R-HSA-163200_R-HSA-611105_R-HSA-6799198_O95139	-8.96842	0.00000	0.00000
CID_123631	R-HSA-1430728_R-HSA-1428517_R-HSA-163200_R-HSA-611105_R-HSA-6799198_O43674	-8.96851	0.00000	0.00000
CID_123631	R-HSA-1430728_R-HSA-1428517_R-HSA-163200_R-HSA-611105_R-HSA-6799198_O95168	-8.96836	0.00000	0.00000
CID_123631	R-HSA-1430728_R-HSA-1428517_R-HSA-163200_R-HSA-611105_R-HSA-6799198_O43676	-8.96796	0.00000	0.00000
CID_123631	R-HSA-1430728_R-HSA-1428517_R-HSA-71406_R-HSA-70268_R-HSA-204174_P19793	-6.75219	0.00000	0.00000
CID_123631	R-HSA-1430728_R-HSA-1428517_R-HSA-71406_R-HSA-70268_R-HSA-204174_P11177	-8.52909	0.00000	0.00000
CID_123631	R-HSA-1430728_R-HSA-196854_R-HSA-196849_R-HSA-196807_R-HSA-197264_P40261	-7.21321	0.00000	0.00000
CID_123631	R-HSA-1430728_R-HSA-196854_R-HSA-196849_R-HSA-196807_R-HSA-197264_Q16647	-7.39329	0.00000	0.00000
CID_123631	R-HSA-1430728_R-HSA-1475029_Q8N1Q1	-3.03435	0.00500	0.04608
CID_123631	R-HSA-1430728_R-HSA-163685_R-HSA-163767_P67775	-4.06199	0.00500	0.04608
CID_123631	R-HSA-1430728_R-HSA-71387_R-HSA-70326_R-HSA-70171_R-HSA-9634600_P62714	-7.18786	0.00500	0.04608
CID_123631	R-HSA-1430728_R-HSA-71387_R-HSA-70326_R-HSA-70171_R-HSA-9634600_P67775	-7.46938	0.00500	0.04608
CID_124087	R-HSA-162582_R-HSA-372790_R-HSA-388396_R-HSA-418597_P05771	-7.42189	0.00000	0.00000
CID_124087	R-HSA-162582_R-HSA-372790_R-HSA-388396_R-HSA-418597_P17252	-7.49141	0.00000	0.00000
CID_124087	R-HSA-162582_R-HSA-372790_R-HSA-388396_R-HSA-416482_P35348	-7.80543	0.00000	0.00000
CID_124087	R-HSA-162582_R-HSA-372790_R-HSA-500792_R-HSA-373076_R-HSA-375280_R-HSA-390666_P50406	-7.69937	0.00000	0.00000
CID_124087	R-HSA-162582_R-HSA-372790_R-HSA-388396_R-HSA-416476_R-HSA-881907_R-HSA-2179392_P17252	-11.82984	0.00000	0.00000
CID_124087	R-HSA-162582_R-HSA-372790_R-HSA-388396_R-HSA-418594_R-HSA-2187338_R-HSA-2187335_O75911	-14.39139	0.00000	0.00000
CID_124087	R-HSA-162582_R-HSA-372790_R-HSA-388396_R-HSA-418594_R-HSA-2187338_R-HSA-2187335_P12271	-13.81928	0.00000	0.00000
CID_124087	R-HSA-162582_R-HSA-372790_R-HSA-388396_R-HSA-418594_R-HSA-2187338_R-HSA-2187335_P10745	-13.81407	0.00000	0.00000
CID_124087	R-HSA-162582_R-HSA-372790_R-HSA-388396_R-HSA-418594_R-HSA-2187338_R-HSA-2453902_O95237	-12.78587	0.00000	0.00000
CID_124087	R-HSA-162582_R-HSA-372790_R-HSA-388396_R-HSA-418594_R-HSA-2187338_R-HSA-2453902_P12271	-13.05946	0.00000	0.00000
CID_124087	R-HSA-162582_R-HSA-372790_R-HSA-388396_R-HSA-418594_R-HSA-2187338_R-HSA-2453902_Q92781	-13.31842	0.00000	0.00000
CID_124087	R-HSA-162582_R-HSA-372790_R-HSA-388396_R-HSA-418594_R-HSA-2187338_R-HSA-2453902_P02753	-12.85797	0.00000	0.00000
CID_124087	R-HSA-162582_R-HSA-372790_R-HSA-388396_R-HSA-418594_R-HSA-2187338_R-HSA-2453902_P10745	-13.05425	0.00000	0.00000
CID_124087	R-HSA-162582_R-HSA-372790_R-HSA-388396_R-HSA-418594_R-HSA-2187338_R-HSA-2453902_P09455	-12.81501	0.00000	0.00000
CID_124087	R-HSA-162582_R-HSA-372790_R-HSA-388396_R-HSA-418594_R-HSA-2187338_R-HSA-975634_O95237	-12.88681	0.00000	0.00000
CID_124087	R-HSA-162582_R-HSA-372790_R-HSA-388396_R-HSA-418594_R-HSA-2187338_R-HSA-975634_P02753	-12.95890	0.00000	0.00000
CID_124087	R-HSA-162582_R-HSA-372790_R-HSA-388396_R-HSA-418594_R-HSA-2187338_R-HSA-975634_P50120	-13.37834	0.00000	0.00000
CID_124087	R-HSA-162582_R-HSA-372790_R-HSA-388396_R-HSA-418594_R-HSA-2187338_R-HSA-975634_P09455	-12.91594	0.00000	0.00000
CID_124087	R-HSA-162582_R-HSA-372790_R-HSA-388396_R-HSA-418594_R-HSA-111885_R-HSA-202040_P01189	-12.58709	0.00000	0.00000
CID_124087	R-HSA-162582_R-HSA-372790_R-HSA-388396_R-HSA-418594_R-HSA-2187338_R-HSA-2514856_R-HSA-2514859_P50579	-12.92888	0.00000	0.00000
CID_124087	R-HSA-162582_R-HSA-372790_R-HSA-388396_R-HSA-418594_R-HSA-2187338_R-HSA-2514856_R-HSA-2514859_P17252	-12.84233	0.00000	0.00000
CID_124087	R-HSA-162582_R-HSA-372790_R-HSA-388396_R-HSA-418594_R-HSA-2187338_R-HSA-2514856_R-HSA-2514859_P35913	-13.71858	0.00000	0.00000
CID_124087	R-HSA-162582_R-HSA-372790_R-HSA-388396_R-HSA-418594_R-HSA-2187338_R-HSA-2514856_R-HSA-2485179_P35913	-14.68758	0.00000	0.00000
CID_124087	R-HSA-162582_R-HSA-372790_R-HSA-500792_R-HSA-373080_R-HSA-420092_Q02643	-7.90451	0.00500	0.04608
CID_124087	R-HSA-162582_R-HSA-372790_R-HSA-500792_R-HSA-373076_R-HSA-375281_P30968	-7.61452	0.00500	0.04608
CID_124087	R-HSA-162582_R-HSA-372790_R-HSA-388396_R-HSA-397795_R-HSA-392451_O15530	-9.55041	0.00500	0.04608
CID_124087	R-HSA-162582_R-HSA-372790_R-HSA-500792_R-HSA-373076_R-HSA-375276_R-HSA-380108_P10145	-9.44891	0.00500	0.04608
CID_124087	R-HSA-162582_R-HSA-372790_R-HSA-500792_R-HSA-373076_R-HSA-375280_R-HSA-390666_P28566	-9.16530	0.00500	0.04608
CID_124087	R-HSA-162582_R-HSA-372790_R-HSA-500792_R-HSA-373076_R-HSA-391903_R-HSA-391908_P43088	-11.85087	0.00500	0.04608
CID_124087	R-HSA-162582_R-HSA-372790_R-HSA-500792_R-HSA-373076_R-HSA-391903_R-HSA-391908_P43116	-10.47545	0.00500	0.04608
CID_148124	R-HSA-1430728_R-HSA-1483249_R-HSA-1855204_P0DP23	-5.17904	0.00000	0.00000
CID_148124	R-HSA-1430728_R-HSA-71291_R-HSA-389661_Q02218	-5.19941	0.00000	0.00000
CID_148124	R-HSA-1430728_R-HSA-71291_R-HSA-389661_O14561	-6.15900	0.00000	0.00000
CID_148124	R-HSA-1430728_R-HSA-71291_R-HSA-389661_P11177	-6.23870	0.00000	0.00000
CID_148124	R-HSA-1430728_R-HSA-71291_R-HSA-70895_P54687	-5.38632	0.00000	0.00000
CID_148124	R-HSA-1430728_R-HSA-71291_R-HSA-71288_P48066	-5.40707	0.00000	0.00000
CID_148124	R-HSA-1430728_R-HSA-71291_R-HSA-70921_P50135	-5.79081	0.00000	0.00000
CID_148124	R-HSA-1430728_R-HSA-71291_R-HSA-71064_Q02218	-5.15827	0.00000	0.00000
CID_148124	R-HSA-1430728_R-HSA-163685_R-HSA-422356_R-HSA-400042_Q01668	-3.90084	0.00000	0.00000
CID_148124	R-HSA-1430728_R-HSA-163685_R-HSA-422356_R-HSA-400042_Q13936	-4.04774	0.00000	0.00000
CID_148124	R-HSA-1430728_R-HSA-163685_R-HSA-422356_R-HSA-400042_Q9NY47	-3.81862	0.00000	0.00000
CID_148124	R-HSA-1430728_R-HSA-163685_R-HSA-422356_R-HSA-400042_Q08289	-4.34268	0.00000	0.00000
CID_148124	R-HSA-1430728_R-HSA-71291_R-HSA-209776_R-HSA-209931_P17752	-6.52224	0.00000	0.00000
CID_148124	R-HSA-1430728_R-HSA-71291_R-HSA-2408522_R-HSA-2408557_P39023	-6.31805	0.00000	0.00000
CID_148124	R-HSA-1430728_R-HSA-71291_R-HSA-2408522_R-HSA-2408508_P50135	-7.64794	0.00000	0.00000
CID_148124	R-HSA-1430728_R-HSA-71291_R-HSA-2408522_R-HSA-2408508_P40261	-7.50155	0.00000	0.00000
CID_148124	R-HSA-1430728_R-HSA-71291_R-HSA-351202_R-HSA-350562_P20618	-5.89831	0.00000	0.00000
CID_148124	R-HSA-1430728_R-HSA-71291_R-HSA-351202_R-HSA-350562_P49721	-6.12471	0.00000	0.00000
CID_148124	R-HSA-1430728_R-HSA-71291_R-HSA-351202_R-HSA-350562_P28074	-5.86096	0.00000	0.00000
CID_148124	R-HSA-1430728_R-HSA-71291_R-HSA-351202_R-HSA-350562_P28062	-6.35779	0.00000	0.00000
CID_148124	R-HSA-1430728_R-HSA-71291_R-HSA-351202_R-HSA-350562_P25786	-6.39561	0.00000	0.00000
CID_148124	R-HSA-1430728_R-HSA-71291_R-HSA-351202_R-HSA-350562_Q99460	-6.35539	0.00000	0.00000
CID_148124	R-HSA-1430728_R-HSA-71291_R-HSA-351202_R-HSA-350562_Q13200	-6.42647	0.00000	0.00000
CID_148124	R-HSA-1430728_R-HSA-1428517_R-HSA-163200_R-HSA-163210_P30049	-7.48146	0.00000	0.00000
CID_148124	R-HSA-1430728_R-HSA-1428517_R-HSA-71406_R-HSA-71403_Q02218	-7.31618	0.00000	0.00000
CID_148124	R-HSA-1430728_R-HSA-196854_R-HSA-8978934_R-HSA-1474151_P0DP23	-7.05177	0.00000	0.00000
CID_148124	R-HSA-1430728_R-HSA-196854_R-HSA-8978934_R-HSA-1474151_P29474	-7.07235	0.00000	0.00000
CID_148124	R-HSA-1430728_R-HSA-196854_R-HSA-196849_R-HSA-196780_P11498	-7.66492	0.00000	0.00000
CID_148124	R-HSA-1430728_R-HSA-196854_R-HSA-196849_R-HSA-196757_P41440	-8.61380	0.00000	0.00000
CID_148124	R-HSA-1430728_R-HSA-196854_R-HSA-196849_R-HSA-196757_P34897	-9.12777	0.00000	0.00000
CID_148124	R-HSA-1430728_R-HSA-196854_R-HSA-196849_R-HSA-196757_P34896	-9.12652	0.00000	0.00000
CID_148124	R-HSA-1430728_R-HSA-71387_R-HSA-8982491_R-HSA-70221_P0DP23	-5.82719	0.00000	0.00000
CID_148124	R-HSA-1430728_R-HSA-71387_R-HSA-70326_R-HSA-70263_P11498	-7.33126	0.00000	0.00000
CID_148124	R-HSA-74160_R-HSA-73857_R-HSA-212436_R-HSA-383280_P08235	-2.51107	0.00000	0.00000
CID_148124	R-HSA-74160_R-HSA-73857_R-HSA-212436_R-HSA-383280_P06401	-1.94932	0.00000	0.00000
CID_148124	R-HSA-1430728_R-HSA-1428517_R-HSA-163200_R-HSA-611105_R-HSA-6799198_P19404	-10.94952	0.00000	0.00000
CID_148124	R-HSA-1430728_R-HSA-1428517_R-HSA-163200_R-HSA-611105_R-HSA-6799198_Q16795	-10.94882	0.00000	0.00000
CID_148124	R-HSA-1430728_R-HSA-1428517_R-HSA-163200_R-HSA-611105_R-HSA-6799198_O95182	-10.95033	0.00000	0.00000
CID_148124	R-HSA-1430728_R-HSA-1428517_R-HSA-163200_R-HSA-611105_R-HSA-6799198_P56556	-10.94913	0.00000	0.00000
CID_148124	R-HSA-1430728_R-HSA-1428517_R-HSA-163200_R-HSA-611105_R-HSA-6799198_Q16718	-10.94930	0.00000	0.00000
CID_148124	R-HSA-1430728_R-HSA-1428517_R-HSA-163200_R-HSA-611105_R-HSA-6799198_O95167	-10.94912	0.00000	0.00000
CID_148124	R-HSA-1430728_R-HSA-1428517_R-HSA-163200_R-HSA-611105_R-HSA-6799198_O43678	-10.94888	0.00000	0.00000
CID_148124	R-HSA-1430728_R-HSA-1428517_R-HSA-163200_R-HSA-611105_R-HSA-6799198_O95299	-10.94908	0.00000	0.00000
CID_148124	R-HSA-1430728_R-HSA-1428517_R-HSA-163200_R-HSA-611105_R-HSA-6799198_O14561	-10.09884	0.00000	0.00000
CID_148124	R-HSA-1430728_R-HSA-1428517_R-HSA-163200_R-HSA-611105_R-HSA-6799198_O75438	-10.94997	0.00000	0.00000
CID_148124	R-HSA-1430728_R-HSA-1428517_R-HSA-163200_R-HSA-611105_R-HSA-6799198_O95178	-10.94977	0.00000	0.00000
CID_148124	R-HSA-1430728_R-HSA-1428517_R-HSA-163200_R-HSA-611105_R-HSA-6799198_O00217	-10.94923	0.00000	0.00000
CID_148124	R-HSA-1430728_R-HSA-1428517_R-HSA-163200_R-HSA-611105_R-HSA-6799198_O43920	-10.94948	0.00000	0.00000
CID_148124	R-HSA-1430728_R-HSA-1428517_R-HSA-163200_R-HSA-611105_R-HSA-6799198_O43181	-10.94883	0.00000	0.00000
CID_148124	R-HSA-1430728_R-HSA-1428517_R-HSA-163200_R-HSA-611105_R-HSA-6799198_P49821	-10.94884	0.00000	0.00000
CID_148124	R-HSA-1430728_R-HSA-1428517_R-HSA-163200_R-HSA-611105_R-HSA-6799198_O75489	-10.94932	0.00000	0.00000
CID_148124	R-HSA-1430728_R-HSA-1428517_R-HSA-163200_R-HSA-611105_R-HSA-6799198_P56181	-10.94877	0.00000	0.00000
CID_148124	R-HSA-1430728_R-HSA-1428517_R-HSA-163200_R-HSA-611105_R-HSA-6799198_O95298	-10.94925	0.00000	0.00000
CID_148124	R-HSA-1430728_R-HSA-1428517_R-HSA-163200_R-HSA-611105_R-HSA-6799198_O43677	-10.94911	0.00000	0.00000
CID_148124	R-HSA-1430728_R-HSA-1428517_R-HSA-163200_R-HSA-611105_R-HSA-6799198_Q9Y6M9	-10.94936	0.00000	0.00000
CID_148124	R-HSA-1430728_R-HSA-1428517_R-HSA-163200_R-HSA-611105_R-HSA-6799198_O95169	-10.94950	0.00000	0.00000
CID_148124	R-HSA-1430728_R-HSA-1428517_R-HSA-163200_R-HSA-611105_R-HSA-6799198_P17568	-10.94936	0.00000	0.00000
CID_148124	R-HSA-1430728_R-HSA-1428517_R-HSA-163200_R-HSA-611105_R-HSA-6799198_O95139	-10.94943	0.00000	0.00000
CID_148124	R-HSA-1430728_R-HSA-1428517_R-HSA-163200_R-HSA-611105_R-HSA-6799198_O95168	-10.94938	0.00000	0.00000
CID_148124	R-HSA-1430728_R-HSA-1428517_R-HSA-163200_R-HSA-611105_R-HSA-6799198_O43676	-10.94897	0.00000	0.00000
CID_148124	R-HSA-1430728_R-HSA-1428517_R-HSA-71406_R-HSA-70268_R-HSA-204174_P19793	-8.94679	0.00000	0.00000
CID_148124	R-HSA-1430728_R-HSA-1428517_R-HSA-71406_R-HSA-70268_R-HSA-204174_P11177	-10.50523	0.00000	0.00000
CID_148124	R-HSA-1430728_R-HSA-202131_R-HSA-203615_P0DP23	-4.63543	0.00500	0.04608
CID_148124	R-HSA-1430728_R-HSA-202131_R-HSA-203615_P29474	-4.65601	0.00500	0.04608
CID_148124	R-HSA-1430728_R-HSA-163685_R-HSA-163765_P30613	-4.02975	0.00500	0.04608
CID_148124	R-HSA-1430728_R-HSA-163685_R-HSA-163767_P62714	-5.09717	0.00500	0.04608
CID_148124	R-HSA-1430728_R-HSA-163685_R-HSA-163767_P67775	-5.09285	0.00500	0.04608
CID_148124	R-HSA-1430728_R-HSA-15869_R-HSA-8956319_R-HSA-73621_P19971	-6.78615	0.00500	0.04608
CID_148124	R-HSA-1430728_R-HSA-15869_R-HSA-8956321_R-HSA-73614_P19971	-7.12663	0.00500	0.04608
CID_148124	R-HSA-1430728_R-HSA-163685_R-HSA-422356_R-HSA-381676_Q9BQ31	-2.84862	0.00500	0.04608
CID_148124	R-HSA-1430728_R-HSA-196854_R-HSA-196849_R-HSA-196741_Q9UBK8	-8.99621	0.00500	0.04608
CID_148124	R-HSA-1430728_R-HSA-196854_R-HSA-196849_R-HSA-196757_Q96NT5	-8.52971	0.00500	0.04608
CID_148124	R-HSA-1430728_R-HSA-71387_R-HSA-70326_R-HSA-70263_P00558	-7.57644	0.00500	0.04608
CID_148124	R-HSA-74160_R-HSA-73857_R-HSA-212436_R-HSA-383280_P48443	-3.19434	0.00500	0.04608
CID_148124	R-HSA-74160_R-HSA-73857_R-HSA-212436_R-HSA-383280_P19793	-2.50741	0.00500	0.04608
CID_148124	R-HSA-74160_R-HSA-73857_R-HSA-212436_R-HSA-383280_O75469	-2.25946	0.00500	0.04608
CID_148124	R-HSA-74160_R-HSA-73857_R-HSA-212436_R-HSA-383280_P62508	-2.69018	0.00500	0.04608
CID_148124	R-HSA-74160_R-HSA-73857_R-HSA-212436_R-HSA-383280_P10827	-3.52844	0.00500	0.04608
CID_148124	R-HSA-74160_R-HSA-73857_R-HSA-212436_R-HSA-383280_P10828	-3.53961	0.00500	0.04608
CID_148124	R-HSA-74160_R-HSA-73857_R-HSA-212436_R-HSA-383280_P51843	-2.40671	0.00500	0.04608
CID_148124	R-HSA-1430728_R-HSA-1428517_R-HSA-163200_R-HSA-611105_R-HSA-6799198_P51970	-10.95025	0.00500	0.04608
CID_148124	R-HSA-1430728_R-HSA-1428517_R-HSA-163200_R-HSA-611105_R-HSA-6799198_O15239	-10.94944	0.00500	0.04608
CID_148124	R-HSA-1430728_R-HSA-1428517_R-HSA-163200_R-HSA-611105_R-HSA-6799198_O75380	-10.94977	0.00500	0.04608
CID_148124	R-HSA-1430728_R-HSA-1428517_R-HSA-163200_R-HSA-611105_R-HSA-6799198_O75306	-10.95008	0.00500	0.04608
CID_148124	R-HSA-1430728_R-HSA-1428517_R-HSA-163200_R-HSA-611105_R-HSA-6799198_P28331	-10.94896	0.00500	0.04608
CID_148124	R-HSA-1430728_R-HSA-1428517_R-HSA-163200_R-HSA-611105_R-HSA-6799198_O96000	-10.94923	0.00500	0.04608
CID_148124	R-HSA-1430728_R-HSA-1428517_R-HSA-163200_R-HSA-611105_R-HSA-6799198_O43674	-10.94952	0.00500	0.04608
CID_148124	R-HSA-1430728_R-HSA-71387_R-HSA-70326_R-HSA-70171_R-HSA-9634600_P67775	-9.14320	0.00500	0.04608
CID_148124	R-HSA-74160_R-HSA-73857_R-HSA-212436_R-HSA-8878159_R-HSA-8941858_P20618	-4.81826	0.00500	0.04608
CID_148124	R-HSA-74160_R-HSA-73857_R-HSA-212436_R-HSA-8878159_R-HSA-8941858_P49721	-5.04466	0.00500	0.04608
CID_148124	R-HSA-74160_R-HSA-73857_R-HSA-212436_R-HSA-8878159_R-HSA-8941858_P28074	-4.78091	0.00500	0.04608
CID_148124	R-HSA-74160_R-HSA-73857_R-HSA-212436_R-HSA-8878159_R-HSA-8941858_P28062	-5.27774	0.00500	0.04608
CID_148124	R-HSA-74160_R-HSA-73857_R-HSA-212436_R-HSA-3700989_R-HSA-5633008_R-HSA-6803204_P04637	-10.20391	0.00500	0.04608
CID_148124	R-HSA-74160_R-HSA-73857_R-HSA-212436_R-HSA-3700989_R-HSA-5633008_R-HSA-6803207_P04637	-9.65498	0.00500	0.04608
CID_148124	R-HSA-74160_R-HSA-73857_R-HSA-212436_R-HSA-3700989_R-HSA-5633008_R-HSA-6803211_P04637	-9.94465	0.00500	0.04608
CID_15209	R-HSA-1430728_R-HSA-1483249_R-HSA-1855204_P0DP23	-5.52885	0.00000	0.00000
CID_15209	R-HSA-1430728_R-HSA-202131_R-HSA-203615_P29474	-5.18847	0.00000	0.00000
CID_15209	R-HSA-1430728_R-HSA-15869_R-HSA-499943_P04818	-5.69126	0.00000	0.00000
CID_15209	R-HSA-1430728_R-HSA-71291_R-HSA-389661_Q02218	-5.76612	0.00000	0.00000
CID_15209	R-HSA-1430728_R-HSA-71291_R-HSA-389661_O14561	-6.72379	0.00000	0.00000
CID_15209	R-HSA-1430728_R-HSA-71291_R-HSA-389661_P11177	-6.80372	0.00000	0.00000
CID_15209	R-HSA-1430728_R-HSA-71291_R-HSA-70895_P54687	-5.95072	0.00000	0.00000
CID_15209	R-HSA-1430728_R-HSA-71291_R-HSA-71288_P48066	-5.97042	0.00000	0.00000
CID_15209	R-HSA-1430728_R-HSA-71291_R-HSA-70921_P50135	-6.35565	0.00000	0.00000
CID_15209	R-HSA-1430728_R-HSA-71291_R-HSA-71064_Q02218	-5.72482	0.00000	0.00000
CID_15209	R-HSA-1430728_R-HSA-15869_R-HSA-8956319_R-HSA-73621_P19971	-7.43645	0.00000	0.00000
CID_15209	R-HSA-1430728_R-HSA-15869_R-HSA-8956319_R-HSA-73621_Q16831	-7.69268	0.00000	0.00000
CID_15209	R-HSA-1430728_R-HSA-15869_R-HSA-8956321_R-HSA-74217_P00813	-7.39744	0.00000	0.00000
CID_15209	R-HSA-1430728_R-HSA-15869_R-HSA-8956321_R-HSA-73614_P19971	-7.77379	0.00000	0.00000
CID_15209	R-HSA-1430728_R-HSA-15869_R-HSA-8956321_R-HSA-73614_Q16831	-8.03002	0.00000	0.00000
CID_15209	R-HSA-1430728_R-HSA-163685_R-HSA-422356_R-HSA-400042_Q01668	-4.51373	0.00000	0.00000
CID_15209	R-HSA-1430728_R-HSA-163685_R-HSA-422356_R-HSA-400042_Q13936	-4.66062	0.00000	0.00000
CID_15209	R-HSA-1430728_R-HSA-163685_R-HSA-422356_R-HSA-400042_Q9NY47	-4.43150	0.00000	0.00000
CID_15209	R-HSA-1430728_R-HSA-71291_R-HSA-209776_R-HSA-209931_P17752	-7.16844	0.00000	0.00000
CID_15209	R-HSA-1430728_R-HSA-71291_R-HSA-2408522_R-HSA-2408557_P39023	-6.96679	0.00000	0.00000
CID_15209	R-HSA-1430728_R-HSA-71291_R-HSA-2408522_R-HSA-2408508_P50135	-8.29661	0.00000	0.00000
CID_15209	R-HSA-1430728_R-HSA-71291_R-HSA-2408522_R-HSA-2408508_P40261	-8.15125	0.00000	0.00000
CID_15209	R-HSA-1430728_R-HSA-71291_R-HSA-351202_R-HSA-350562_P20618	-6.60736	0.00000	0.00000
CID_15209	R-HSA-1430728_R-HSA-71291_R-HSA-351202_R-HSA-350562_P49721	-6.81264	0.00000	0.00000
CID_15209	R-HSA-1430728_R-HSA-71291_R-HSA-351202_R-HSA-350562_P28074	-6.57319	0.00000	0.00000
CID_15209	R-HSA-1430728_R-HSA-71291_R-HSA-351202_R-HSA-350562_P28062	-6.96479	0.00000	0.00000
CID_15209	R-HSA-1430728_R-HSA-71291_R-HSA-351202_R-HSA-350562_P25786	-7.13586	0.00000	0.00000
CID_15209	R-HSA-1430728_R-HSA-71291_R-HSA-351202_R-HSA-350562_Q99460	-7.09674	0.00000	0.00000
CID_15209	R-HSA-1430728_R-HSA-71291_R-HSA-351202_R-HSA-350562_Q13200	-7.16551	0.00000	0.00000
CID_15209	R-HSA-1430728_R-HSA-1428517_R-HSA-163200_R-HSA-163210_P30049	-8.12932	0.00000	0.00000
CID_15209	R-HSA-1430728_R-HSA-1428517_R-HSA-71406_R-HSA-71403_Q02218	-7.97513	0.00000	0.00000
CID_15209	R-HSA-1430728_R-HSA-196854_R-HSA-6806667_R-HSA-975634_O95237	-9.37821	0.00000	0.00000
CID_15209	R-HSA-1430728_R-HSA-196854_R-HSA-6806667_R-HSA-975634_P02753	-9.47276	0.00000	0.00000
CID_15209	R-HSA-1430728_R-HSA-196854_R-HSA-6806667_R-HSA-975634_P50120	-9.57381	0.00000	0.00000
CID_15209	R-HSA-1430728_R-HSA-196854_R-HSA-6806667_R-HSA-975634_P09455	-9.43148	0.00000	0.00000
CID_15209	R-HSA-1430728_R-HSA-196854_R-HSA-8978934_R-HSA-1474151_P0DP23	-7.49654	0.00000	0.00000
CID_15209	R-HSA-1430728_R-HSA-196854_R-HSA-8978934_R-HSA-1474151_P29474	-7.71761	0.00000	0.00000
CID_15209	R-HSA-1430728_R-HSA-196854_R-HSA-196849_R-HSA-196741_P33527	-9.48362	0.00000	0.00000
CID_15209	R-HSA-1430728_R-HSA-196854_R-HSA-196849_R-HSA-196741_Q9UBK8	-10.57995	0.00000	0.00000
CID_15209	R-HSA-1430728_R-HSA-196854_R-HSA-196849_R-HSA-196741_O60494	-10.46335	0.00000	0.00000
CID_15209	R-HSA-1430728_R-HSA-196854_R-HSA-196849_R-HSA-196780_P11498	-8.32669	0.00000	0.00000
CID_15209	R-HSA-1430728_R-HSA-196854_R-HSA-196849_R-HSA-196780_Q9Y289	-10.71054	0.00000	0.00000
CID_15209	R-HSA-1430728_R-HSA-196854_R-HSA-196849_R-HSA-196757_Q96NT5	-9.18837	0.00000	0.00000
CID_15209	R-HSA-1430728_R-HSA-196854_R-HSA-196849_R-HSA-196757_P41440	-9.27248	0.00000	0.00000
CID_15209	R-HSA-1430728_R-HSA-196854_R-HSA-196849_R-HSA-196757_P34897	-9.78643	0.00000	0.00000
CID_15209	R-HSA-1430728_R-HSA-196854_R-HSA-196849_R-HSA-196757_P34896	-9.78518	0.00000	0.00000
CID_15209	R-HSA-1430728_R-HSA-196854_R-HSA-196849_R-HSA-196836_P78417	-8.45089	0.00000	0.00000
CID_15209	R-HSA-1430728_R-HSA-196854_R-HSA-196849_R-HSA-196836_Q9UHI7	-8.25541	0.00000	0.00000
CID_15209	R-HSA-1430728_R-HSA-71387_R-HSA-8982491_R-HSA-70221_P0DP23	-6.27390	0.00000	0.00000
CID_15209	R-HSA-1430728_R-HSA-71387_R-HSA-70326_R-HSA-70263_P11498	-8.00200	0.00000	0.00000
CID_15209	R-HSA-74160_R-HSA-73857_R-HSA-212436_R-HSA-350054_Q9UBN7	-4.65114	0.00000	0.00000
CID_15209	R-HSA-74160_R-HSA-73857_R-HSA-212436_R-HSA-383280_P04150	-1.83712	0.00000	0.00000
CID_15209	R-HSA-74160_R-HSA-73857_R-HSA-212436_R-HSA-383280_P10275	-2.68286	0.00000	0.00000
CID_15209	R-HSA-74160_R-HSA-73857_R-HSA-212436_R-HSA-383280_P08235	-2.47501	0.00000	0.00000
CID_15209	R-HSA-74160_R-HSA-73857_R-HSA-212436_R-HSA-383280_P03372	-2.88523	0.00000	0.00000
CID_15209	R-HSA-74160_R-HSA-73857_R-HSA-212436_R-HSA-383280_P48443	-3.08147	0.00000	0.00000
CID_15209	R-HSA-74160_R-HSA-73857_R-HSA-212436_R-HSA-383280_P19793	-2.45398	0.00000	0.00000
CID_15209	R-HSA-74160_R-HSA-73857_R-HSA-212436_R-HSA-383280_P06401	-2.33355	0.00000	0.00000
CID_15209	R-HSA-74160_R-HSA-73857_R-HSA-212436_R-HSA-383280_P62508	-2.54773	0.00000	0.00000
CID_15209	R-HSA-74160_R-HSA-73857_R-HSA-212436_R-HSA-383280_P10827	-3.44133	0.00000	0.00000
CID_15209	R-HSA-74160_R-HSA-73857_R-HSA-212436_R-HSA-383280_P10828	-3.43862	0.00000	0.00000
CID_15209	R-HSA-74160_R-HSA-73857_R-HSA-212436_R-HSA-383280_P51843	-2.34526	0.00000	0.00000
CID_15209	R-HSA-74160_R-HSA-73857_R-HSA-212436_R-HSA-383280_O75376	-2.67247	0.00000	0.00000
CID_15209	R-HSA-1430728_R-HSA-1428517_R-HSA-163200_R-HSA-611105_R-HSA-6799198_P19404	-11.67715	0.00000	0.00000
CID_15209	R-HSA-1430728_R-HSA-1428517_R-HSA-163200_R-HSA-611105_R-HSA-6799198_Q16795	-11.67644	0.00000	0.00000
CID_15209	R-HSA-1430728_R-HSA-1428517_R-HSA-163200_R-HSA-611105_R-HSA-6799198_P51970	-11.67787	0.00000	0.00000
CID_15209	R-HSA-1430728_R-HSA-1428517_R-HSA-163200_R-HSA-611105_R-HSA-6799198_O95182	-11.67796	0.00000	0.00000
CID_15209	R-HSA-1430728_R-HSA-1428517_R-HSA-163200_R-HSA-611105_R-HSA-6799198_P56556	-11.67675	0.00000	0.00000
CID_15209	R-HSA-1430728_R-HSA-1428517_R-HSA-163200_R-HSA-611105_R-HSA-6799198_Q16718	-11.67692	0.00000	0.00000
CID_15209	R-HSA-1430728_R-HSA-1428517_R-HSA-163200_R-HSA-611105_R-HSA-6799198_O95167	-11.67675	0.00000	0.00000
CID_15209	R-HSA-1430728_R-HSA-1428517_R-HSA-163200_R-HSA-611105_R-HSA-6799198_O43678	-11.67651	0.00000	0.00000
CID_15209	R-HSA-1430728_R-HSA-1428517_R-HSA-163200_R-HSA-611105_R-HSA-6799198_O15239	-11.67707	0.00000	0.00000
CID_15209	R-HSA-1430728_R-HSA-1428517_R-HSA-163200_R-HSA-611105_R-HSA-6799198_O95299	-11.67670	0.00000	0.00000
CID_15209	R-HSA-1430728_R-HSA-1428517_R-HSA-163200_R-HSA-611105_R-HSA-6799198_O14561	-10.82793	0.00000	0.00000
CID_15209	R-HSA-1430728_R-HSA-1428517_R-HSA-163200_R-HSA-611105_R-HSA-6799198_O75438	-11.67760	0.00000	0.00000
CID_15209	R-HSA-1430728_R-HSA-1428517_R-HSA-163200_R-HSA-611105_R-HSA-6799198_O95178	-11.67740	0.00000	0.00000
CID_15209	R-HSA-1430728_R-HSA-1428517_R-HSA-163200_R-HSA-611105_R-HSA-6799198_O00217	-11.67686	0.00000	0.00000
CID_15209	R-HSA-1430728_R-HSA-1428517_R-HSA-163200_R-HSA-611105_R-HSA-6799198_O75380	-11.67739	0.00000	0.00000
CID_15209	R-HSA-1430728_R-HSA-1428517_R-HSA-163200_R-HSA-611105_R-HSA-6799198_O43920	-11.67710	0.00000	0.00000
CID_15209	R-HSA-1430728_R-HSA-1428517_R-HSA-163200_R-HSA-611105_R-HSA-6799198_O43181	-11.67646	0.00000	0.00000
CID_15209	R-HSA-1430728_R-HSA-1428517_R-HSA-163200_R-HSA-611105_R-HSA-6799198_P49821	-11.67647	0.00000	0.00000
CID_15209	R-HSA-1430728_R-HSA-1428517_R-HSA-163200_R-HSA-611105_R-HSA-6799198_O75489	-11.67694	0.00000	0.00000
CID_15209	R-HSA-1430728_R-HSA-1428517_R-HSA-163200_R-HSA-611105_R-HSA-6799198_O75306	-11.67771	0.00000	0.00000
CID_15209	R-HSA-1430728_R-HSA-1428517_R-HSA-163200_R-HSA-611105_R-HSA-6799198_P56181	-11.67640	0.00000	0.00000
CID_15209	R-HSA-1430728_R-HSA-1428517_R-HSA-163200_R-HSA-611105_R-HSA-6799198_P28331	-11.67659	0.00000	0.00000
CID_15209	R-HSA-1430728_R-HSA-1428517_R-HSA-163200_R-HSA-611105_R-HSA-6799198_O95298	-11.67688	0.00000	0.00000
CID_15209	R-HSA-1430728_R-HSA-1428517_R-HSA-163200_R-HSA-611105_R-HSA-6799198_O43677	-11.67673	0.00000	0.00000
CID_15209	R-HSA-1430728_R-HSA-1428517_R-HSA-163200_R-HSA-611105_R-HSA-6799198_O96000	-11.67685	0.00000	0.00000
CID_15209	R-HSA-1430728_R-HSA-1428517_R-HSA-163200_R-HSA-611105_R-HSA-6799198_Q9Y6M9	-11.67698	0.00000	0.00000
CID_15209	R-HSA-1430728_R-HSA-1428517_R-HSA-163200_R-HSA-611105_R-HSA-6799198_O95169	-11.67712	0.00000	0.00000
CID_15209	R-HSA-1430728_R-HSA-1428517_R-HSA-163200_R-HSA-611105_R-HSA-6799198_P17568	-11.67699	0.00000	0.00000
CID_15209	R-HSA-1430728_R-HSA-1428517_R-HSA-163200_R-HSA-611105_R-HSA-6799198_O95139	-11.67706	0.00000	0.00000
CID_15209	R-HSA-1430728_R-HSA-1428517_R-HSA-163200_R-HSA-611105_R-HSA-6799198_O43674	-11.67715	0.00000	0.00000
CID_15209	R-HSA-1430728_R-HSA-1428517_R-HSA-163200_R-HSA-611105_R-HSA-6799198_O95168	-11.67700	0.00000	0.00000
CID_15209	R-HSA-1430728_R-HSA-1428517_R-HSA-163200_R-HSA-611105_R-HSA-6799198_O43676	-11.67659	0.00000	0.00000
CID_15209	R-HSA-1430728_R-HSA-1428517_R-HSA-71406_R-HSA-70268_R-HSA-204174_P19793	-9.80872	0.00000	0.00000
CID_15209	R-HSA-1430728_R-HSA-196854_R-HSA-196849_R-HSA-196807_R-HSA-197264_P40261	-9.93015	0.00000	0.00000
CID_15209	R-HSA-1430728_R-HSA-196854_R-HSA-196849_R-HSA-196807_R-HSA-197264_Q16647	-10.11074	0.00000	0.00000
CID_15209	R-HSA-74160_R-HSA-73857_R-HSA-212436_R-HSA-8878159_R-HSA-8941858_P20618	-4.46323	0.00000	0.00000
CID_15209	R-HSA-74160_R-HSA-73857_R-HSA-212436_R-HSA-8878159_R-HSA-8941858_P49721	-4.66852	0.00000	0.00000
CID_15209	R-HSA-74160_R-HSA-73857_R-HSA-212436_R-HSA-8878159_R-HSA-8941858_P28074	-4.42906	0.00000	0.00000
CID_15209	R-HSA-74160_R-HSA-73857_R-HSA-212436_R-HSA-8878159_R-HSA-8941858_P28062	-4.82067	0.00000	0.00000
CID_15209	R-HSA-74160_R-HSA-73857_R-HSA-212436_R-HSA-9614085_R-HSA-9617629_Q96EB6	-6.87138	0.00000	0.00000
CID_15209	R-HSA-74160_R-HSA-73857_R-HSA-212436_R-HSA-8878166_R-HSA-8939902_P03372	-4.52003	0.00000	0.00000
CID_15209	R-HSA-74160_R-HSA-73857_R-HSA-212436_R-HSA-8878166_R-HSA-8939902_P20618	-4.07767	0.00000	0.00000
CID_15209	R-HSA-74160_R-HSA-73857_R-HSA-212436_R-HSA-8878166_R-HSA-8939902_P49721	-4.28295	0.00000	0.00000
CID_15209	R-HSA-74160_R-HSA-73857_R-HSA-212436_R-HSA-8878166_R-HSA-8939902_P28074	-4.04349	0.00000	0.00000
CID_15209	R-HSA-74160_R-HSA-73857_R-HSA-212436_R-HSA-8878166_R-HSA-8939902_P28062	-4.43510	0.00000	0.00000
CID_15209	R-HSA-74160_R-HSA-73857_R-HSA-212436_R-HSA-3700989_R-HSA-5633008_R-HSA-6803204_P04637	-11.26034	0.00000	0.00000
CID_15209	R-HSA-1430728_R-HSA-202131_R-HSA-203615_P0DP23	-4.96740	0.00500	0.04608
CID_15209	R-HSA-1430728_R-HSA-163685_R-HSA-163767_P62714	-5.67911	0.00500	0.04608
CID_15209	R-HSA-1430728_R-HSA-163685_R-HSA-422356_R-HSA-400042_Q08289	-4.95556	0.00500	0.04608
CID_15209	R-HSA-1430728_R-HSA-163685_R-HSA-422356_R-HSA-381676_Q9BQ31	-3.46225	0.00500	0.04608
CID_15209	R-HSA-74160_R-HSA-73857_R-HSA-212436_R-HSA-350054_O75376	-3.99057	0.00500	0.04608
CID_15209	R-HSA-1430728_R-HSA-1428517_R-HSA-71406_R-HSA-70268_R-HSA-204174_P11177	-11.24694	0.00500	0.04608
CID_15209	R-HSA-1430728_R-HSA-71387_R-HSA-70326_R-HSA-70171_R-HSA-9634600_P62714	-9.91983	0.00500	0.04608
CID_15209	R-HSA-1430728_R-HSA-71387_R-HSA-70326_R-HSA-70171_R-HSA-9634600_P67775	-10.22130	0.00500	0.04608
CID_15209	R-HSA-74160_R-HSA-73857_R-HSA-212436_R-HSA-8878159_R-HSA-8941855_P04637	-5.29916	0.00500	0.04608
CID_15209	R-HSA-74160_R-HSA-73857_R-HSA-212436_R-HSA-8878159_R-HSA-8941858_P25786	-4.99174	0.00500	0.04608
CID_15209	R-HSA-74160_R-HSA-73857_R-HSA-212436_R-HSA-8878159_R-HSA-8941858_Q99460	-4.95262	0.00500	0.04608
CID_15209	R-HSA-74160_R-HSA-73857_R-HSA-212436_R-HSA-8878159_R-HSA-8941858_Q13200	-5.02139	0.00500	0.04608
CID_15209	R-HSA-74160_R-HSA-73857_R-HSA-212436_R-HSA-8878171_R-HSA-8939236_P20618	-6.16436	0.00500	0.04608
CID_15209	R-HSA-74160_R-HSA-73857_R-HSA-212436_R-HSA-8878171_R-HSA-8939236_P49721	-6.36964	0.00500	0.04608
CID_15209	R-HSA-74160_R-HSA-73857_R-HSA-212436_R-HSA-8878171_R-HSA-8939236_P28074	-6.13019	0.00500	0.04608
CID_15209	R-HSA-74160_R-HSA-73857_R-HSA-212436_R-HSA-8878171_R-HSA-8939236_P28062	-6.52179	0.00500	0.04608
CID_15209	R-HSA-74160_R-HSA-73857_R-HSA-212436_R-HSA-8878171_R-HSA-8931987_P03372	-6.41487	0.00500	0.04608
CID_15209	R-HSA-74160_R-HSA-73857_R-HSA-212436_R-HSA-8878166_R-HSA-8939902_P04150	-3.47192	0.00500	0.04608
CID_15209	R-HSA-74160_R-HSA-73857_R-HSA-212436_R-HSA-8878166_R-HSA-8939902_P25786	-4.60617	0.00500	0.04608
CID_15209	R-HSA-74160_R-HSA-73857_R-HSA-212436_R-HSA-8878166_R-HSA-8939902_Q99460	-4.56705	0.00500	0.04608
CID_15209	R-HSA-74160_R-HSA-73857_R-HSA-212436_R-HSA-8878166_R-HSA-8939902_Q13200	-4.63582	0.00500	0.04608
CID_15209	R-HSA-74160_R-HSA-73857_R-HSA-212436_R-HSA-8878166_R-HSA-8941326_R-HSA-8940973_Q9UBN7	-8.04610	0.00500	0.04608
CID_15209	R-HSA-74160_R-HSA-73857_R-HSA-212436_R-HSA-3700989_R-HSA-5633008_R-HSA-6803207_P04637	-10.71141	0.00500	0.04608
CID_15209	R-HSA-74160_R-HSA-73857_R-HSA-212436_R-HSA-3700989_R-HSA-5633008_R-HSA-6803211_P04637	-11.00108	0.00500	0.04608
CID_15209	R-HSA-74160_R-HSA-73857_R-HSA-212436_R-HSA-3700989_R-HSA-6791312_R-HSA-6804115_P04637	-7.51113	0.00500	0.04608
CID_153994	R-HSA-1430728_R-HSA-1475029_Q8N1Q1	-1.94997	0.00000	0.00000
CID_153994	R-HSA-1430728_R-HSA-1483249_R-HSA-1855204_P0DP23	-3.04302	0.00000	0.00000
CID_153994	R-HSA-1430728_R-HSA-202131_R-HSA-203615_P0DP23	-2.52579	0.00000	0.00000
CID_153994	R-HSA-1430728_R-HSA-202131_R-HSA-203615_P29474	-2.18948	0.00000	0.00000
CID_153994	R-HSA-1430728_R-HSA-15869_R-HSA-499943_P04818	-2.61408	0.00000	0.00000
CID_153994	R-HSA-1430728_R-HSA-163685_R-HSA-163680_O43741	-2.27730	0.00000	0.00000
CID_153994	R-HSA-1430728_R-HSA-163685_R-HSA-163765_P30613	-0.88907	0.00000	0.00000
CID_153994	R-HSA-1430728_R-HSA-163685_R-HSA-163767_P62714	-1.57050	0.00000	0.00000
CID_153994	R-HSA-1430728_R-HSA-163685_R-HSA-163767_P67775	-1.25888	0.00000	0.00000
CID_153994	R-HSA-1430728_R-HSA-71291_R-HSA-389661_Q02218	-2.67162	0.00000	0.00000
CID_153994	R-HSA-1430728_R-HSA-71291_R-HSA-389661_O14561	-3.63403	0.00000	0.00000
CID_153994	R-HSA-1430728_R-HSA-71291_R-HSA-389661_P11177	-3.71388	0.00000	0.00000
CID_153994	R-HSA-1430728_R-HSA-71291_R-HSA-70895_P54687	-2.86113	0.00000	0.00000
CID_153994	R-HSA-1430728_R-HSA-71291_R-HSA-71288_P48066	-2.88392	0.00000	0.00000
CID_153994	R-HSA-1430728_R-HSA-71291_R-HSA-70921_P50135	-3.26598	0.00000	0.00000
CID_153994	R-HSA-1430728_R-HSA-71291_R-HSA-71064_Q02218	-2.63037	0.00000	0.00000
CID_153994	R-HSA-1430728_R-HSA-15869_R-HSA-8956319_R-HSA-73621_P19971	-3.77154	0.00000	0.00000
CID_153994	R-HSA-1430728_R-HSA-15869_R-HSA-8956319_R-HSA-73621_Q16831	-4.02772	0.00000	0.00000
CID_153994	R-HSA-1430728_R-HSA-15869_R-HSA-8956321_R-HSA-74217_P00813	-3.74276	0.00000	0.00000
CID_153994	R-HSA-1430728_R-HSA-15869_R-HSA-8956321_R-HSA-73614_P19971	-4.11579	0.00000	0.00000
CID_153994	R-HSA-1430728_R-HSA-15869_R-HSA-8956321_R-HSA-73614_Q16831	-4.37197	0.00000	0.00000
CID_153994	R-HSA-1430728_R-HSA-163685_R-HSA-422356_R-HSA-400042_Q01668	2.68667	0.00000	0.00000
CID_153994	R-HSA-1430728_R-HSA-163685_R-HSA-422356_R-HSA-400042_Q13936	2.57587	0.00000	0.00000
CID_153994	R-HSA-1430728_R-HSA-163685_R-HSA-422356_R-HSA-381676_Q9BQ31	1.40628	0.00000	0.00000
CID_153994	R-HSA-1430728_R-HSA-71291_R-HSA-209776_R-HSA-209931_P17752	-3.49816	0.00000	0.00000
CID_153994	R-HSA-1430728_R-HSA-71291_R-HSA-2408522_R-HSA-2408557_P39023	-3.29088	0.00000	0.00000
CID_153994	R-HSA-1430728_R-HSA-71291_R-HSA-2408522_R-HSA-2408508_P50135	-4.62118	0.00000	0.00000
CID_153994	R-HSA-1430728_R-HSA-71291_R-HSA-2408522_R-HSA-2408508_P40261	-4.47241	0.00000	0.00000
CID_153994	R-HSA-1430728_R-HSA-71291_R-HSA-351202_R-HSA-350562_P20618	-3.19887	0.00000	0.00000
CID_153994	R-HSA-1430728_R-HSA-71291_R-HSA-351202_R-HSA-350562_P49721	-3.45500	0.00000	0.00000
CID_153994	R-HSA-1430728_R-HSA-71291_R-HSA-351202_R-HSA-350562_P28074	-3.16100	0.00000	0.00000
CID_153994	R-HSA-1430728_R-HSA-71291_R-HSA-351202_R-HSA-350562_P28062	-3.78945	0.00000	0.00000
CID_153994	R-HSA-1430728_R-HSA-71291_R-HSA-351202_R-HSA-350562_P25786	-3.63160	0.00000	0.00000
CID_153994	R-HSA-1430728_R-HSA-71291_R-HSA-351202_R-HSA-350562_Q99460	-3.59337	0.00000	0.00000
CID_153994	R-HSA-1430728_R-HSA-71291_R-HSA-351202_R-HSA-350562_Q13200	-3.65994	0.00000	0.00000
CID_153994	R-HSA-1430728_R-HSA-1428517_R-HSA-163200_R-HSA-163210_P30049	-4.44368	0.00000	0.00000
CID_153994	R-HSA-1430728_R-HSA-1428517_R-HSA-71406_R-HSA-71403_Q02218	-4.27070	0.00000	0.00000
CID_153994	R-HSA-1430728_R-HSA-196854_R-HSA-8978934_R-HSA-1474151_P0DP23	-4.39325	0.00000	0.00000
CID_153994	R-HSA-1430728_R-HSA-196854_R-HSA-8978934_R-HSA-1474151_P29474	-4.05694	0.00000	0.00000
CID_153994	R-HSA-1430728_R-HSA-196854_R-HSA-196849_R-HSA-196741_P33527	-5.74351	0.00000	0.00000
CID_153994	R-HSA-1430728_R-HSA-196854_R-HSA-196849_R-HSA-196741_Q9UBK8	-6.42488	0.00000	0.00000
CID_153994	R-HSA-1430728_R-HSA-196854_R-HSA-196849_R-HSA-196741_O60494	-6.76834	0.00000	0.00000
CID_153994	R-HSA-1430728_R-HSA-196854_R-HSA-196849_R-HSA-196780_P05165	-10.33849	0.00000	0.00000
CID_153994	R-HSA-1430728_R-HSA-196854_R-HSA-196849_R-HSA-196780_P11498	-4.62668	0.00000	0.00000
CID_153994	R-HSA-1430728_R-HSA-196854_R-HSA-196849_R-HSA-196780_Q9Y289	-7.01558	0.00000	0.00000
CID_153994	R-HSA-1430728_R-HSA-196854_R-HSA-196849_R-HSA-196757_Q96NT5	-5.49333	0.00000	0.00000
CID_153994	R-HSA-1430728_R-HSA-196854_R-HSA-196849_R-HSA-196757_P41440	-5.57739	0.00000	0.00000
CID_153994	R-HSA-1430728_R-HSA-196854_R-HSA-196849_R-HSA-196757_P34897	-6.09140	0.00000	0.00000
CID_153994	R-HSA-1430728_R-HSA-196854_R-HSA-196849_R-HSA-196757_P34896	-6.09015	0.00000	0.00000
CID_153994	R-HSA-1430728_R-HSA-196854_R-HSA-196849_R-HSA-196836_P78417	-4.74219	0.00000	0.00000
CID_153994	R-HSA-1430728_R-HSA-196854_R-HSA-196849_R-HSA-196836_Q9UHI7	-4.56045	0.00000	0.00000
CID_153994	R-HSA-1430728_R-HSA-71387_R-HSA-8982491_R-HSA-70221_P0DP23	-3.17150	0.00000	0.00000
CID_153994	R-HSA-1430728_R-HSA-71387_R-HSA-8982491_R-HSA-70221_P06737	-5.43302	0.00000	0.00000
CID_153994	R-HSA-1430728_R-HSA-71387_R-HSA-70326_R-HSA-70263_P11498	-4.28406	0.00000	0.00000
CID_153994	R-HSA-1430728_R-HSA-71387_R-HSA-70326_R-HSA-70263_P00558	-4.52745	0.00000	0.00000
CID_153994	R-HSA-1430728_R-HSA-1428517_R-HSA-163200_R-HSA-611105_R-HSA-6799198_P19404	-7.41289	0.00000	0.00000
CID_153994	R-HSA-1430728_R-HSA-1428517_R-HSA-163200_R-HSA-611105_R-HSA-6799198_Q16795	-7.41218	0.00000	0.00000
CID_153994	R-HSA-1430728_R-HSA-1428517_R-HSA-163200_R-HSA-611105_R-HSA-6799198_P51970	-7.41362	0.00000	0.00000
CID_153994	R-HSA-1430728_R-HSA-1428517_R-HSA-163200_R-HSA-611105_R-HSA-6799198_O95182	-7.41370	0.00000	0.00000
CID_153994	R-HSA-1430728_R-HSA-1428517_R-HSA-163200_R-HSA-611105_R-HSA-6799198_P56556	-7.41249	0.00000	0.00000
CID_153994	R-HSA-1430728_R-HSA-1428517_R-HSA-163200_R-HSA-611105_R-HSA-6799198_Q16718	-7.41266	0.00000	0.00000
CID_153994	R-HSA-1430728_R-HSA-1428517_R-HSA-163200_R-HSA-611105_R-HSA-6799198_O95167	-7.41248	0.00000	0.00000
CID_153994	R-HSA-1430728_R-HSA-1428517_R-HSA-163200_R-HSA-611105_R-HSA-6799198_O43678	-7.41225	0.00000	0.00000
CID_153994	R-HSA-1430728_R-HSA-1428517_R-HSA-163200_R-HSA-611105_R-HSA-6799198_O15239	-7.41281	0.00000	0.00000
CID_153994	R-HSA-1430728_R-HSA-1428517_R-HSA-163200_R-HSA-611105_R-HSA-6799198_O95299	-7.41244	0.00000	0.00000
CID_153994	R-HSA-1430728_R-HSA-1428517_R-HSA-163200_R-HSA-611105_R-HSA-6799198_O14561	-6.56318	0.00000	0.00000
CID_153994	R-HSA-1430728_R-HSA-1428517_R-HSA-163200_R-HSA-611105_R-HSA-6799198_O75438	-7.41334	0.00000	0.00000
CID_153994	R-HSA-1430728_R-HSA-1428517_R-HSA-163200_R-HSA-611105_R-HSA-6799198_O95178	-7.41314	0.00000	0.00000
CID_153994	R-HSA-1430728_R-HSA-1428517_R-HSA-163200_R-HSA-611105_R-HSA-6799198_O00217	-7.41259	0.00000	0.00000
CID_153994	R-HSA-1430728_R-HSA-1428517_R-HSA-163200_R-HSA-611105_R-HSA-6799198_O75380	-7.41313	0.00000	0.00000
CID_153994	R-HSA-1430728_R-HSA-1428517_R-HSA-163200_R-HSA-611105_R-HSA-6799198_O43920	-7.41284	0.00000	0.00000
CID_153994	R-HSA-1430728_R-HSA-1428517_R-HSA-163200_R-HSA-611105_R-HSA-6799198_O43181	-7.41220	0.00000	0.00000
CID_153994	R-HSA-1430728_R-HSA-1428517_R-HSA-163200_R-HSA-611105_R-HSA-6799198_P49821	-7.41220	0.00000	0.00000
CID_153994	R-HSA-1430728_R-HSA-1428517_R-HSA-163200_R-HSA-611105_R-HSA-6799198_O75489	-7.41268	0.00000	0.00000
CID_153994	R-HSA-1430728_R-HSA-1428517_R-HSA-163200_R-HSA-611105_R-HSA-6799198_O75306	-7.41345	0.00000	0.00000
CID_153994	R-HSA-1430728_R-HSA-1428517_R-HSA-163200_R-HSA-611105_R-HSA-6799198_P56181	-7.41214	0.00000	0.00000
CID_153994	R-HSA-1430728_R-HSA-1428517_R-HSA-163200_R-HSA-611105_R-HSA-6799198_P28331	-7.41232	0.00000	0.00000
CID_153994	R-HSA-1430728_R-HSA-1428517_R-HSA-163200_R-HSA-611105_R-HSA-6799198_O95298	-7.41262	0.00000	0.00000
CID_153994	R-HSA-1430728_R-HSA-1428517_R-HSA-163200_R-HSA-611105_R-HSA-6799198_O43677	-7.41247	0.00000	0.00000
CID_153994	R-HSA-1430728_R-HSA-1428517_R-HSA-163200_R-HSA-611105_R-HSA-6799198_O96000	-7.41259	0.00000	0.00000
CID_153994	R-HSA-1430728_R-HSA-1428517_R-HSA-163200_R-HSA-611105_R-HSA-6799198_Q9Y6M9	-7.41272	0.00000	0.00000
CID_153994	R-HSA-1430728_R-HSA-1428517_R-HSA-163200_R-HSA-611105_R-HSA-6799198_O95169	-7.41286	0.00000	0.00000
CID_153994	R-HSA-1430728_R-HSA-1428517_R-HSA-163200_R-HSA-611105_R-HSA-6799198_P17568	-7.41273	0.00000	0.00000
CID_153994	R-HSA-1430728_R-HSA-1428517_R-HSA-163200_R-HSA-611105_R-HSA-6799198_O95139	-7.41280	0.00000	0.00000
CID_153994	R-HSA-1430728_R-HSA-1428517_R-HSA-163200_R-HSA-611105_R-HSA-6799198_O43674	-7.41289	0.00000	0.00000
CID_153994	R-HSA-1430728_R-HSA-1428517_R-HSA-163200_R-HSA-611105_R-HSA-6799198_O95168	-7.41274	0.00000	0.00000
CID_153994	R-HSA-1430728_R-HSA-1428517_R-HSA-163200_R-HSA-611105_R-HSA-6799198_O43676	-7.41233	0.00000	0.00000
CID_153994	R-HSA-1430728_R-HSA-1428517_R-HSA-71406_R-HSA-70268_R-HSA-204174_P19793	-5.67616	0.00000	0.00000
CID_153994	R-HSA-1430728_R-HSA-1428517_R-HSA-71406_R-HSA-70268_R-HSA-204174_P11177	-6.95829	0.00000	0.00000
CID_153994	R-HSA-1430728_R-HSA-196854_R-HSA-196849_R-HSA-196807_R-HSA-197264_P40261	-5.64746	0.00000	0.00000
CID_153994	R-HSA-1430728_R-HSA-196854_R-HSA-196849_R-HSA-196807_R-HSA-197264_Q16647	-5.82638	0.00000	0.00000
CID_153994	R-HSA-1430728_R-HSA-71387_R-HSA-70326_R-HSA-70171_R-HSA-9634600_P67775	-5.28230	0.00000	0.00000
CID_153994	R-HSA-1430728_R-HSA-71387_R-HSA-70326_R-HSA-70171_R-HSA-9634600_P62714	-5.59391	0.00500	0.04608
CID_16051942	R-HSA-1430728_R-HSA-1483249_R-HSA-1855204_P0DP23	-5.52885	0.00000	0.00000
CID_16051942	R-HSA-1430728_R-HSA-202131_R-HSA-203615_P29474	-5.18847	0.00000	0.00000
CID_16051942	R-HSA-1430728_R-HSA-15869_R-HSA-499943_P04818	-5.69126	0.00000	0.00000
CID_16051942	R-HSA-1430728_R-HSA-71291_R-HSA-389661_Q02218	-5.76612	0.00000	0.00000
CID_16051942	R-HSA-1430728_R-HSA-71291_R-HSA-389661_O14561	-6.72379	0.00000	0.00000
CID_16051942	R-HSA-1430728_R-HSA-71291_R-HSA-389661_P11177	-6.80372	0.00000	0.00000
CID_16051942	R-HSA-1430728_R-HSA-71291_R-HSA-70895_P54687	-5.95072	0.00000	0.00000
CID_16051942	R-HSA-1430728_R-HSA-71291_R-HSA-71288_P48066	-5.97042	0.00000	0.00000
CID_16051942	R-HSA-1430728_R-HSA-71291_R-HSA-70921_P50135	-6.35565	0.00000	0.00000
CID_16051942	R-HSA-1430728_R-HSA-71291_R-HSA-71064_Q02218	-5.72482	0.00000	0.00000
CID_16051942	R-HSA-1430728_R-HSA-15869_R-HSA-8956319_R-HSA-73621_P19971	-7.43645	0.00000	0.00000
CID_16051942	R-HSA-1430728_R-HSA-15869_R-HSA-8956319_R-HSA-73621_Q16831	-7.69268	0.00000	0.00000
CID_16051942	R-HSA-1430728_R-HSA-15869_R-HSA-8956321_R-HSA-74217_P00813	-7.39744	0.00000	0.00000
CID_16051942	R-HSA-1430728_R-HSA-15869_R-HSA-8956321_R-HSA-73614_P19971	-7.77379	0.00000	0.00000
CID_16051942	R-HSA-1430728_R-HSA-15869_R-HSA-8956321_R-HSA-73614_Q16831	-8.03002	0.00000	0.00000
CID_16051942	R-HSA-1430728_R-HSA-163685_R-HSA-422356_R-HSA-400042_Q01668	-4.51373	0.00000	0.00000
CID_16051942	R-HSA-1430728_R-HSA-163685_R-HSA-422356_R-HSA-400042_Q13936	-4.66062	0.00000	0.00000
CID_16051942	R-HSA-1430728_R-HSA-163685_R-HSA-422356_R-HSA-400042_Q9NY47	-4.43150	0.00000	0.00000
CID_16051942	R-HSA-1430728_R-HSA-71291_R-HSA-209776_R-HSA-209931_P17752	-7.16844	0.00000	0.00000
CID_16051942	R-HSA-1430728_R-HSA-71291_R-HSA-2408522_R-HSA-2408557_P39023	-6.96679	0.00000	0.00000
CID_16051942	R-HSA-1430728_R-HSA-71291_R-HSA-2408522_R-HSA-2408508_P50135	-8.29661	0.00000	0.00000
CID_16051942	R-HSA-1430728_R-HSA-71291_R-HSA-2408522_R-HSA-2408508_P40261	-8.15125	0.00000	0.00000
CID_16051942	R-HSA-1430728_R-HSA-71291_R-HSA-351202_R-HSA-350562_P20618	-6.60736	0.00000	0.00000
CID_16051942	R-HSA-1430728_R-HSA-71291_R-HSA-351202_R-HSA-350562_P49721	-6.81264	0.00000	0.00000
CID_16051942	R-HSA-1430728_R-HSA-71291_R-HSA-351202_R-HSA-350562_P28074	-6.57319	0.00000	0.00000
CID_16051942	R-HSA-1430728_R-HSA-71291_R-HSA-351202_R-HSA-350562_P28062	-6.96479	0.00000	0.00000
CID_16051942	R-HSA-1430728_R-HSA-71291_R-HSA-351202_R-HSA-350562_P25786	-7.13586	0.00000	0.00000
CID_16051942	R-HSA-1430728_R-HSA-71291_R-HSA-351202_R-HSA-350562_Q99460	-7.09674	0.00000	0.00000
CID_16051942	R-HSA-1430728_R-HSA-71291_R-HSA-351202_R-HSA-350562_Q13200	-7.16551	0.00000	0.00000
CID_16051942	R-HSA-1430728_R-HSA-1428517_R-HSA-163200_R-HSA-163210_P30049	-8.12932	0.00000	0.00000
CID_16051942	R-HSA-1430728_R-HSA-1428517_R-HSA-71406_R-HSA-71403_Q02218	-7.97513	0.00000	0.00000
CID_16051942	R-HSA-1430728_R-HSA-196854_R-HSA-6806667_R-HSA-975634_O95237	-9.37821	0.00000	0.00000
CID_16051942	R-HSA-1430728_R-HSA-196854_R-HSA-6806667_R-HSA-975634_P02753	-9.47276	0.00000	0.00000
CID_16051942	R-HSA-1430728_R-HSA-196854_R-HSA-6806667_R-HSA-975634_P50120	-9.57381	0.00000	0.00000
CID_16051942	R-HSA-1430728_R-HSA-196854_R-HSA-6806667_R-HSA-975634_P09455	-9.43148	0.00000	0.00000
CID_16051942	R-HSA-1430728_R-HSA-196854_R-HSA-8978934_R-HSA-1474151_P0DP23	-7.49654	0.00000	0.00000
CID_16051942	R-HSA-1430728_R-HSA-196854_R-HSA-8978934_R-HSA-1474151_P29474	-7.71761	0.00000	0.00000
CID_16051942	R-HSA-1430728_R-HSA-196854_R-HSA-196849_R-HSA-196741_P33527	-9.48362	0.00000	0.00000
CID_16051942	R-HSA-1430728_R-HSA-196854_R-HSA-196849_R-HSA-196741_Q9UBK8	-10.57995	0.00000	0.00000
CID_16051942	R-HSA-1430728_R-HSA-196854_R-HSA-196849_R-HSA-196741_O60494	-10.46335	0.00000	0.00000
CID_16051942	R-HSA-1430728_R-HSA-196854_R-HSA-196849_R-HSA-196780_P11498	-8.32669	0.00000	0.00000
CID_16051942	R-HSA-1430728_R-HSA-196854_R-HSA-196849_R-HSA-196780_Q9Y289	-10.71054	0.00000	0.00000
CID_16051942	R-HSA-1430728_R-HSA-196854_R-HSA-196849_R-HSA-196757_Q96NT5	-9.18837	0.00000	0.00000
CID_16051942	R-HSA-1430728_R-HSA-196854_R-HSA-196849_R-HSA-196757_P41440	-9.27248	0.00000	0.00000
CID_16051942	R-HSA-1430728_R-HSA-196854_R-HSA-196849_R-HSA-196757_P34897	-9.78643	0.00000	0.00000
CID_16051942	R-HSA-1430728_R-HSA-196854_R-HSA-196849_R-HSA-196757_P34896	-9.78518	0.00000	0.00000
CID_16051942	R-HSA-1430728_R-HSA-196854_R-HSA-196849_R-HSA-196836_P78417	-8.45089	0.00000	0.00000
CID_16051942	R-HSA-1430728_R-HSA-196854_R-HSA-196849_R-HSA-196836_Q9UHI7	-8.25541	0.00000	0.00000
CID_16051942	R-HSA-1430728_R-HSA-71387_R-HSA-8982491_R-HSA-70221_P0DP23	-6.27390	0.00000	0.00000
CID_16051942	R-HSA-1430728_R-HSA-71387_R-HSA-70326_R-HSA-70263_P11498	-8.00200	0.00000	0.00000
CID_16051942	R-HSA-74160_R-HSA-73857_R-HSA-212436_R-HSA-350054_Q9UBN7	-4.65114	0.00000	0.00000
CID_16051942	R-HSA-74160_R-HSA-73857_R-HSA-212436_R-HSA-383280_P04150	-1.83712	0.00000	0.00000
CID_16051942	R-HSA-74160_R-HSA-73857_R-HSA-212436_R-HSA-383280_P10275	-2.68286	0.00000	0.00000
CID_16051942	R-HSA-74160_R-HSA-73857_R-HSA-212436_R-HSA-383280_P08235	-2.47501	0.00000	0.00000
CID_16051942	R-HSA-74160_R-HSA-73857_R-HSA-212436_R-HSA-383280_P03372	-2.88523	0.00000	0.00000
CID_16051942	R-HSA-74160_R-HSA-73857_R-HSA-212436_R-HSA-383280_P48443	-3.08147	0.00000	0.00000
CID_16051942	R-HSA-74160_R-HSA-73857_R-HSA-212436_R-HSA-383280_P19793	-2.45398	0.00000	0.00000
CID_16051942	R-HSA-74160_R-HSA-73857_R-HSA-212436_R-HSA-383280_P06401	-2.33355	0.00000	0.00000
CID_16051942	R-HSA-74160_R-HSA-73857_R-HSA-212436_R-HSA-383280_P62508	-2.54773	0.00000	0.00000
CID_16051942	R-HSA-74160_R-HSA-73857_R-HSA-212436_R-HSA-383280_P10827	-3.44133	0.00000	0.00000
CID_16051942	R-HSA-74160_R-HSA-73857_R-HSA-212436_R-HSA-383280_P10828	-3.43862	0.00000	0.00000
CID_16051942	R-HSA-74160_R-HSA-73857_R-HSA-212436_R-HSA-383280_P51843	-2.34526	0.00000	0.00000
CID_16051942	R-HSA-74160_R-HSA-73857_R-HSA-212436_R-HSA-383280_O75376	-2.67247	0.00000	0.00000
CID_16051942	R-HSA-1430728_R-HSA-1428517_R-HSA-163200_R-HSA-611105_R-HSA-6799198_P19404	-11.67715	0.00000	0.00000
CID_16051942	R-HSA-1430728_R-HSA-1428517_R-HSA-163200_R-HSA-611105_R-HSA-6799198_Q16795	-11.67644	0.00000	0.00000
CID_16051942	R-HSA-1430728_R-HSA-1428517_R-HSA-163200_R-HSA-611105_R-HSA-6799198_P51970	-11.67787	0.00000	0.00000
CID_16051942	R-HSA-1430728_R-HSA-1428517_R-HSA-163200_R-HSA-611105_R-HSA-6799198_O95182	-11.67796	0.00000	0.00000
CID_16051942	R-HSA-1430728_R-HSA-1428517_R-HSA-163200_R-HSA-611105_R-HSA-6799198_P56556	-11.67675	0.00000	0.00000
CID_16051942	R-HSA-1430728_R-HSA-1428517_R-HSA-163200_R-HSA-611105_R-HSA-6799198_Q16718	-11.67692	0.00000	0.00000
CID_16051942	R-HSA-1430728_R-HSA-1428517_R-HSA-163200_R-HSA-611105_R-HSA-6799198_O95167	-11.67675	0.00000	0.00000
CID_16051942	R-HSA-1430728_R-HSA-1428517_R-HSA-163200_R-HSA-611105_R-HSA-6799198_O43678	-11.67651	0.00000	0.00000
CID_16051942	R-HSA-1430728_R-HSA-1428517_R-HSA-163200_R-HSA-611105_R-HSA-6799198_O15239	-11.67707	0.00000	0.00000
CID_16051942	R-HSA-1430728_R-HSA-1428517_R-HSA-163200_R-HSA-611105_R-HSA-6799198_O95299	-11.67670	0.00000	0.00000
CID_16051942	R-HSA-1430728_R-HSA-1428517_R-HSA-163200_R-HSA-611105_R-HSA-6799198_O14561	-10.82793	0.00000	0.00000
CID_16051942	R-HSA-1430728_R-HSA-1428517_R-HSA-163200_R-HSA-611105_R-HSA-6799198_O75438	-11.67760	0.00000	0.00000
CID_16051942	R-HSA-1430728_R-HSA-1428517_R-HSA-163200_R-HSA-611105_R-HSA-6799198_O95178	-11.67740	0.00000	0.00000
CID_16051942	R-HSA-1430728_R-HSA-1428517_R-HSA-163200_R-HSA-611105_R-HSA-6799198_O00217	-11.67686	0.00000	0.00000
CID_16051942	R-HSA-1430728_R-HSA-1428517_R-HSA-163200_R-HSA-611105_R-HSA-6799198_O75380	-11.67739	0.00000	0.00000
CID_16051942	R-HSA-1430728_R-HSA-1428517_R-HSA-163200_R-HSA-611105_R-HSA-6799198_O43920	-11.67710	0.00000	0.00000
CID_16051942	R-HSA-1430728_R-HSA-1428517_R-HSA-163200_R-HSA-611105_R-HSA-6799198_O43181	-11.67646	0.00000	0.00000
CID_16051942	R-HSA-1430728_R-HSA-1428517_R-HSA-163200_R-HSA-611105_R-HSA-6799198_P49821	-11.67647	0.00000	0.00000
CID_16051942	R-HSA-1430728_R-HSA-1428517_R-HSA-163200_R-HSA-611105_R-HSA-6799198_O75489	-11.67694	0.00000	0.00000
CID_16051942	R-HSA-1430728_R-HSA-1428517_R-HSA-163200_R-HSA-611105_R-HSA-6799198_O75306	-11.67771	0.00000	0.00000
CID_16051942	R-HSA-1430728_R-HSA-1428517_R-HSA-163200_R-HSA-611105_R-HSA-6799198_P56181	-11.67640	0.00000	0.00000
CID_16051942	R-HSA-1430728_R-HSA-1428517_R-HSA-163200_R-HSA-611105_R-HSA-6799198_P28331	-11.67659	0.00000	0.00000
CID_16051942	R-HSA-1430728_R-HSA-1428517_R-HSA-163200_R-HSA-611105_R-HSA-6799198_O95298	-11.67688	0.00000	0.00000
CID_16051942	R-HSA-1430728_R-HSA-1428517_R-HSA-163200_R-HSA-611105_R-HSA-6799198_O43677	-11.67673	0.00000	0.00000
CID_16051942	R-HSA-1430728_R-HSA-1428517_R-HSA-163200_R-HSA-611105_R-HSA-6799198_O96000	-11.67685	0.00000	0.00000
CID_16051942	R-HSA-1430728_R-HSA-1428517_R-HSA-163200_R-HSA-611105_R-HSA-6799198_Q9Y6M9	-11.67698	0.00000	0.00000
CID_16051942	R-HSA-1430728_R-HSA-1428517_R-HSA-163200_R-HSA-611105_R-HSA-6799198_O95169	-11.67712	0.00000	0.00000
CID_16051942	R-HSA-1430728_R-HSA-1428517_R-HSA-163200_R-HSA-611105_R-HSA-6799198_P17568	-11.67699	0.00000	0.00000
CID_16051942	R-HSA-1430728_R-HSA-1428517_R-HSA-163200_R-HSA-611105_R-HSA-6799198_O95139	-11.67706	0.00000	0.00000
CID_16051942	R-HSA-1430728_R-HSA-1428517_R-HSA-163200_R-HSA-611105_R-HSA-6799198_O43674	-11.67715	0.00000	0.00000
CID_16051942	R-HSA-1430728_R-HSA-1428517_R-HSA-163200_R-HSA-611105_R-HSA-6799198_O95168	-11.67700	0.00000	0.00000
CID_16051942	R-HSA-1430728_R-HSA-1428517_R-HSA-163200_R-HSA-611105_R-HSA-6799198_O43676	-11.67659	0.00000	0.00000
CID_16051942	R-HSA-1430728_R-HSA-1428517_R-HSA-71406_R-HSA-70268_R-HSA-204174_P19793	-9.80872	0.00000	0.00000
CID_16051942	R-HSA-1430728_R-HSA-196854_R-HSA-196849_R-HSA-196807_R-HSA-197264_P40261	-9.93015	0.00000	0.00000
CID_16051942	R-HSA-1430728_R-HSA-196854_R-HSA-196849_R-HSA-196807_R-HSA-197264_Q16647	-10.11074	0.00000	0.00000
CID_16051942	R-HSA-74160_R-HSA-73857_R-HSA-212436_R-HSA-8878159_R-HSA-8941858_P20618	-4.46323	0.00000	0.00000
CID_16051942	R-HSA-74160_R-HSA-73857_R-HSA-212436_R-HSA-8878159_R-HSA-8941858_P49721	-4.66852	0.00000	0.00000
CID_16051942	R-HSA-74160_R-HSA-73857_R-HSA-212436_R-HSA-8878159_R-HSA-8941858_P28074	-4.42906	0.00000	0.00000
CID_16051942	R-HSA-74160_R-HSA-73857_R-HSA-212436_R-HSA-8878159_R-HSA-8941858_P28062	-4.82067	0.00000	0.00000
CID_16051942	R-HSA-74160_R-HSA-73857_R-HSA-212436_R-HSA-9614085_R-HSA-9617629_Q96EB6	-6.87138	0.00000	0.00000
CID_16051942	R-HSA-74160_R-HSA-73857_R-HSA-212436_R-HSA-8878166_R-HSA-8939902_P03372	-4.52003	0.00000	0.00000
CID_16051942	R-HSA-74160_R-HSA-73857_R-HSA-212436_R-HSA-8878166_R-HSA-8939902_P20618	-4.07767	0.00000	0.00000
CID_16051942	R-HSA-74160_R-HSA-73857_R-HSA-212436_R-HSA-8878166_R-HSA-8939902_P49721	-4.28295	0.00000	0.00000
CID_16051942	R-HSA-74160_R-HSA-73857_R-HSA-212436_R-HSA-8878166_R-HSA-8939902_P28074	-4.04349	0.00000	0.00000
CID_16051942	R-HSA-74160_R-HSA-73857_R-HSA-212436_R-HSA-8878166_R-HSA-8939902_P28062	-4.43510	0.00000	0.00000
CID_16051942	R-HSA-74160_R-HSA-73857_R-HSA-212436_R-HSA-3700989_R-HSA-5633008_R-HSA-6803204_P04637	-11.26034	0.00000	0.00000
CID_16051942	R-HSA-1430728_R-HSA-202131_R-HSA-203615_P0DP23	-4.96740	0.00500	0.04608
CID_16051942	R-HSA-1430728_R-HSA-163685_R-HSA-163767_P62714	-5.67911	0.00500	0.04608
CID_16051942	R-HSA-1430728_R-HSA-163685_R-HSA-422356_R-HSA-400042_Q08289	-4.95556	0.00500	0.04608
CID_16051942	R-HSA-1430728_R-HSA-163685_R-HSA-422356_R-HSA-381676_Q9BQ31	-3.46225	0.00500	0.04608
CID_16051942	R-HSA-74160_R-HSA-73857_R-HSA-212436_R-HSA-350054_O75376	-3.99057	0.00500	0.04608
CID_16051942	R-HSA-1430728_R-HSA-1428517_R-HSA-71406_R-HSA-70268_R-HSA-204174_P11177	-11.24694	0.00500	0.04608
CID_16051942	R-HSA-1430728_R-HSA-71387_R-HSA-70326_R-HSA-70171_R-HSA-9634600_P62714	-9.91983	0.00500	0.04608
CID_16051942	R-HSA-1430728_R-HSA-71387_R-HSA-70326_R-HSA-70171_R-HSA-9634600_P67775	-10.22130	0.00500	0.04608
CID_16051942	R-HSA-74160_R-HSA-73857_R-HSA-212436_R-HSA-8878159_R-HSA-8941855_P04637	-5.29916	0.00500	0.04608
CID_16051942	R-HSA-74160_R-HSA-73857_R-HSA-212436_R-HSA-8878159_R-HSA-8941858_P25786	-4.99174	0.00500	0.04608
CID_16051942	R-HSA-74160_R-HSA-73857_R-HSA-212436_R-HSA-8878159_R-HSA-8941858_Q99460	-4.95262	0.00500	0.04608
CID_16051942	R-HSA-74160_R-HSA-73857_R-HSA-212436_R-HSA-8878159_R-HSA-8941858_Q13200	-5.02139	0.00500	0.04608
CID_16051942	R-HSA-74160_R-HSA-73857_R-HSA-212436_R-HSA-8878171_R-HSA-8939236_P20618	-6.16436	0.00500	0.04608
CID_16051942	R-HSA-74160_R-HSA-73857_R-HSA-212436_R-HSA-8878171_R-HSA-8939236_P49721	-6.36964	0.00500	0.04608
CID_16051942	R-HSA-74160_R-HSA-73857_R-HSA-212436_R-HSA-8878171_R-HSA-8939236_P28074	-6.13019	0.00500	0.04608
CID_16051942	R-HSA-74160_R-HSA-73857_R-HSA-212436_R-HSA-8878171_R-HSA-8939236_P28062	-6.52179	0.00500	0.04608
CID_16051942	R-HSA-74160_R-HSA-73857_R-HSA-212436_R-HSA-8878171_R-HSA-8931987_P03372	-6.41487	0.00500	0.04608
CID_16051942	R-HSA-74160_R-HSA-73857_R-HSA-212436_R-HSA-8878166_R-HSA-8939902_P04150	-3.47192	0.00500	0.04608
CID_16051942	R-HSA-74160_R-HSA-73857_R-HSA-212436_R-HSA-8878166_R-HSA-8939902_P25786	-4.60617	0.00500	0.04608
CID_16051942	R-HSA-74160_R-HSA-73857_R-HSA-212436_R-HSA-8878166_R-HSA-8939902_Q99460	-4.56705	0.00500	0.04608
CID_16051942	R-HSA-74160_R-HSA-73857_R-HSA-212436_R-HSA-8878166_R-HSA-8939902_Q13200	-4.63582	0.00500	0.04608
CID_16051942	R-HSA-74160_R-HSA-73857_R-HSA-212436_R-HSA-8878166_R-HSA-8941326_R-HSA-8940973_Q9UBN7	-8.04610	0.00500	0.04608
CID_16051942	R-HSA-74160_R-HSA-73857_R-HSA-212436_R-HSA-3700989_R-HSA-5633008_R-HSA-6803207_P04637	-10.71141	0.00500	0.04608
CID_16051942	R-HSA-74160_R-HSA-73857_R-HSA-212436_R-HSA-3700989_R-HSA-5633008_R-HSA-6803211_P04637	-11.00108	0.00500	0.04608
CID_16051942	R-HSA-74160_R-HSA-73857_R-HSA-212436_R-HSA-3700989_R-HSA-6791312_R-HSA-6804115_P04637	-7.51113	0.00500	0.04608
CID_16362	R-HSA-1430728_R-HSA-1483249_R-HSA-1855204_P0DP23	-4.15022	0.00000	0.00000
CID_16362	R-HSA-1430728_R-HSA-202131_R-HSA-203615_P0DP23	-3.38688	0.00000	0.00000
CID_16362	R-HSA-1430728_R-HSA-163685_R-HSA-163767_P62714	-4.94503	0.00000	0.00000
CID_16362	R-HSA-1430728_R-HSA-71291_R-HSA-389661_P11177	-6.09213	0.00000	0.00000
CID_16362	R-HSA-1430728_R-HSA-71291_R-HSA-71064_Q02218	-5.01253	0.00000	0.00000
CID_16362	R-HSA-1430728_R-HSA-163685_R-HSA-422356_R-HSA-400042_Q01668	-3.67020	0.00000	0.00000
CID_16362	R-HSA-1430728_R-HSA-163685_R-HSA-422356_R-HSA-400042_Q13936	-3.81709	0.00000	0.00000
CID_16362	R-HSA-1430728_R-HSA-163685_R-HSA-422356_R-HSA-400042_Q9NY47	-3.58797	0.00000	0.00000
CID_16362	R-HSA-1430728_R-HSA-163685_R-HSA-422356_R-HSA-400042_Q08289	-4.11203	0.00000	0.00000
CID_16362	R-HSA-1430728_R-HSA-71291_R-HSA-351202_R-HSA-350562_P20618	-5.63597	0.00000	0.00000
CID_16362	R-HSA-1430728_R-HSA-71291_R-HSA-351202_R-HSA-350562_P49721	-5.86502	0.00000	0.00000
CID_16362	R-HSA-1430728_R-HSA-71291_R-HSA-351202_R-HSA-350562_P28074	-5.60002	0.00000	0.00000
CID_16362	R-HSA-1430728_R-HSA-71291_R-HSA-351202_R-HSA-350562_P28062	-6.09910	0.00000	0.00000
CID_16362	R-HSA-1430728_R-HSA-71291_R-HSA-351202_R-HSA-350562_P25786	-6.14643	0.00000	0.00000
CID_16362	R-HSA-1430728_R-HSA-71291_R-HSA-351202_R-HSA-350562_Q99460	-6.10438	0.00000	0.00000
CID_16362	R-HSA-1430728_R-HSA-71291_R-HSA-351202_R-HSA-350562_Q13200	-6.17878	0.00000	0.00000
CID_16362	R-HSA-1430728_R-HSA-196854_R-HSA-6806667_R-HSA-975634_P02753	-8.47928	0.00000	0.00000
CID_16362	R-HSA-1430728_R-HSA-196854_R-HSA-6806667_R-HSA-975634_P09455	-8.43074	0.00000	0.00000
CID_16362	R-HSA-1430728_R-HSA-196854_R-HSA-8978934_R-HSA-1474151_P0DP23	-6.73854	0.00000	0.00000
CID_16362	R-HSA-1430728_R-HSA-71387_R-HSA-8982491_R-HSA-70221_P06737	-6.71087	0.00000	0.00000
CID_16362	R-HSA-1430728_R-HSA-1428517_R-HSA-163200_R-HSA-611105_R-HSA-6799198_P51970	-10.67434	0.00000	0.00000
CID_16362	R-HSA-1430728_R-HSA-1428517_R-HSA-163200_R-HSA-611105_R-HSA-6799198_P17568	-10.67346	0.00000	0.00000
CID_16362	R-HSA-1430728_R-HSA-1428517_R-HSA-71406_R-HSA-70268_R-HSA-204174_P19793	-8.90312	0.00000	0.00000
CID_16362	R-HSA-1430728_R-HSA-1428517_R-HSA-71406_R-HSA-70268_R-HSA-204174_P11177	-10.23764	0.00000	0.00000
CID_16362	R-HSA-1430728_R-HSA-196854_R-HSA-196849_R-HSA-196807_R-HSA-197264_Q16647	-9.12683	0.00000	0.00000
CID_16362	R-HSA-1430728_R-HSA-71387_R-HSA-70326_R-HSA-70171_R-HSA-9634600_P67775	-9.27123	0.00000	0.00000
CID_16362	R-HSA-74160_R-HSA-73857_R-HSA-212436_R-HSA-8878159_R-HSA-8941858_P20618	-5.22447	0.00000	0.00000
CID_16362	R-HSA-74160_R-HSA-73857_R-HSA-212436_R-HSA-8878159_R-HSA-8941858_P49721	-5.45351	0.00000	0.00000
CID_16362	R-HSA-74160_R-HSA-73857_R-HSA-212436_R-HSA-8878159_R-HSA-8941858_P28074	-5.18851	0.00000	0.00000
CID_16362	R-HSA-74160_R-HSA-73857_R-HSA-212436_R-HSA-8878159_R-HSA-8941858_P28062	-5.68760	0.00000	0.00000
CID_16362	R-HSA-74160_R-HSA-73857_R-HSA-212436_R-HSA-8878159_R-HSA-8941858_P25786	-5.73492	0.00000	0.00000
CID_16362	R-HSA-74160_R-HSA-73857_R-HSA-212436_R-HSA-8878159_R-HSA-8941858_Q99460	-5.69288	0.00000	0.00000
CID_16362	R-HSA-74160_R-HSA-73857_R-HSA-212436_R-HSA-8878159_R-HSA-8941858_Q13200	-5.76727	0.00000	0.00000
CID_16362	R-HSA-74160_R-HSA-73857_R-HSA-212436_R-HSA-8986944_R-HSA-9022692_P0DP23	-3.11329	0.00000	0.00000
CID_16362	R-HSA-74160_R-HSA-73857_R-HSA-212436_R-HSA-8986944_R-HSA-9022702_P61278	-6.54509	0.00000	0.00000
CID_16362	R-HSA-74160_R-HSA-73857_R-HSA-212436_R-HSA-3700989_R-HSA-5633008_R-HSA-6803204_P04637	-10.32053	0.00000	0.00000
CID_16362	R-HSA-74160_R-HSA-73857_R-HSA-212436_R-HSA-3700989_R-HSA-5633008_R-HSA-6803207_P04637	-9.77160	0.00000	0.00000
CID_16362	R-HSA-74160_R-HSA-73857_R-HSA-212436_R-HSA-3700989_R-HSA-5633008_R-HSA-6803211_P04637	-10.06127	0.00000	0.00000
CID_16362	R-HSA-1430728_R-HSA-163685_R-HSA-163765_P30613	-3.87006	0.00500	0.04608
CID_16362	R-HSA-1430728_R-HSA-163685_R-HSA-163767_P67775	-5.31715	0.00500	0.04608
CID_16362	R-HSA-1430728_R-HSA-71291_R-HSA-389661_Q02218	-5.05376	0.00500	0.04608
CID_16362	R-HSA-1430728_R-HSA-71291_R-HSA-389661_O14561	-6.01228	0.00500	0.04608
CID_16362	R-HSA-1430728_R-HSA-71291_R-HSA-70895_P54687	-5.23934	0.00500	0.04608
CID_16362	R-HSA-1430728_R-HSA-71291_R-HSA-71288_P48066	-5.25948	0.00500	0.04608
CID_16362	R-HSA-1430728_R-HSA-71291_R-HSA-70921_P50135	-5.64418	0.00500	0.04608
CID_16362	R-HSA-1430728_R-HSA-15869_R-HSA-8956319_R-HSA-73621_P19971	-6.57747	0.00500	0.04608
CID_16362	R-HSA-1430728_R-HSA-15869_R-HSA-8956319_R-HSA-73621_Q16831	-6.83369	0.00500	0.04608
CID_16362	R-HSA-1430728_R-HSA-15869_R-HSA-8956321_R-HSA-73614_P19971	-6.91603	0.00500	0.04608
CID_16362	R-HSA-1430728_R-HSA-15869_R-HSA-8956321_R-HSA-73614_Q16831	-7.17225	0.00500	0.04608
CID_16362	R-HSA-1430728_R-HSA-163685_R-HSA-422356_R-HSA-381676_Q9BQ31	-2.61838	0.00500	0.04608
CID_16362	R-HSA-1430728_R-HSA-71291_R-HSA-209776_R-HSA-209931_P17752	-6.31117	0.00500	0.04608
CID_16362	R-HSA-1430728_R-HSA-71291_R-HSA-2408522_R-HSA-2408557_P39023	-6.10850	0.00500	0.04608
CID_16362	R-HSA-1430728_R-HSA-71291_R-HSA-2408522_R-HSA-2408508_P50135	-7.43838	0.00500	0.04608
CID_16362	R-HSA-1430728_R-HSA-71291_R-HSA-2408522_R-HSA-2408508_P40261	-7.28924	0.00500	0.04608
CID_16362	R-HSA-1430728_R-HSA-1428517_R-HSA-163200_R-HSA-163210_P30049	-7.27093	0.00500	0.04608
CID_16362	R-HSA-1430728_R-HSA-1428517_R-HSA-71406_R-HSA-71403_Q02218	-7.11213	0.00500	0.04608
CID_16362	R-HSA-1430728_R-HSA-196854_R-HSA-6806667_R-HSA-975634_O95237	-8.38307	0.00500	0.04608
CID_16362	R-HSA-1430728_R-HSA-196854_R-HSA-6806667_R-HSA-975634_P50120	-8.60575	0.00500	0.04608
CID_16362	R-HSA-1430728_R-HSA-196854_R-HSA-8978934_R-HSA-1474151_P29474	-8.60734	0.00500	0.04608
CID_16362	R-HSA-1430728_R-HSA-196854_R-HSA-196849_R-HSA-196741_P33527	-8.64317	0.00500	0.04608
CID_16362	R-HSA-1430728_R-HSA-196854_R-HSA-196849_R-HSA-196741_O60494	-9.63206	0.00500	0.04608
CID_16362	R-HSA-1430728_R-HSA-196854_R-HSA-196849_R-HSA-196780_P11498	-7.48679	0.00500	0.04608
CID_16362	R-HSA-1430728_R-HSA-196854_R-HSA-196849_R-HSA-196780_Q9Y289	-9.87929	0.00500	0.04608
CID_16362	R-HSA-1430728_R-HSA-196854_R-HSA-196849_R-HSA-196757_Q96NT5	-8.35713	0.00500	0.04608
CID_16362	R-HSA-1430728_R-HSA-196854_R-HSA-196849_R-HSA-196757_P41440	-8.44124	0.00500	0.04608
CID_16362	R-HSA-1430728_R-HSA-196854_R-HSA-196849_R-HSA-196836_P78417	-7.61675	0.00500	0.04608
CID_16362	R-HSA-1430728_R-HSA-196854_R-HSA-196849_R-HSA-196836_Q9UHI7	-7.42427	0.00500	0.04608
CID_16362	R-HSA-74160_R-HSA-73857_R-HSA-212436_R-HSA-383280_P51843	-5.12106	0.00500	0.04608
CID_16362	R-HSA-1430728_R-HSA-1428517_R-HSA-163200_R-HSA-611105_R-HSA-6799198_P19404	-10.67362	0.00500	0.04608
CID_16362	R-HSA-1430728_R-HSA-1428517_R-HSA-163200_R-HSA-611105_R-HSA-6799198_Q16795	-10.67291	0.00500	0.04608
CID_16362	R-HSA-1430728_R-HSA-1428517_R-HSA-163200_R-HSA-611105_R-HSA-6799198_O95182	-10.67443	0.00500	0.04608
CID_16362	R-HSA-1430728_R-HSA-1428517_R-HSA-163200_R-HSA-611105_R-HSA-6799198_P56556	-10.67322	0.00500	0.04608
CID_16362	R-HSA-1430728_R-HSA-1428517_R-HSA-163200_R-HSA-611105_R-HSA-6799198_Q16718	-10.67339	0.00500	0.04608
CID_16362	R-HSA-1430728_R-HSA-1428517_R-HSA-163200_R-HSA-611105_R-HSA-6799198_O95167	-10.67321	0.00500	0.04608
CID_16362	R-HSA-1430728_R-HSA-1428517_R-HSA-163200_R-HSA-611105_R-HSA-6799198_O43678	-10.67298	0.00500	0.04608
CID_16362	R-HSA-1430728_R-HSA-1428517_R-HSA-163200_R-HSA-611105_R-HSA-6799198_O15239	-10.67354	0.00500	0.04608
CID_16362	R-HSA-1430728_R-HSA-1428517_R-HSA-163200_R-HSA-611105_R-HSA-6799198_O95299	-10.67317	0.00500	0.04608
CID_16362	R-HSA-1430728_R-HSA-1428517_R-HSA-163200_R-HSA-611105_R-HSA-6799198_O14561	-9.82389	0.00500	0.04608
CID_16362	R-HSA-1430728_R-HSA-1428517_R-HSA-163200_R-HSA-611105_R-HSA-6799198_O75438	-10.67407	0.00500	0.04608
CID_16362	R-HSA-1430728_R-HSA-1428517_R-HSA-163200_R-HSA-611105_R-HSA-6799198_O95178	-10.67387	0.00500	0.04608
CID_16362	R-HSA-1430728_R-HSA-1428517_R-HSA-163200_R-HSA-611105_R-HSA-6799198_O00217	-10.67333	0.00500	0.04608
CID_16362	R-HSA-1430728_R-HSA-1428517_R-HSA-163200_R-HSA-611105_R-HSA-6799198_O75380	-10.67386	0.00500	0.04608
CID_16362	R-HSA-1430728_R-HSA-1428517_R-HSA-163200_R-HSA-611105_R-HSA-6799198_O43920	-10.67357	0.00500	0.04608
CID_16362	R-HSA-1430728_R-HSA-1428517_R-HSA-163200_R-HSA-611105_R-HSA-6799198_O43181	-10.67293	0.00500	0.04608
CID_16362	R-HSA-1430728_R-HSA-1428517_R-HSA-163200_R-HSA-611105_R-HSA-6799198_P49821	-10.67293	0.00500	0.04608
CID_16362	R-HSA-1430728_R-HSA-1428517_R-HSA-163200_R-HSA-611105_R-HSA-6799198_O75489	-10.67341	0.00500	0.04608
CID_16362	R-HSA-1430728_R-HSA-1428517_R-HSA-163200_R-HSA-611105_R-HSA-6799198_O75306	-10.67418	0.00500	0.04608
CID_16362	R-HSA-1430728_R-HSA-1428517_R-HSA-163200_R-HSA-611105_R-HSA-6799198_P56181	-10.67287	0.00500	0.04608
CID_16362	R-HSA-1430728_R-HSA-1428517_R-HSA-163200_R-HSA-611105_R-HSA-6799198_P28331	-10.67305	0.00500	0.04608
CID_16362	R-HSA-1430728_R-HSA-1428517_R-HSA-163200_R-HSA-611105_R-HSA-6799198_O95298	-10.67335	0.00500	0.04608
CID_16362	R-HSA-1430728_R-HSA-1428517_R-HSA-163200_R-HSA-611105_R-HSA-6799198_O43677	-10.67320	0.00500	0.04608
CID_16362	R-HSA-1430728_R-HSA-1428517_R-HSA-163200_R-HSA-611105_R-HSA-6799198_O96000	-10.67332	0.00500	0.04608
CID_16362	R-HSA-1430728_R-HSA-1428517_R-HSA-163200_R-HSA-611105_R-HSA-6799198_Q9Y6M9	-10.67345	0.00500	0.04608
CID_16362	R-HSA-1430728_R-HSA-1428517_R-HSA-163200_R-HSA-611105_R-HSA-6799198_O95169	-10.67359	0.00500	0.04608
CID_16362	R-HSA-1430728_R-HSA-1428517_R-HSA-163200_R-HSA-611105_R-HSA-6799198_O95139	-10.67352	0.00500	0.04608
CID_16362	R-HSA-1430728_R-HSA-1428517_R-HSA-163200_R-HSA-611105_R-HSA-6799198_O43674	-10.67362	0.00500	0.04608
CID_16362	R-HSA-1430728_R-HSA-1428517_R-HSA-163200_R-HSA-611105_R-HSA-6799198_O95168	-10.67347	0.00500	0.04608
CID_16362	R-HSA-1430728_R-HSA-1428517_R-HSA-163200_R-HSA-611105_R-HSA-6799198_O43676	-10.67306	0.00500	0.04608
CID_16362	R-HSA-1430728_R-HSA-71387_R-HSA-70326_R-HSA-70171_R-HSA-9634600_P62714	-8.89910	0.00500	0.04608
CID_16362	R-HSA-74160_R-HSA-73857_R-HSA-212436_R-HSA-8878159_R-HSA-8941855_P04637	-6.17567	0.00500	0.04608
CID_16362	R-HSA-74160_R-HSA-73857_R-HSA-212436_R-HSA-8878159_R-HSA-8941858_P12931	-5.85572	0.00500	0.04608
CID_164739	R-HSA-162582_R-HSA-2586552_P40763	-3.90901	0.00000	0.00000
CID_164739	R-HSA-162582_R-HSA-5358351_R-HSA-5632684_R-HSA-5635838_Q99835	-7.51290	0.00000	0.00000
CID_164739	R-HSA-162582_R-HSA-9006931_R-HSA-8939211_R-HSA-9018519_P03372	-5.59349	0.00000	0.00000
CID_164739	R-HSA-162582_R-HSA-9006931_R-HSA-8939211_R-HSA-9018519_Q15303	-5.84875	0.00000	0.00000
CID_164739	R-HSA-162582_R-HSA-9006931_R-HSA-8939211_R-HSA-9018519_P10415	-6.53584	0.00000	0.00000
CID_164739	R-HSA-162582_R-HSA-372790_R-HSA-388396_R-HSA-418597_P05771	-5.79041	0.00000	0.00000
CID_164739	R-HSA-162582_R-HSA-372790_R-HSA-388396_R-HSA-418597_P17252	-5.72467	0.00000	0.00000
CID_164739	R-HSA-74160_R-HSA-73857_R-HSA-212436_R-HSA-8864260_R-HSA-8866910_P03372	-6.17479	0.00000	0.00000
CID_164739	R-HSA-74160_R-HSA-73857_R-HSA-212436_R-HSA-8878159_R-HSA-8951936_P56524	-4.80519	0.00000	0.00000
CID_164739	R-HSA-74160_R-HSA-73857_R-HSA-212436_R-HSA-9614085_R-HSA-9615017_P04150	-4.87093	0.00000	0.00000
CID_164739	R-HSA-74160_R-HSA-73857_R-HSA-212436_R-HSA-8878166_R-HSA-8939902_P04150	-4.33163	0.00000	0.00000
CID_164739	R-HSA-74160_R-HSA-73857_R-HSA-212436_R-HSA-8878166_R-HSA-8939902_P03372	-4.26435	0.00000	0.00000
CID_164739	R-HSA-74160_R-HSA-73857_R-HSA-212436_R-HSA-8878166_R-HSA-8939902_P11474	-4.35637	0.00000	0.00000
CID_164739	R-HSA-162582_R-HSA-372790_R-HSA-500792_R-HSA-373080_R-HSA-420092_Q02643	-3.56836	0.00000	0.00000
CID_164739	R-HSA-162582_R-HSA-372790_R-HSA-500792_R-HSA-373076_R-HSA-375281_P30968	-2.72490	0.00000	0.00000
CID_164739	R-HSA-162582_R-HSA-372790_R-HSA-388396_R-HSA-397795_R-HSA-392451_O15530	-7.54067	0.00000	0.00000
CID_164739	R-HSA-74160_R-HSA-73857_R-HSA-212436_R-HSA-8878166_R-HSA-8941326_R-HSA-8941284_P56524	-6.95308	0.00000	0.00000
CID_164739	R-HSA-162582_R-HSA-372790_R-HSA-500792_R-HSA-373076_R-HSA-375276_R-HSA-380108_P10145	-3.36312	0.00000	0.00000
CID_164739	R-HSA-162582_R-HSA-372790_R-HSA-500792_R-HSA-373076_R-HSA-391903_R-HSA-391908_P43088	-6.03760	0.00000	0.00000
CID_164739	R-HSA-162582_R-HSA-372790_R-HSA-500792_R-HSA-373076_R-HSA-391903_R-HSA-391908_P43116	-4.67058	0.00000	0.00000
CID_164739	R-HSA-162582_R-HSA-372790_R-HSA-388396_R-HSA-416476_R-HSA-881907_R-HSA-2179392_P17252	-8.39999	0.00000	0.00000
CID_164739	R-HSA-162582_R-HSA-372790_R-HSA-388396_R-HSA-418594_R-HSA-2187338_R-HSA-2187335_O75911	-11.77582	0.00000	0.00000
CID_164739	R-HSA-162582_R-HSA-372790_R-HSA-388396_R-HSA-418594_R-HSA-2187338_R-HSA-2187335_P12271	-11.35661	0.00000	0.00000
CID_164739	R-HSA-162582_R-HSA-372790_R-HSA-388396_R-HSA-418594_R-HSA-2187338_R-HSA-2187335_P10745	-11.35137	0.00000	0.00000
CID_164739	R-HSA-162582_R-HSA-372790_R-HSA-388396_R-HSA-418594_R-HSA-2187338_R-HSA-2453902_P12271	-10.59908	0.00000	0.00000
CID_164739	R-HSA-162582_R-HSA-372790_R-HSA-388396_R-HSA-418594_R-HSA-2187338_R-HSA-2453902_Q92781	-10.80220	0.00000	0.00000
CID_164739	R-HSA-162582_R-HSA-372790_R-HSA-388396_R-HSA-418594_R-HSA-2187338_R-HSA-2453902_P10745	-10.59385	0.00000	0.00000
CID_164739	R-HSA-162582_R-HSA-372790_R-HSA-388396_R-HSA-418594_R-HSA-111885_R-HSA-202040_P01189	-10.41914	0.00000	0.00000
CID_164739	R-HSA-162582_R-HSA-372790_R-HSA-388396_R-HSA-418594_R-HSA-2187338_R-HSA-2514856_R-HSA-2514859_P50579	-10.04999	0.00000	0.00000
CID_164739	R-HSA-162582_R-HSA-372790_R-HSA-388396_R-HSA-418594_R-HSA-2187338_R-HSA-2514856_R-HSA-2514859_P17252	-9.66975	0.00000	0.00000
CID_164739	R-HSA-162582_R-HSA-372790_R-HSA-388396_R-HSA-418594_R-HSA-2187338_R-HSA-2514856_R-HSA-2514859_P35913	-10.83520	0.00000	0.00000
CID_164739	R-HSA-162582_R-HSA-372790_R-HSA-388396_R-HSA-418594_R-HSA-2187338_R-HSA-2514856_R-HSA-2485179_P35913	-11.80090	0.00000	0.00000
CID_164739	R-HSA-162582_R-HSA-165159_R-HSA-380972_Q13131	-7.58985	0.00500	0.04608
CID_164739	R-HSA-162582_R-HSA-9006335_R-HSA-9027276_P07948	-6.37439	0.00500	0.04608
CID_164739	R-HSA-162582_R-HSA-9006335_R-HSA-9027277_P07948	-6.50344	0.00500	0.04608
CID_164739	R-HSA-74160_R-HSA-73857_R-HSA-212436_R-HSA-8878171_R-HSA-8931987_P03372	-6.45151	0.00500	0.04608
CID_164739	R-HSA-74160_R-HSA-73857_R-HSA-212436_R-HSA-8878171_R-HSA-8939246_P05771	-7.61085	0.00500	0.04608
CID_164739	R-HSA-74160_R-HSA-73857_R-HSA-212436_R-HSA-8986944_R-HSA-9022692_O15379	-5.71611	0.00500	0.04608
CID_164739	R-HSA-74160_R-HSA-73857_R-HSA-212436_R-HSA-8986944_R-HSA-9022702_P61278	-6.76983	0.00500	0.04608
CID_164739	R-HSA-74160_R-HSA-73857_R-HSA-212436_R-HSA-8878166_R-HSA-8941326_R-HSA-8940973_P10275	-6.64246	0.00500	0.04608
CID_164739	R-HSA-74160_R-HSA-73857_R-HSA-212436_R-HSA-8878166_R-HSA-8941326_R-HSA-8940973_O15379	-6.62722	0.00500	0.04608
CID_164739	R-HSA-74160_R-HSA-73857_R-HSA-212436_R-HSA-8878166_R-HSA-8941326_R-HSA-8940973_Q9UBN7	-7.79169	0.00500	0.04608
CID_16490	R-HSA-1430728_R-HSA-1483249_R-HSA-1855204_P0DP23	-5.52885	0.00000	0.00000
CID_16490	R-HSA-1430728_R-HSA-202131_R-HSA-203615_P29474	-5.18847	0.00000	0.00000
CID_16490	R-HSA-1430728_R-HSA-15869_R-HSA-499943_P04818	-5.69126	0.00000	0.00000
CID_16490	R-HSA-1430728_R-HSA-71291_R-HSA-389661_Q02218	-5.76612	0.00000	0.00000
CID_16490	R-HSA-1430728_R-HSA-71291_R-HSA-389661_O14561	-6.72379	0.00000	0.00000
CID_16490	R-HSA-1430728_R-HSA-71291_R-HSA-389661_P11177	-6.80372	0.00000	0.00000
CID_16490	R-HSA-1430728_R-HSA-71291_R-HSA-70895_P54687	-5.95072	0.00000	0.00000
CID_16490	R-HSA-1430728_R-HSA-71291_R-HSA-71288_P48066	-5.97042	0.00000	0.00000
CID_16490	R-HSA-1430728_R-HSA-71291_R-HSA-70921_P50135	-6.35565	0.00000	0.00000
CID_16490	R-HSA-1430728_R-HSA-71291_R-HSA-71064_Q02218	-5.72482	0.00000	0.00000
CID_16490	R-HSA-1430728_R-HSA-15869_R-HSA-8956319_R-HSA-73621_P19971	-7.43645	0.00000	0.00000
CID_16490	R-HSA-1430728_R-HSA-15869_R-HSA-8956319_R-HSA-73621_Q16831	-7.69268	0.00000	0.00000
CID_16490	R-HSA-1430728_R-HSA-15869_R-HSA-8956321_R-HSA-74217_P00813	-7.39744	0.00000	0.00000
CID_16490	R-HSA-1430728_R-HSA-15869_R-HSA-8956321_R-HSA-73614_P19971	-7.77379	0.00000	0.00000
CID_16490	R-HSA-1430728_R-HSA-15869_R-HSA-8956321_R-HSA-73614_Q16831	-8.03002	0.00000	0.00000
CID_16490	R-HSA-1430728_R-HSA-163685_R-HSA-422356_R-HSA-400042_Q01668	-4.51373	0.00000	0.00000
CID_16490	R-HSA-1430728_R-HSA-163685_R-HSA-422356_R-HSA-400042_Q13936	-4.66062	0.00000	0.00000
CID_16490	R-HSA-1430728_R-HSA-163685_R-HSA-422356_R-HSA-400042_Q9NY47	-4.43150	0.00000	0.00000
CID_16490	R-HSA-1430728_R-HSA-71291_R-HSA-209776_R-HSA-209931_P17752	-7.16844	0.00000	0.00000
CID_16490	R-HSA-1430728_R-HSA-71291_R-HSA-2408522_R-HSA-2408557_P39023	-6.96679	0.00000	0.00000
CID_16490	R-HSA-1430728_R-HSA-71291_R-HSA-2408522_R-HSA-2408508_P50135	-8.29661	0.00000	0.00000
CID_16490	R-HSA-1430728_R-HSA-71291_R-HSA-2408522_R-HSA-2408508_P40261	-8.15125	0.00000	0.00000
CID_16490	R-HSA-1430728_R-HSA-71291_R-HSA-351202_R-HSA-350562_P20618	-6.60736	0.00000	0.00000
CID_16490	R-HSA-1430728_R-HSA-71291_R-HSA-351202_R-HSA-350562_P49721	-6.81264	0.00000	0.00000
CID_16490	R-HSA-1430728_R-HSA-71291_R-HSA-351202_R-HSA-350562_P28074	-6.57319	0.00000	0.00000
CID_16490	R-HSA-1430728_R-HSA-71291_R-HSA-351202_R-HSA-350562_P28062	-6.96479	0.00000	0.00000
CID_16490	R-HSA-1430728_R-HSA-71291_R-HSA-351202_R-HSA-350562_P25786	-7.13586	0.00000	0.00000
CID_16490	R-HSA-1430728_R-HSA-71291_R-HSA-351202_R-HSA-350562_Q99460	-7.09674	0.00000	0.00000
CID_16490	R-HSA-1430728_R-HSA-71291_R-HSA-351202_R-HSA-350562_Q13200	-7.16551	0.00000	0.00000
CID_16490	R-HSA-1430728_R-HSA-1428517_R-HSA-163200_R-HSA-163210_P30049	-8.12932	0.00000	0.00000
CID_16490	R-HSA-1430728_R-HSA-1428517_R-HSA-71406_R-HSA-71403_Q02218	-7.97513	0.00000	0.00000
CID_16490	R-HSA-1430728_R-HSA-196854_R-HSA-6806667_R-HSA-975634_O95237	-9.37821	0.00000	0.00000
CID_16490	R-HSA-1430728_R-HSA-196854_R-HSA-6806667_R-HSA-975634_P02753	-9.47276	0.00000	0.00000
CID_16490	R-HSA-1430728_R-HSA-196854_R-HSA-6806667_R-HSA-975634_P50120	-9.57381	0.00000	0.00000
CID_16490	R-HSA-1430728_R-HSA-196854_R-HSA-6806667_R-HSA-975634_P09455	-9.43148	0.00000	0.00000
CID_16490	R-HSA-1430728_R-HSA-196854_R-HSA-8978934_R-HSA-1474151_P0DP23	-7.49654	0.00000	0.00000
CID_16490	R-HSA-1430728_R-HSA-196854_R-HSA-8978934_R-HSA-1474151_P29474	-7.71761	0.00000	0.00000
CID_16490	R-HSA-1430728_R-HSA-196854_R-HSA-196849_R-HSA-196741_P33527	-9.48362	0.00000	0.00000
CID_16490	R-HSA-1430728_R-HSA-196854_R-HSA-196849_R-HSA-196741_Q9UBK8	-10.57995	0.00000	0.00000
CID_16490	R-HSA-1430728_R-HSA-196854_R-HSA-196849_R-HSA-196741_O60494	-10.46335	0.00000	0.00000
CID_16490	R-HSA-1430728_R-HSA-196854_R-HSA-196849_R-HSA-196780_P11498	-8.32669	0.00000	0.00000
CID_16490	R-HSA-1430728_R-HSA-196854_R-HSA-196849_R-HSA-196780_Q9Y289	-10.71054	0.00000	0.00000
CID_16490	R-HSA-1430728_R-HSA-196854_R-HSA-196849_R-HSA-196757_Q96NT5	-9.18837	0.00000	0.00000
CID_16490	R-HSA-1430728_R-HSA-196854_R-HSA-196849_R-HSA-196757_P41440	-9.27248	0.00000	0.00000
CID_16490	R-HSA-1430728_R-HSA-196854_R-HSA-196849_R-HSA-196757_P34897	-9.78643	0.00000	0.00000
CID_16490	R-HSA-1430728_R-HSA-196854_R-HSA-196849_R-HSA-196757_P34896	-9.78518	0.00000	0.00000
CID_16490	R-HSA-1430728_R-HSA-196854_R-HSA-196849_R-HSA-196836_P78417	-8.45089	0.00000	0.00000
CID_16490	R-HSA-1430728_R-HSA-196854_R-HSA-196849_R-HSA-196836_Q9UHI7	-8.25541	0.00000	0.00000
CID_16490	R-HSA-1430728_R-HSA-71387_R-HSA-8982491_R-HSA-70221_P0DP23	-6.27390	0.00000	0.00000
CID_16490	R-HSA-1430728_R-HSA-71387_R-HSA-70326_R-HSA-70263_P11498	-8.00200	0.00000	0.00000
CID_16490	R-HSA-74160_R-HSA-73857_R-HSA-212436_R-HSA-350054_Q9UBN7	-4.65114	0.00000	0.00000
CID_16490	R-HSA-74160_R-HSA-73857_R-HSA-212436_R-HSA-383280_P04150	-1.83712	0.00000	0.00000
CID_16490	R-HSA-74160_R-HSA-73857_R-HSA-212436_R-HSA-383280_P10275	-2.68286	0.00000	0.00000
CID_16490	R-HSA-74160_R-HSA-73857_R-HSA-212436_R-HSA-383280_P08235	-2.47501	0.00000	0.00000
CID_16490	R-HSA-74160_R-HSA-73857_R-HSA-212436_R-HSA-383280_P03372	-2.88523	0.00000	0.00000
CID_16490	R-HSA-74160_R-HSA-73857_R-HSA-212436_R-HSA-383280_P48443	-3.08147	0.00000	0.00000
CID_16490	R-HSA-74160_R-HSA-73857_R-HSA-212436_R-HSA-383280_P19793	-2.45398	0.00000	0.00000
CID_16490	R-HSA-74160_R-HSA-73857_R-HSA-212436_R-HSA-383280_P06401	-2.33355	0.00000	0.00000
CID_16490	R-HSA-74160_R-HSA-73857_R-HSA-212436_R-HSA-383280_P62508	-2.54773	0.00000	0.00000
CID_16490	R-HSA-74160_R-HSA-73857_R-HSA-212436_R-HSA-383280_P10827	-3.44133	0.00000	0.00000
CID_16490	R-HSA-74160_R-HSA-73857_R-HSA-212436_R-HSA-383280_P10828	-3.43862	0.00000	0.00000
CID_16490	R-HSA-74160_R-HSA-73857_R-HSA-212436_R-HSA-383280_P51843	-2.34526	0.00000	0.00000
CID_16490	R-HSA-74160_R-HSA-73857_R-HSA-212436_R-HSA-383280_O75376	-2.67247	0.00000	0.00000
CID_16490	R-HSA-1430728_R-HSA-1428517_R-HSA-163200_R-HSA-611105_R-HSA-6799198_P19404	-11.67715	0.00000	0.00000
CID_16490	R-HSA-1430728_R-HSA-1428517_R-HSA-163200_R-HSA-611105_R-HSA-6799198_Q16795	-11.67644	0.00000	0.00000
CID_16490	R-HSA-1430728_R-HSA-1428517_R-HSA-163200_R-HSA-611105_R-HSA-6799198_P51970	-11.67787	0.00000	0.00000
CID_16490	R-HSA-1430728_R-HSA-1428517_R-HSA-163200_R-HSA-611105_R-HSA-6799198_O95182	-11.67796	0.00000	0.00000
CID_16490	R-HSA-1430728_R-HSA-1428517_R-HSA-163200_R-HSA-611105_R-HSA-6799198_P56556	-11.67675	0.00000	0.00000
CID_16490	R-HSA-1430728_R-HSA-1428517_R-HSA-163200_R-HSA-611105_R-HSA-6799198_Q16718	-11.67692	0.00000	0.00000
CID_16490	R-HSA-1430728_R-HSA-1428517_R-HSA-163200_R-HSA-611105_R-HSA-6799198_O95167	-11.67675	0.00000	0.00000
CID_16490	R-HSA-1430728_R-HSA-1428517_R-HSA-163200_R-HSA-611105_R-HSA-6799198_O43678	-11.67651	0.00000	0.00000
CID_16490	R-HSA-1430728_R-HSA-1428517_R-HSA-163200_R-HSA-611105_R-HSA-6799198_O15239	-11.67707	0.00000	0.00000
CID_16490	R-HSA-1430728_R-HSA-1428517_R-HSA-163200_R-HSA-611105_R-HSA-6799198_O95299	-11.67670	0.00000	0.00000
CID_16490	R-HSA-1430728_R-HSA-1428517_R-HSA-163200_R-HSA-611105_R-HSA-6799198_O14561	-10.82793	0.00000	0.00000
CID_16490	R-HSA-1430728_R-HSA-1428517_R-HSA-163200_R-HSA-611105_R-HSA-6799198_O75438	-11.67760	0.00000	0.00000
CID_16490	R-HSA-1430728_R-HSA-1428517_R-HSA-163200_R-HSA-611105_R-HSA-6799198_O95178	-11.67740	0.00000	0.00000
CID_16490	R-HSA-1430728_R-HSA-1428517_R-HSA-163200_R-HSA-611105_R-HSA-6799198_O00217	-11.67686	0.00000	0.00000
CID_16490	R-HSA-1430728_R-HSA-1428517_R-HSA-163200_R-HSA-611105_R-HSA-6799198_O75380	-11.67739	0.00000	0.00000
CID_16490	R-HSA-1430728_R-HSA-1428517_R-HSA-163200_R-HSA-611105_R-HSA-6799198_O43920	-11.67710	0.00000	0.00000
CID_16490	R-HSA-1430728_R-HSA-1428517_R-HSA-163200_R-HSA-611105_R-HSA-6799198_O43181	-11.67646	0.00000	0.00000
CID_16490	R-HSA-1430728_R-HSA-1428517_R-HSA-163200_R-HSA-611105_R-HSA-6799198_P49821	-11.67647	0.00000	0.00000
CID_16490	R-HSA-1430728_R-HSA-1428517_R-HSA-163200_R-HSA-611105_R-HSA-6799198_O75489	-11.67694	0.00000	0.00000
CID_16490	R-HSA-1430728_R-HSA-1428517_R-HSA-163200_R-HSA-611105_R-HSA-6799198_O75306	-11.67771	0.00000	0.00000
CID_16490	R-HSA-1430728_R-HSA-1428517_R-HSA-163200_R-HSA-611105_R-HSA-6799198_P56181	-11.67640	0.00000	0.00000
CID_16490	R-HSA-1430728_R-HSA-1428517_R-HSA-163200_R-HSA-611105_R-HSA-6799198_P28331	-11.67659	0.00000	0.00000
CID_16490	R-HSA-1430728_R-HSA-1428517_R-HSA-163200_R-HSA-611105_R-HSA-6799198_O95298	-11.67688	0.00000	0.00000
CID_16490	R-HSA-1430728_R-HSA-1428517_R-HSA-163200_R-HSA-611105_R-HSA-6799198_O43677	-11.67673	0.00000	0.00000
CID_16490	R-HSA-1430728_R-HSA-1428517_R-HSA-163200_R-HSA-611105_R-HSA-6799198_O96000	-11.67685	0.00000	0.00000
CID_16490	R-HSA-1430728_R-HSA-1428517_R-HSA-163200_R-HSA-611105_R-HSA-6799198_Q9Y6M9	-11.67698	0.00000	0.00000
CID_16490	R-HSA-1430728_R-HSA-1428517_R-HSA-163200_R-HSA-611105_R-HSA-6799198_O95169	-11.67712	0.00000	0.00000
CID_16490	R-HSA-1430728_R-HSA-1428517_R-HSA-163200_R-HSA-611105_R-HSA-6799198_P17568	-11.67699	0.00000	0.00000
CID_16490	R-HSA-1430728_R-HSA-1428517_R-HSA-163200_R-HSA-611105_R-HSA-6799198_O95139	-11.67706	0.00000	0.00000
CID_16490	R-HSA-1430728_R-HSA-1428517_R-HSA-163200_R-HSA-611105_R-HSA-6799198_O43674	-11.67715	0.00000	0.00000
CID_16490	R-HSA-1430728_R-HSA-1428517_R-HSA-163200_R-HSA-611105_R-HSA-6799198_O95168	-11.67700	0.00000	0.00000
CID_16490	R-HSA-1430728_R-HSA-1428517_R-HSA-163200_R-HSA-611105_R-HSA-6799198_O43676	-11.67659	0.00000	0.00000
CID_16490	R-HSA-1430728_R-HSA-1428517_R-HSA-71406_R-HSA-70268_R-HSA-204174_P19793	-9.80872	0.00000	0.00000
CID_16490	R-HSA-1430728_R-HSA-196854_R-HSA-196849_R-HSA-196807_R-HSA-197264_P40261	-9.93015	0.00000	0.00000
CID_16490	R-HSA-1430728_R-HSA-196854_R-HSA-196849_R-HSA-196807_R-HSA-197264_Q16647	-10.11074	0.00000	0.00000
CID_16490	R-HSA-74160_R-HSA-73857_R-HSA-212436_R-HSA-8878159_R-HSA-8941858_P20618	-4.46323	0.00000	0.00000
CID_16490	R-HSA-74160_R-HSA-73857_R-HSA-212436_R-HSA-8878159_R-HSA-8941858_P49721	-4.66852	0.00000	0.00000
CID_16490	R-HSA-74160_R-HSA-73857_R-HSA-212436_R-HSA-8878159_R-HSA-8941858_P28074	-4.42906	0.00000	0.00000
CID_16490	R-HSA-74160_R-HSA-73857_R-HSA-212436_R-HSA-8878159_R-HSA-8941858_P28062	-4.82067	0.00000	0.00000
CID_16490	R-HSA-74160_R-HSA-73857_R-HSA-212436_R-HSA-9614085_R-HSA-9617629_Q96EB6	-6.87138	0.00000	0.00000
CID_16490	R-HSA-74160_R-HSA-73857_R-HSA-212436_R-HSA-8878166_R-HSA-8939902_P03372	-4.52003	0.00000	0.00000
CID_16490	R-HSA-74160_R-HSA-73857_R-HSA-212436_R-HSA-8878166_R-HSA-8939902_P20618	-4.07767	0.00000	0.00000
CID_16490	R-HSA-74160_R-HSA-73857_R-HSA-212436_R-HSA-8878166_R-HSA-8939902_P49721	-4.28295	0.00000	0.00000
CID_16490	R-HSA-74160_R-HSA-73857_R-HSA-212436_R-HSA-8878166_R-HSA-8939902_P28074	-4.04349	0.00000	0.00000
CID_16490	R-HSA-74160_R-HSA-73857_R-HSA-212436_R-HSA-8878166_R-HSA-8939902_P28062	-4.43510	0.00000	0.00000
CID_16490	R-HSA-74160_R-HSA-73857_R-HSA-212436_R-HSA-3700989_R-HSA-5633008_R-HSA-6803204_P04637	-11.26034	0.00000	0.00000
CID_16490	R-HSA-1430728_R-HSA-202131_R-HSA-203615_P0DP23	-4.96740	0.00500	0.04608
CID_16490	R-HSA-1430728_R-HSA-163685_R-HSA-163767_P62714	-5.67911	0.00500	0.04608
CID_16490	R-HSA-1430728_R-HSA-163685_R-HSA-422356_R-HSA-400042_Q08289	-4.95556	0.00500	0.04608
CID_16490	R-HSA-1430728_R-HSA-163685_R-HSA-422356_R-HSA-381676_Q9BQ31	-3.46225	0.00500	0.04608
CID_16490	R-HSA-74160_R-HSA-73857_R-HSA-212436_R-HSA-350054_O75376	-3.99057	0.00500	0.04608
CID_16490	R-HSA-1430728_R-HSA-1428517_R-HSA-71406_R-HSA-70268_R-HSA-204174_P11177	-11.24694	0.00500	0.04608
CID_16490	R-HSA-1430728_R-HSA-71387_R-HSA-70326_R-HSA-70171_R-HSA-9634600_P62714	-9.91983	0.00500	0.04608
CID_16490	R-HSA-1430728_R-HSA-71387_R-HSA-70326_R-HSA-70171_R-HSA-9634600_P67775	-10.22130	0.00500	0.04608
CID_16490	R-HSA-74160_R-HSA-73857_R-HSA-212436_R-HSA-8878159_R-HSA-8941855_P04637	-5.29916	0.00500	0.04608
CID_16490	R-HSA-74160_R-HSA-73857_R-HSA-212436_R-HSA-8878159_R-HSA-8941858_P25786	-4.99174	0.00500	0.04608
CID_16490	R-HSA-74160_R-HSA-73857_R-HSA-212436_R-HSA-8878159_R-HSA-8941858_Q99460	-4.95262	0.00500	0.04608
CID_16490	R-HSA-74160_R-HSA-73857_R-HSA-212436_R-HSA-8878159_R-HSA-8941858_Q13200	-5.02139	0.00500	0.04608
CID_16490	R-HSA-74160_R-HSA-73857_R-HSA-212436_R-HSA-8878171_R-HSA-8939236_P20618	-6.16436	0.00500	0.04608
CID_16490	R-HSA-74160_R-HSA-73857_R-HSA-212436_R-HSA-8878171_R-HSA-8939236_P49721	-6.36964	0.00500	0.04608
CID_16490	R-HSA-74160_R-HSA-73857_R-HSA-212436_R-HSA-8878171_R-HSA-8939236_P28074	-6.13019	0.00500	0.04608
CID_16490	R-HSA-74160_R-HSA-73857_R-HSA-212436_R-HSA-8878171_R-HSA-8939236_P28062	-6.52179	0.00500	0.04608
CID_16490	R-HSA-74160_R-HSA-73857_R-HSA-212436_R-HSA-8878171_R-HSA-8931987_P03372	-6.41487	0.00500	0.04608
CID_16490	R-HSA-74160_R-HSA-73857_R-HSA-212436_R-HSA-8878166_R-HSA-8939902_P04150	-3.47192	0.00500	0.04608
CID_16490	R-HSA-74160_R-HSA-73857_R-HSA-212436_R-HSA-8878166_R-HSA-8939902_P25786	-4.60617	0.00500	0.04608
CID_16490	R-HSA-74160_R-HSA-73857_R-HSA-212436_R-HSA-8878166_R-HSA-8939902_Q99460	-4.56705	0.00500	0.04608
CID_16490	R-HSA-74160_R-HSA-73857_R-HSA-212436_R-HSA-8878166_R-HSA-8939902_Q13200	-4.63582	0.00500	0.04608
CID_16490	R-HSA-74160_R-HSA-73857_R-HSA-212436_R-HSA-8878166_R-HSA-8941326_R-HSA-8940973_Q9UBN7	-8.04610	0.00500	0.04608
CID_16490	R-HSA-74160_R-HSA-73857_R-HSA-212436_R-HSA-3700989_R-HSA-5633008_R-HSA-6803207_P04637	-10.71141	0.00500	0.04608
CID_16490	R-HSA-74160_R-HSA-73857_R-HSA-212436_R-HSA-3700989_R-HSA-5633008_R-HSA-6803211_P04637	-11.00108	0.00500	0.04608
CID_16490	R-HSA-74160_R-HSA-73857_R-HSA-212436_R-HSA-3700989_R-HSA-6791312_R-HSA-6804115_P04637	-7.51113	0.00500	0.04608
CID_16850	R-HSA-162582_R-HSA-372790_R-HSA-388396_R-HSA-418597_P17252	-7.31566	0.00000	0.00000
CID_16850	R-HSA-162582_R-HSA-372790_R-HSA-388396_R-HSA-397795_R-HSA-392451_O15530	-9.33952	0.00000	0.00000
CID_16850	R-HSA-162582_R-HSA-372790_R-HSA-500792_R-HSA-373076_R-HSA-375280_R-HSA-390666_P50406	-7.45332	0.00000	0.00000
CID_16850	R-HSA-162582_R-HSA-372790_R-HSA-388396_R-HSA-416476_R-HSA-881907_R-HSA-2179392_P17252	-11.58379	0.00000	0.00000
CID_16850	R-HSA-162582_R-HSA-372790_R-HSA-388396_R-HSA-418594_R-HSA-2187338_R-HSA-2187335_O75911	-14.14534	0.00000	0.00000
CID_16850	R-HSA-162582_R-HSA-372790_R-HSA-388396_R-HSA-418594_R-HSA-2187338_R-HSA-2187335_P12271	-13.57323	0.00000	0.00000
CID_16850	R-HSA-162582_R-HSA-372790_R-HSA-388396_R-HSA-418594_R-HSA-2187338_R-HSA-2187335_P10745	-13.56802	0.00000	0.00000
CID_16850	R-HSA-162582_R-HSA-372790_R-HSA-388396_R-HSA-418594_R-HSA-2187338_R-HSA-2453902_O95237	-12.54023	0.00000	0.00000
CID_16850	R-HSA-162582_R-HSA-372790_R-HSA-388396_R-HSA-418594_R-HSA-2187338_R-HSA-2453902_P12271	-12.81341	0.00000	0.00000
CID_16850	R-HSA-162582_R-HSA-372790_R-HSA-388396_R-HSA-418594_R-HSA-2187338_R-HSA-2453902_P02753	-12.61231	0.00000	0.00000
CID_16850	R-HSA-162582_R-HSA-372790_R-HSA-388396_R-HSA-418594_R-HSA-2187338_R-HSA-2453902_P10745	-12.80820	0.00000	0.00000
CID_16850	R-HSA-162582_R-HSA-372790_R-HSA-388396_R-HSA-418594_R-HSA-2187338_R-HSA-2453902_P09455	-12.56934	0.00000	0.00000
CID_16850	R-HSA-162582_R-HSA-372790_R-HSA-388396_R-HSA-418594_R-HSA-2187338_R-HSA-975634_O95237	-12.64189	0.00000	0.00000
CID_16850	R-HSA-162582_R-HSA-372790_R-HSA-388396_R-HSA-418594_R-HSA-2187338_R-HSA-975634_P09455	-12.67100	0.00000	0.00000
CID_16850	R-HSA-162582_R-HSA-372790_R-HSA-388396_R-HSA-418594_R-HSA-2187338_R-HSA-2514856_R-HSA-2514859_P17252	-12.56113	0.00000	0.00000
CID_16850	R-HSA-162582_R-HSA-372790_R-HSA-388396_R-HSA-418597_P05771	-7.24614	0.00500	0.04608
CID_16850	R-HSA-162582_R-HSA-372790_R-HSA-500792_R-HSA-373080_R-HSA-420092_Q02643	-7.69361	0.00500	0.04608
CID_16850	R-HSA-162582_R-HSA-372790_R-HSA-500792_R-HSA-373076_R-HSA-375281_P30968	-7.40362	0.00500	0.04608
CID_16850	R-HSA-162582_R-HSA-372790_R-HSA-500792_R-HSA-373076_R-HSA-375276_R-HSA-380108_P10145	-9.20286	0.00500	0.04608
CID_16850	R-HSA-162582_R-HSA-372790_R-HSA-500792_R-HSA-373076_R-HSA-375280_R-HSA-390666_P28566	-8.91925	0.00500	0.04608
CID_16850	R-HSA-162582_R-HSA-372790_R-HSA-500792_R-HSA-373076_R-HSA-391903_R-HSA-391908_P43088	-11.60482	0.00500	0.04608
CID_16850	R-HSA-162582_R-HSA-372790_R-HSA-500792_R-HSA-373076_R-HSA-391903_R-HSA-391908_P43116	-10.22940	0.00500	0.04608
CID_16850	R-HSA-162582_R-HSA-372790_R-HSA-388396_R-HSA-418594_R-HSA-2187338_R-HSA-2453902_Q92781	-13.07238	0.00500	0.04608
CID_16850	R-HSA-162582_R-HSA-372790_R-HSA-388396_R-HSA-418594_R-HSA-2187338_R-HSA-975634_P02753	-12.71397	0.00500	0.04608
CID_16850	R-HSA-162582_R-HSA-372790_R-HSA-388396_R-HSA-418594_R-HSA-2187338_R-HSA-975634_P50120	-13.13380	0.00500	0.04608
CID_16850	R-HSA-162582_R-HSA-372790_R-HSA-388396_R-HSA-418594_R-HSA-2187338_R-HSA-2514856_R-HSA-2514859_P50579	-12.64768	0.00500	0.04608
CID_16850	R-HSA-162582_R-HSA-372790_R-HSA-388396_R-HSA-418594_R-HSA-2187338_R-HSA-2514856_R-HSA-2514859_P35913	-13.43738	0.00500	0.04608
CID_16850	R-HSA-162582_R-HSA-372790_R-HSA-388396_R-HSA-418594_R-HSA-2187338_R-HSA-2514856_R-HSA-2485179_P35913	-14.40639	0.00500	0.04608
CID_1775	R-HSA-162582_R-HSA-372790_R-HSA-388396_R-HSA-418597_P05771	-7.42189	0.00000	0.00000
CID_1775	R-HSA-162582_R-HSA-372790_R-HSA-388396_R-HSA-418597_P17252	-7.49141	0.00000	0.00000
CID_1775	R-HSA-162582_R-HSA-372790_R-HSA-388396_R-HSA-416482_P35348	-7.80543	0.00000	0.00000
CID_1775	R-HSA-162582_R-HSA-372790_R-HSA-500792_R-HSA-373076_R-HSA-375280_R-HSA-390666_P50406	-7.69937	0.00000	0.00000
CID_1775	R-HSA-162582_R-HSA-372790_R-HSA-388396_R-HSA-416476_R-HSA-881907_R-HSA-2179392_P17252	-11.82984	0.00000	0.00000
CID_1775	R-HSA-162582_R-HSA-372790_R-HSA-388396_R-HSA-418594_R-HSA-2187338_R-HSA-2187335_O75911	-14.39139	0.00000	0.00000
CID_1775	R-HSA-162582_R-HSA-372790_R-HSA-388396_R-HSA-418594_R-HSA-2187338_R-HSA-2187335_P12271	-13.81928	0.00000	0.00000
CID_1775	R-HSA-162582_R-HSA-372790_R-HSA-388396_R-HSA-418594_R-HSA-2187338_R-HSA-2187335_P10745	-13.81407	0.00000	0.00000
CID_1775	R-HSA-162582_R-HSA-372790_R-HSA-388396_R-HSA-418594_R-HSA-2187338_R-HSA-2453902_O95237	-12.78587	0.00000	0.00000
CID_1775	R-HSA-162582_R-HSA-372790_R-HSA-388396_R-HSA-418594_R-HSA-2187338_R-HSA-2453902_P12271	-13.05946	0.00000	0.00000
CID_1775	R-HSA-162582_R-HSA-372790_R-HSA-388396_R-HSA-418594_R-HSA-2187338_R-HSA-2453902_Q92781	-13.31842	0.00000	0.00000
CID_1775	R-HSA-162582_R-HSA-372790_R-HSA-388396_R-HSA-418594_R-HSA-2187338_R-HSA-2453902_P02753	-12.85797	0.00000	0.00000
CID_1775	R-HSA-162582_R-HSA-372790_R-HSA-388396_R-HSA-418594_R-HSA-2187338_R-HSA-2453902_P10745	-13.05425	0.00000	0.00000
CID_1775	R-HSA-162582_R-HSA-372790_R-HSA-388396_R-HSA-418594_R-HSA-2187338_R-HSA-2453902_P09455	-12.81501	0.00000	0.00000
CID_1775	R-HSA-162582_R-HSA-372790_R-HSA-388396_R-HSA-418594_R-HSA-2187338_R-HSA-975634_O95237	-12.88681	0.00000	0.00000
CID_1775	R-HSA-162582_R-HSA-372790_R-HSA-388396_R-HSA-418594_R-HSA-2187338_R-HSA-975634_P02753	-12.95890	0.00000	0.00000
CID_1775	R-HSA-162582_R-HSA-372790_R-HSA-388396_R-HSA-418594_R-HSA-2187338_R-HSA-975634_P50120	-13.37834	0.00000	0.00000
CID_1775	R-HSA-162582_R-HSA-372790_R-HSA-388396_R-HSA-418594_R-HSA-2187338_R-HSA-975634_P09455	-12.91594	0.00000	0.00000
CID_1775	R-HSA-162582_R-HSA-372790_R-HSA-388396_R-HSA-418594_R-HSA-111885_R-HSA-202040_P01189	-12.58709	0.00000	0.00000
CID_1775	R-HSA-162582_R-HSA-372790_R-HSA-388396_R-HSA-418594_R-HSA-2187338_R-HSA-2514856_R-HSA-2514859_P50579	-12.92888	0.00000	0.00000
CID_1775	R-HSA-162582_R-HSA-372790_R-HSA-388396_R-HSA-418594_R-HSA-2187338_R-HSA-2514856_R-HSA-2514859_P17252	-12.84233	0.00000	0.00000
CID_1775	R-HSA-162582_R-HSA-372790_R-HSA-388396_R-HSA-418594_R-HSA-2187338_R-HSA-2514856_R-HSA-2514859_P35913	-13.71858	0.00000	0.00000
CID_1775	R-HSA-162582_R-HSA-372790_R-HSA-388396_R-HSA-418594_R-HSA-2187338_R-HSA-2514856_R-HSA-2485179_P35913	-14.68758	0.00000	0.00000
CID_1775	R-HSA-162582_R-HSA-372790_R-HSA-500792_R-HSA-373080_R-HSA-420092_Q02643	-7.90451	0.00500	0.04608
CID_1775	R-HSA-162582_R-HSA-372790_R-HSA-500792_R-HSA-373076_R-HSA-375281_P30968	-7.61452	0.00500	0.04608
CID_1775	R-HSA-162582_R-HSA-372790_R-HSA-388396_R-HSA-397795_R-HSA-392451_O15530	-9.55041	0.00500	0.04608
CID_1775	R-HSA-162582_R-HSA-372790_R-HSA-500792_R-HSA-373076_R-HSA-375276_R-HSA-380108_P10145	-9.44891	0.00500	0.04608
CID_1775	R-HSA-162582_R-HSA-372790_R-HSA-500792_R-HSA-373076_R-HSA-375280_R-HSA-390666_P28566	-9.16530	0.00500	0.04608
CID_1775	R-HSA-162582_R-HSA-372790_R-HSA-500792_R-HSA-373076_R-HSA-391903_R-HSA-391908_P43088	-11.85087	0.00500	0.04608
CID_1775	R-HSA-162582_R-HSA-372790_R-HSA-500792_R-HSA-373076_R-HSA-391903_R-HSA-391908_P43116	-10.47545	0.00500	0.04608
CID_19910	R-HSA-162582_R-HSA-372790_R-HSA-388396_R-HSA-418597_P05771	-7.59425	0.00000	0.00000
CID_19910	R-HSA-162582_R-HSA-372790_R-HSA-388396_R-HSA-416476_R-HSA-881907_R-HSA-2179392_P17252	-11.98787	0.00000	0.00000
CID_19910	R-HSA-162582_R-HSA-372790_R-HSA-388396_R-HSA-418597_P17252	-7.66347	0.00500	0.04608
CID_19910	R-HSA-162582_R-HSA-372790_R-HSA-500792_R-HSA-373076_R-HSA-375281_P30968	-7.66641	0.00500	0.04608
CID_19910	R-HSA-162582_R-HSA-372790_R-HSA-388396_R-HSA-397795_R-HSA-392451_O15530	-9.71475	0.00500	0.04608
CID_19910	R-HSA-162582_R-HSA-372790_R-HSA-500792_R-HSA-373076_R-HSA-375276_R-HSA-380108_P10145	-9.49866	0.00500	0.04608
CID_19910	R-HSA-162582_R-HSA-372790_R-HSA-500792_R-HSA-373076_R-HSA-375280_R-HSA-390666_P50406	-7.74899	0.00500	0.04608
CID_19910	R-HSA-162582_R-HSA-372790_R-HSA-500792_R-HSA-373076_R-HSA-375280_R-HSA-390666_P28566	-9.21492	0.00500	0.04608
CID_19910	R-HSA-162582_R-HSA-372790_R-HSA-500792_R-HSA-373076_R-HSA-391903_R-HSA-391908_P43088	-11.90036	0.00500	0.04608
CID_19910	R-HSA-162582_R-HSA-372790_R-HSA-500792_R-HSA-373076_R-HSA-391903_R-HSA-391908_P43116	-10.52494	0.00500	0.04608
CID_19910	R-HSA-162582_R-HSA-372790_R-HSA-388396_R-HSA-418594_R-HSA-111885_R-HSA-202040_P01189	-12.52926	0.00500	0.04608
CID_2082	R-HSA-1430728_R-HSA-1483249_R-HSA-1855204_P0DP23	-3.57437	0.00000	0.00000
CID_2082	R-HSA-1430728_R-HSA-202131_R-HSA-203615_P0DP23	-3.02546	0.00000	0.00000
CID_2082	R-HSA-1430728_R-HSA-202131_R-HSA-203615_P29474	-3.10095	0.00000	0.00000
CID_2082	R-HSA-1430728_R-HSA-15869_R-HSA-499943_P04818	-3.58156	0.00000	0.00000
CID_2082	R-HSA-1430728_R-HSA-163685_R-HSA-163765_P30613	-2.47726	0.00000	0.00000
CID_2082	R-HSA-1430728_R-HSA-163685_R-HSA-163767_P62714	-3.55469	0.00000	0.00000
CID_2082	R-HSA-1430728_R-HSA-71291_R-HSA-389661_Q02218	-3.65359	0.00000	0.00000
CID_2082	R-HSA-1430728_R-HSA-71291_R-HSA-389661_O14561	-4.61269	0.00000	0.00000
CID_2082	R-HSA-1430728_R-HSA-71291_R-HSA-389661_P11177	-4.69251	0.00000	0.00000
CID_2082	R-HSA-1430728_R-HSA-71291_R-HSA-70895_P54687	-3.83981	0.00000	0.00000
CID_2082	R-HSA-1430728_R-HSA-71291_R-HSA-71288_P48066	-3.86033	0.00000	0.00000
CID_2082	R-HSA-1430728_R-HSA-71291_R-HSA-70921_P50135	-4.24456	0.00000	0.00000
CID_2082	R-HSA-1430728_R-HSA-71291_R-HSA-71064_Q02218	-3.61235	0.00000	0.00000
CID_2082	R-HSA-1430728_R-HSA-15869_R-HSA-8956319_R-HSA-73621_P19971	-4.86182	0.00000	0.00000
CID_2082	R-HSA-1430728_R-HSA-15869_R-HSA-8956319_R-HSA-73621_Q16831	-5.11803	0.00000	0.00000
CID_2082	R-HSA-1430728_R-HSA-15869_R-HSA-8956321_R-HSA-74217_P00813	-4.82587	0.00000	0.00000
CID_2082	R-HSA-1430728_R-HSA-15869_R-HSA-8956321_R-HSA-73614_P19971	-5.20123	0.00000	0.00000
CID_2082	R-HSA-1430728_R-HSA-15869_R-HSA-8956321_R-HSA-73614_Q16831	-5.45744	0.00000	0.00000
CID_2082	R-HSA-1430728_R-HSA-163685_R-HSA-422356_R-HSA-400042_Q01668	-1.96514	0.00000	0.00000
CID_2082	R-HSA-1430728_R-HSA-163685_R-HSA-422356_R-HSA-400042_Q13936	-2.11203	0.00000	0.00000
CID_2082	R-HSA-1430728_R-HSA-163685_R-HSA-422356_R-HSA-400042_Q9NY47	-1.88291	0.00000	0.00000
CID_2082	R-HSA-1430728_R-HSA-163685_R-HSA-422356_R-HSA-400042_Q08289	-2.40697	0.00000	0.00000
CID_2082	R-HSA-1430728_R-HSA-163685_R-HSA-422356_R-HSA-381676_Q9BQ31	-0.91310	0.00000	0.00000
CID_2082	R-HSA-1430728_R-HSA-71291_R-HSA-209776_R-HSA-209931_P17752	-4.59550	0.00000	0.00000
CID_2082	R-HSA-1430728_R-HSA-71291_R-HSA-2408522_R-HSA-2408557_P39023	-4.39212	0.00000	0.00000
CID_2082	R-HSA-1430728_R-HSA-71291_R-HSA-2408522_R-HSA-2408508_P50135	-5.72203	0.00000	0.00000
CID_2082	R-HSA-1430728_R-HSA-71291_R-HSA-2408522_R-HSA-2408508_P40261	-5.57568	0.00000	0.00000
CID_2082	R-HSA-1430728_R-HSA-71291_R-HSA-351202_R-HSA-350562_P20618	-4.27167	0.00000	0.00000
CID_2082	R-HSA-1430728_R-HSA-71291_R-HSA-351202_R-HSA-350562_P49721	-4.52446	0.00000	0.00000
CID_2082	R-HSA-1430728_R-HSA-71291_R-HSA-351202_R-HSA-350562_P28074	-4.23715	0.00000	0.00000
CID_2082	R-HSA-1430728_R-HSA-71291_R-HSA-351202_R-HSA-350562_P28062	-4.82555	0.00000	0.00000
CID_2082	R-HSA-1430728_R-HSA-71291_R-HSA-351202_R-HSA-350562_P25786	-4.74210	0.00000	0.00000
CID_2082	R-HSA-1430728_R-HSA-71291_R-HSA-351202_R-HSA-350562_Q99460	-4.69954	0.00000	0.00000
CID_2082	R-HSA-1430728_R-HSA-71291_R-HSA-351202_R-HSA-350562_Q13200	-4.77383	0.00000	0.00000
CID_2082	R-HSA-1430728_R-HSA-1428517_R-HSA-163200_R-HSA-163210_P30049	-5.55392	0.00000	0.00000
CID_2082	R-HSA-1430728_R-HSA-1428517_R-HSA-71406_R-HSA-71403_Q02218	-5.39247	0.00000	0.00000
CID_2082	R-HSA-1430728_R-HSA-196854_R-HSA-6806667_R-HSA-975634_O95237	-7.80968	0.00000	0.00000
CID_2082	R-HSA-1430728_R-HSA-196854_R-HSA-6806667_R-HSA-975634_P02753	-7.95761	0.00000	0.00000
CID_2082	R-HSA-1430728_R-HSA-196854_R-HSA-6806667_R-HSA-975634_P50120	-7.68510	0.00000	0.00000
CID_2082	R-HSA-1430728_R-HSA-196854_R-HSA-6806667_R-HSA-975634_P09455	-7.92192	0.00000	0.00000
CID_2082	R-HSA-1430728_R-HSA-196854_R-HSA-8978934_R-HSA-1474151_P0DP23	-5.07075	0.00000	0.00000
CID_2082	R-HSA-1430728_R-HSA-196854_R-HSA-8978934_R-HSA-1474151_P29474	-5.14625	0.00000	0.00000
CID_2082	R-HSA-1430728_R-HSA-196854_R-HSA-196849_R-HSA-196741_P33527	-6.80002	0.00000	0.00000
CID_2082	R-HSA-1430728_R-HSA-196854_R-HSA-196849_R-HSA-196741_Q9UBK8	-7.80754	0.00000	0.00000
CID_2082	R-HSA-1430728_R-HSA-196854_R-HSA-196849_R-HSA-196741_O60494	-7.88284	0.00000	0.00000
CID_2082	R-HSA-1430728_R-HSA-196854_R-HSA-196849_R-HSA-196780_P05165	-11.45291	0.00000	0.00000
CID_2082	R-HSA-1430728_R-HSA-196854_R-HSA-196849_R-HSA-196780_P11498	-5.74432	0.00000	0.00000
CID_2082	R-HSA-1430728_R-HSA-196854_R-HSA-196849_R-HSA-196780_Q9Y289	-8.13005	0.00000	0.00000
CID_2082	R-HSA-1430728_R-HSA-196854_R-HSA-196849_R-HSA-196757_Q96NT5	-6.60786	0.00000	0.00000
CID_2082	R-HSA-1430728_R-HSA-196854_R-HSA-196849_R-HSA-196757_P41440	-6.69196	0.00000	0.00000
CID_2082	R-HSA-1430728_R-HSA-196854_R-HSA-196849_R-HSA-196757_P34897	-7.20593	0.00000	0.00000
CID_2082	R-HSA-1430728_R-HSA-196854_R-HSA-196849_R-HSA-196757_P34896	-7.20467	0.00000	0.00000
CID_2082	R-HSA-1430728_R-HSA-196854_R-HSA-196849_R-HSA-196836_P78417	-5.86632	0.00000	0.00000
CID_2082	R-HSA-1430728_R-HSA-196854_R-HSA-196849_R-HSA-196836_Q9UHI7	-5.67494	0.00000	0.00000
CID_2082	R-HSA-1430728_R-HSA-71387_R-HSA-8982491_R-HSA-70221_P0DP23	-3.84656	0.00000	0.00000
CID_2082	R-HSA-1430728_R-HSA-71387_R-HSA-8982491_R-HSA-70221_P06737	-6.54181	0.00000	0.00000
CID_2082	R-HSA-1430728_R-HSA-71387_R-HSA-70326_R-HSA-70263_P11498	-5.41222	0.00000	0.00000
CID_2082	R-HSA-1430728_R-HSA-71387_R-HSA-70326_R-HSA-70263_P00558	-5.65847	0.00000	0.00000
CID_2082	R-HSA-1430728_R-HSA-1428517_R-HSA-163200_R-HSA-611105_R-HSA-6799198_P19404	-8.64083	0.00000	0.00000
CID_2082	R-HSA-1430728_R-HSA-1428517_R-HSA-163200_R-HSA-611105_R-HSA-6799198_Q16795	-8.64013	0.00000	0.00000
CID_2082	R-HSA-1430728_R-HSA-1428517_R-HSA-163200_R-HSA-611105_R-HSA-6799198_P51970	-8.64156	0.00000	0.00000
CID_2082	R-HSA-1430728_R-HSA-1428517_R-HSA-163200_R-HSA-611105_R-HSA-6799198_O95182	-8.64164	0.00000	0.00000
CID_2082	R-HSA-1430728_R-HSA-1428517_R-HSA-163200_R-HSA-611105_R-HSA-6799198_P56556	-8.64044	0.00000	0.00000
CID_2082	R-HSA-1430728_R-HSA-1428517_R-HSA-163200_R-HSA-611105_R-HSA-6799198_Q16718	-8.64061	0.00000	0.00000
CID_2082	R-HSA-1430728_R-HSA-1428517_R-HSA-163200_R-HSA-611105_R-HSA-6799198_O95167	-8.64043	0.00000	0.00000
CID_2082	R-HSA-1430728_R-HSA-1428517_R-HSA-163200_R-HSA-611105_R-HSA-6799198_O43678	-8.64019	0.00000	0.00000
CID_2082	R-HSA-1430728_R-HSA-1428517_R-HSA-163200_R-HSA-611105_R-HSA-6799198_O15239	-8.64075	0.00000	0.00000
CID_2082	R-HSA-1430728_R-HSA-1428517_R-HSA-163200_R-HSA-611105_R-HSA-6799198_O95299	-8.64039	0.00000	0.00000
CID_2082	R-HSA-1430728_R-HSA-1428517_R-HSA-163200_R-HSA-611105_R-HSA-6799198_O14561	-7.79092	0.00000	0.00000
CID_2082	R-HSA-1430728_R-HSA-1428517_R-HSA-163200_R-HSA-611105_R-HSA-6799198_O75438	-8.64128	0.00000	0.00000
CID_2082	R-HSA-1430728_R-HSA-1428517_R-HSA-163200_R-HSA-611105_R-HSA-6799198_O95178	-8.64108	0.00000	0.00000
CID_2082	R-HSA-1430728_R-HSA-1428517_R-HSA-163200_R-HSA-611105_R-HSA-6799198_O00217	-8.64054	0.00000	0.00000
CID_2082	R-HSA-1430728_R-HSA-1428517_R-HSA-163200_R-HSA-611105_R-HSA-6799198_O75380	-8.64107	0.00000	0.00000
CID_2082	R-HSA-1430728_R-HSA-1428517_R-HSA-163200_R-HSA-611105_R-HSA-6799198_O43920	-8.64079	0.00000	0.00000
CID_2082	R-HSA-1430728_R-HSA-1428517_R-HSA-163200_R-HSA-611105_R-HSA-6799198_O43181	-8.64014	0.00000	0.00000
CID_2082	R-HSA-1430728_R-HSA-1428517_R-HSA-163200_R-HSA-611105_R-HSA-6799198_P49821	-8.64015	0.00000	0.00000
CID_2082	R-HSA-1430728_R-HSA-1428517_R-HSA-163200_R-HSA-611105_R-HSA-6799198_O75489	-8.64063	0.00000	0.00000
CID_2082	R-HSA-1430728_R-HSA-1428517_R-HSA-163200_R-HSA-611105_R-HSA-6799198_O75306	-8.64139	0.00000	0.00000
CID_2082	R-HSA-1430728_R-HSA-1428517_R-HSA-163200_R-HSA-611105_R-HSA-6799198_P56181	-8.64008	0.00000	0.00000
CID_2082	R-HSA-1430728_R-HSA-1428517_R-HSA-163200_R-HSA-611105_R-HSA-6799198_P28331	-8.64027	0.00000	0.00000
CID_2082	R-HSA-1430728_R-HSA-1428517_R-HSA-163200_R-HSA-611105_R-HSA-6799198_O95298	-8.64056	0.00000	0.00000
CID_2082	R-HSA-1430728_R-HSA-1428517_R-HSA-163200_R-HSA-611105_R-HSA-6799198_O43677	-8.64041	0.00000	0.00000
CID_2082	R-HSA-1430728_R-HSA-1428517_R-HSA-163200_R-HSA-611105_R-HSA-6799198_O96000	-8.64053	0.00000	0.00000
CID_2082	R-HSA-1430728_R-HSA-1428517_R-HSA-163200_R-HSA-611105_R-HSA-6799198_Q9Y6M9	-8.64067	0.00000	0.00000
CID_2082	R-HSA-1430728_R-HSA-1428517_R-HSA-163200_R-HSA-611105_R-HSA-6799198_O95169	-8.64080	0.00000	0.00000
CID_2082	R-HSA-1430728_R-HSA-1428517_R-HSA-163200_R-HSA-611105_R-HSA-6799198_P17568	-8.64067	0.00000	0.00000
CID_2082	R-HSA-1430728_R-HSA-1428517_R-HSA-163200_R-HSA-611105_R-HSA-6799198_O95139	-8.64074	0.00000	0.00000
CID_2082	R-HSA-1430728_R-HSA-1428517_R-HSA-163200_R-HSA-611105_R-HSA-6799198_O43674	-8.64083	0.00000	0.00000
CID_2082	R-HSA-1430728_R-HSA-1428517_R-HSA-163200_R-HSA-611105_R-HSA-6799198_O95168	-8.64068	0.00000	0.00000
CID_2082	R-HSA-1430728_R-HSA-1428517_R-HSA-163200_R-HSA-611105_R-HSA-6799198_O43676	-8.64028	0.00000	0.00000
CID_2082	R-HSA-1430728_R-HSA-1428517_R-HSA-71406_R-HSA-70268_R-HSA-204174_P19793	-6.42451	0.00000	0.00000
CID_2082	R-HSA-1430728_R-HSA-1428517_R-HSA-71406_R-HSA-70268_R-HSA-204174_P11177	-8.20141	0.00000	0.00000
CID_2082	R-HSA-1430728_R-HSA-196854_R-HSA-196849_R-HSA-196807_R-HSA-197264_P40261	-6.88553	0.00000	0.00000
CID_2082	R-HSA-1430728_R-HSA-196854_R-HSA-196849_R-HSA-196807_R-HSA-197264_Q16647	-7.06561	0.00000	0.00000
CID_2082	R-HSA-1430728_R-HSA-71387_R-HSA-70326_R-HSA-70171_R-HSA-9634600_P67775	-6.92726	0.00000	0.00000
CID_2082	R-HSA-1430728_R-HSA-1475029_Q8N1Q1	-2.87051	0.00500	0.04608
CID_2082	R-HSA-1430728_R-HSA-163685_R-HSA-163767_P67775	-3.62909	0.00500	0.04608
CID_2082	R-HSA-1430728_R-HSA-71387_R-HSA-70326_R-HSA-70171_R-HSA-9634600_P62714	-6.85285	0.00500	0.04608
CID_208898	R-HSA-1430728_R-HSA-1483249_R-HSA-1855204_P0DP23	-4.81567	0.00000	0.00000
CID_208898	R-HSA-1430728_R-HSA-202131_R-HSA-203615_P0DP23	-4.33039	0.00000	0.00000
CID_208898	R-HSA-1430728_R-HSA-202131_R-HSA-203615_P29474	-4.54453	0.00000	0.00000
CID_208898	R-HSA-1430728_R-HSA-15869_R-HSA-499943_P04818	-4.91323	0.00000	0.00000
CID_208898	R-HSA-1430728_R-HSA-163685_R-HSA-163765_P30613	-3.15082	0.00000	0.00000
CID_208898	R-HSA-1430728_R-HSA-163685_R-HSA-163767_P62714	-3.87793	0.00000	0.00000
CID_208898	R-HSA-1430728_R-HSA-71291_R-HSA-389661_Q02218	-4.95596	0.00000	0.00000
CID_208898	R-HSA-1430728_R-HSA-71291_R-HSA-389661_O14561	-5.92166	0.00000	0.00000
CID_208898	R-HSA-1430728_R-HSA-71291_R-HSA-389661_P11177	-6.00160	0.00000	0.00000
CID_208898	R-HSA-1430728_R-HSA-71291_R-HSA-70895_P54687	-5.14891	0.00000	0.00000
CID_208898	R-HSA-1430728_R-HSA-71291_R-HSA-71288_P48066	-5.17371	0.00000	0.00000
CID_208898	R-HSA-1430728_R-HSA-71291_R-HSA-70921_P50135	-5.55354	0.00000	0.00000
CID_208898	R-HSA-1430728_R-HSA-71291_R-HSA-71064_Q02218	-4.91468	0.00000	0.00000
CID_208898	R-HSA-1430728_R-HSA-15869_R-HSA-8956319_R-HSA-73621_P19971	-6.65971	0.00000	0.00000
CID_208898	R-HSA-1430728_R-HSA-15869_R-HSA-8956319_R-HSA-73621_Q16831	-6.91586	0.00000	0.00000
CID_208898	R-HSA-1430728_R-HSA-15869_R-HSA-8956321_R-HSA-73614_P19971	-7.00934	0.00000	0.00000
CID_208898	R-HSA-1430728_R-HSA-15869_R-HSA-8956321_R-HSA-73614_Q16831	-7.26549	0.00000	0.00000
CID_208898	R-HSA-1430728_R-HSA-163685_R-HSA-422356_R-HSA-400042_Q01668	-0.06152	0.00000	0.00000
CID_208898	R-HSA-1430728_R-HSA-163685_R-HSA-422356_R-HSA-400042_Q13936	-0.17162	0.00000	0.00000
CID_208898	R-HSA-1430728_R-HSA-163685_R-HSA-422356_R-HSA-381676_Q9BQ31	-1.42336	0.00000	0.00000
CID_208898	R-HSA-1430728_R-HSA-71291_R-HSA-209776_R-HSA-209931_P17752	-6.37933	0.00000	0.00000
CID_208898	R-HSA-1430728_R-HSA-71291_R-HSA-2408522_R-HSA-2408557_P39023	-6.16870	0.00000	0.00000
CID_208898	R-HSA-1430728_R-HSA-71291_R-HSA-2408522_R-HSA-2408508_P50135	-7.49912	0.00000	0.00000
CID_208898	R-HSA-1430728_R-HSA-71291_R-HSA-2408522_R-HSA-2408508_P40261	-7.34840	0.00000	0.00000
CID_208898	R-HSA-1430728_R-HSA-71291_R-HSA-351202_R-HSA-350562_P20618	-6.08377	0.00000	0.00000
CID_208898	R-HSA-1430728_R-HSA-71291_R-HSA-351202_R-HSA-350562_P49721	-6.33652	0.00000	0.00000
CID_208898	R-HSA-1430728_R-HSA-71291_R-HSA-351202_R-HSA-350562_P28074	-6.04663	0.00000	0.00000
CID_208898	R-HSA-1430728_R-HSA-71291_R-HSA-351202_R-HSA-350562_P28062	-6.65859	0.00000	0.00000
CID_208898	R-HSA-1430728_R-HSA-71291_R-HSA-351202_R-HSA-350562_P25786	-6.52156	0.00000	0.00000
CID_208898	R-HSA-1430728_R-HSA-71291_R-HSA-351202_R-HSA-350562_Q99460	-6.48314	0.00000	0.00000
CID_208898	R-HSA-1430728_R-HSA-71291_R-HSA-351202_R-HSA-350562_Q13200	-6.55008	0.00000	0.00000
CID_208898	R-HSA-1430728_R-HSA-1428517_R-HSA-163200_R-HSA-163210_P30049	-7.31106	0.00000	0.00000
CID_208898	R-HSA-1430728_R-HSA-1428517_R-HSA-71406_R-HSA-71403_Q02218	-7.12723	0.00000	0.00000
CID_208898	R-HSA-1430728_R-HSA-196854_R-HSA-8978934_R-HSA-1474151_P0DP23	-6.73386	0.00000	0.00000
CID_208898	R-HSA-1430728_R-HSA-196854_R-HSA-8978934_R-HSA-1474151_P29474	-6.94800	0.00000	0.00000
CID_208898	R-HSA-1430728_R-HSA-196854_R-HSA-196849_R-HSA-196741_P33527	-8.57613	0.00000	0.00000
CID_208898	R-HSA-1430728_R-HSA-196854_R-HSA-196849_R-HSA-196741_Q9UBK8	-9.13483	0.00000	0.00000
CID_208898	R-HSA-1430728_R-HSA-196854_R-HSA-196849_R-HSA-196780_P11498	-7.48981	0.00000	0.00000
CID_208898	R-HSA-1430728_R-HSA-196854_R-HSA-196849_R-HSA-196757_Q96NT5	-8.35943	0.00000	0.00000
CID_208898	R-HSA-1430728_R-HSA-196854_R-HSA-196849_R-HSA-196757_P41440	-8.44345	0.00000	0.00000
CID_208898	R-HSA-1430728_R-HSA-196854_R-HSA-196849_R-HSA-196836_Q9UHI7	-7.42662	0.00000	0.00000
CID_208898	R-HSA-1430728_R-HSA-71387_R-HSA-8982491_R-HSA-70221_P0DP23	-5.51401	0.00000	0.00000
CID_208898	R-HSA-1430728_R-HSA-71387_R-HSA-70326_R-HSA-70263_P11498	-7.13704	0.00000	0.00000
CID_208898	R-HSA-1430728_R-HSA-1428517_R-HSA-163200_R-HSA-611105_R-HSA-6799198_O14561	-10.02517	0.00000	0.00000
CID_208898	R-HSA-1430728_R-HSA-1428517_R-HSA-71406_R-HSA-70268_R-HSA-204174_P19793	-9.13160	0.00000	0.00000
CID_208898	R-HSA-1430728_R-HSA-1428517_R-HSA-71406_R-HSA-70268_R-HSA-204174_P11177	-10.40553	0.00000	0.00000
CID_208898	R-HSA-1430728_R-HSA-196854_R-HSA-196849_R-HSA-196807_R-HSA-197264_Q16647	-9.28052	0.00000	0.00000
CID_208898	R-HSA-1430728_R-HSA-163685_R-HSA-163767_P67775	-3.63809	0.00500	0.04608
CID_208898	R-HSA-1430728_R-HSA-163685_R-HSA-422356_R-HSA-400042_Q08289	-0.49686	0.00500	0.04608
CID_208898	R-HSA-1430728_R-HSA-196854_R-HSA-6806667_R-HSA-975634_O95237	-9.00226	0.00500	0.04608
CID_208898	R-HSA-1430728_R-HSA-196854_R-HSA-6806667_R-HSA-975634_P02753	-9.10857	0.00500	0.04608
CID_208898	R-HSA-1430728_R-HSA-196854_R-HSA-6806667_R-HSA-975634_P50120	-9.09336	0.00500	0.04608
CID_208898	R-HSA-1430728_R-HSA-196854_R-HSA-6806667_R-HSA-975634_P09455	-9.07007	0.00500	0.04608
CID_208898	R-HSA-1430728_R-HSA-196854_R-HSA-196849_R-HSA-196741_O60494	-9.63444	0.00500	0.04608
CID_208898	R-HSA-1430728_R-HSA-196854_R-HSA-196849_R-HSA-196780_Q9Y289	-9.88172	0.00500	0.04608
CID_208898	R-HSA-1430728_R-HSA-196854_R-HSA-196849_R-HSA-196757_P34897	-8.95750	0.00500	0.04608
CID_208898	R-HSA-1430728_R-HSA-196854_R-HSA-196849_R-HSA-196757_P34896	-8.95624	0.00500	0.04608
CID_208898	R-HSA-1430728_R-HSA-196854_R-HSA-196849_R-HSA-196836_P78417	-7.59950	0.00500	0.04608
CID_208898	R-HSA-1430728_R-HSA-71387_R-HSA-70326_R-HSA-70263_P00558	-7.37774	0.00500	0.04608
CID_208898	R-HSA-1430728_R-HSA-1428517_R-HSA-163200_R-HSA-611105_R-HSA-6799198_P19404	-10.87440	0.00500	0.04608
CID_208898	R-HSA-1430728_R-HSA-1428517_R-HSA-163200_R-HSA-611105_R-HSA-6799198_Q16795	-10.87370	0.00500	0.04608
CID_208898	R-HSA-1430728_R-HSA-1428517_R-HSA-163200_R-HSA-611105_R-HSA-6799198_P51970	-10.87514	0.00500	0.04608
CID_208898	R-HSA-1430728_R-HSA-1428517_R-HSA-163200_R-HSA-611105_R-HSA-6799198_O95182	-10.87522	0.00500	0.04608
CID_208898	R-HSA-1430728_R-HSA-1428517_R-HSA-163200_R-HSA-611105_R-HSA-6799198_P56556	-10.87401	0.00500	0.04608
CID_208898	R-HSA-1430728_R-HSA-1428517_R-HSA-163200_R-HSA-611105_R-HSA-6799198_Q16718	-10.87418	0.00500	0.04608
CID_208898	R-HSA-1430728_R-HSA-1428517_R-HSA-163200_R-HSA-611105_R-HSA-6799198_O95167	-10.87400	0.00500	0.04608
CID_208898	R-HSA-1430728_R-HSA-1428517_R-HSA-163200_R-HSA-611105_R-HSA-6799198_O43678	-10.87377	0.00500	0.04608
CID_208898	R-HSA-1430728_R-HSA-1428517_R-HSA-163200_R-HSA-611105_R-HSA-6799198_O15239	-10.87433	0.00500	0.04608
CID_208898	R-HSA-1430728_R-HSA-1428517_R-HSA-163200_R-HSA-611105_R-HSA-6799198_O95299	-10.87396	0.00500	0.04608
CID_208898	R-HSA-1430728_R-HSA-1428517_R-HSA-163200_R-HSA-611105_R-HSA-6799198_O75438	-10.87486	0.00500	0.04608
CID_208898	R-HSA-1430728_R-HSA-1428517_R-HSA-163200_R-HSA-611105_R-HSA-6799198_O95178	-10.87466	0.00500	0.04608
CID_208898	R-HSA-1430728_R-HSA-1428517_R-HSA-163200_R-HSA-611105_R-HSA-6799198_O00217	-10.87411	0.00500	0.04608
CID_208898	R-HSA-1430728_R-HSA-1428517_R-HSA-163200_R-HSA-611105_R-HSA-6799198_O75380	-10.87465	0.00500	0.04608
CID_208898	R-HSA-1430728_R-HSA-1428517_R-HSA-163200_R-HSA-611105_R-HSA-6799198_O43920	-10.87436	0.00500	0.04608
CID_208898	R-HSA-1430728_R-HSA-1428517_R-HSA-163200_R-HSA-611105_R-HSA-6799198_O43181	-10.87371	0.00500	0.04608
CID_208898	R-HSA-1430728_R-HSA-1428517_R-HSA-163200_R-HSA-611105_R-HSA-6799198_P49821	-10.87372	0.00500	0.04608
CID_208898	R-HSA-1430728_R-HSA-1428517_R-HSA-163200_R-HSA-611105_R-HSA-6799198_O75489	-10.87420	0.00500	0.04608
CID_208898	R-HSA-1430728_R-HSA-1428517_R-HSA-163200_R-HSA-611105_R-HSA-6799198_O75306	-10.87497	0.00500	0.04608
CID_208898	R-HSA-1430728_R-HSA-1428517_R-HSA-163200_R-HSA-611105_R-HSA-6799198_P56181	-10.87365	0.00500	0.04608
CID_208898	R-HSA-1430728_R-HSA-1428517_R-HSA-163200_R-HSA-611105_R-HSA-6799198_P28331	-10.87384	0.00500	0.04608
CID_208898	R-HSA-1430728_R-HSA-1428517_R-HSA-163200_R-HSA-611105_R-HSA-6799198_O95298	-10.87414	0.00500	0.04608
CID_208898	R-HSA-1430728_R-HSA-1428517_R-HSA-163200_R-HSA-611105_R-HSA-6799198_O43677	-10.87399	0.00500	0.04608
CID_208898	R-HSA-1430728_R-HSA-1428517_R-HSA-163200_R-HSA-611105_R-HSA-6799198_O96000	-10.87411	0.00500	0.04608
CID_208898	R-HSA-1430728_R-HSA-1428517_R-HSA-163200_R-HSA-611105_R-HSA-6799198_Q9Y6M9	-10.87424	0.00500	0.04608
CID_208898	R-HSA-1430728_R-HSA-1428517_R-HSA-163200_R-HSA-611105_R-HSA-6799198_O95169	-10.87438	0.00500	0.04608
CID_208898	R-HSA-1430728_R-HSA-1428517_R-HSA-163200_R-HSA-611105_R-HSA-6799198_P17568	-10.87425	0.00500	0.04608
CID_208898	R-HSA-1430728_R-HSA-1428517_R-HSA-163200_R-HSA-611105_R-HSA-6799198_O95139	-10.87431	0.00500	0.04608
CID_208898	R-HSA-1430728_R-HSA-1428517_R-HSA-163200_R-HSA-611105_R-HSA-6799198_O43674	-10.87441	0.00500	0.04608
CID_208898	R-HSA-1430728_R-HSA-1428517_R-HSA-163200_R-HSA-611105_R-HSA-6799198_O95168	-10.87426	0.00500	0.04608
CID_208898	R-HSA-1430728_R-HSA-1428517_R-HSA-163200_R-HSA-611105_R-HSA-6799198_O43676	-10.87385	0.00500	0.04608
CID_208898	R-HSA-1430728_R-HSA-196854_R-HSA-196849_R-HSA-196807_R-HSA-197264_P40261	-9.10262	0.00500	0.04608
CID_208898	R-HSA-1430728_R-HSA-71387_R-HSA-70326_R-HSA-70171_R-HSA-9634600_P67775	-8.79773	0.00500	0.04608
CID_208908	R-HSA-1430728_R-HSA-1483249_R-HSA-1855204_P0DP23	-3.19040	0.00000	0.00000
CID_208908	R-HSA-1430728_R-HSA-202131_R-HSA-203615_P0DP23	-2.63429	0.00000	0.00000
CID_208908	R-HSA-1430728_R-HSA-202131_R-HSA-203615_P29474	-2.82073	0.00000	0.00000
CID_208908	R-HSA-1430728_R-HSA-15869_R-HSA-499943_P04818	-3.31408	0.00000	0.00000
CID_208908	R-HSA-1430728_R-HSA-163685_R-HSA-163765_P30613	-2.20162	0.00000	0.00000
CID_208908	R-HSA-1430728_R-HSA-163685_R-HSA-163767_P62714	-3.30047	0.00000	0.00000
CID_208908	R-HSA-1430728_R-HSA-71291_R-HSA-389661_Q02218	-3.38769	0.00000	0.00000
CID_208908	R-HSA-1430728_R-HSA-71291_R-HSA-389661_O14561	-4.34601	0.00000	0.00000
CID_208908	R-HSA-1430728_R-HSA-71291_R-HSA-389661_P11177	-4.42590	0.00000	0.00000
CID_208908	R-HSA-1430728_R-HSA-71291_R-HSA-70895_P54687	-3.57304	0.00000	0.00000
CID_208908	R-HSA-1430728_R-HSA-71291_R-HSA-71288_P48066	-3.59308	0.00000	0.00000
CID_208908	R-HSA-1430728_R-HSA-71291_R-HSA-70921_P50135	-3.97787	0.00000	0.00000
CID_208908	R-HSA-1430728_R-HSA-71291_R-HSA-71064_Q02218	-3.34642	0.00000	0.00000
CID_208908	R-HSA-1430728_R-HSA-15869_R-HSA-8956319_R-HSA-73621_P19971	-4.49703	0.00000	0.00000
CID_208908	R-HSA-1430728_R-HSA-15869_R-HSA-8956319_R-HSA-73621_Q16831	-4.75325	0.00000	0.00000
CID_208908	R-HSA-1430728_R-HSA-15869_R-HSA-8956321_R-HSA-74217_P00813	-4.45943	0.00000	0.00000
CID_208908	R-HSA-1430728_R-HSA-15869_R-HSA-8956321_R-HSA-73614_P19971	-4.83532	0.00000	0.00000
CID_208908	R-HSA-1430728_R-HSA-15869_R-HSA-8956321_R-HSA-73614_Q16831	-5.09154	0.00000	0.00000
CID_208908	R-HSA-1430728_R-HSA-163685_R-HSA-422356_R-HSA-400042_Q01668	-1.58553	0.00000	0.00000
CID_208908	R-HSA-1430728_R-HSA-163685_R-HSA-422356_R-HSA-400042_Q13936	-1.73243	0.00000	0.00000
CID_208908	R-HSA-1430728_R-HSA-163685_R-HSA-422356_R-HSA-400042_Q9NY47	-1.50331	0.00000	0.00000
CID_208908	R-HSA-1430728_R-HSA-163685_R-HSA-422356_R-HSA-400042_Q08289	-2.02736	0.00000	0.00000
CID_208908	R-HSA-1430728_R-HSA-163685_R-HSA-422356_R-HSA-381676_Q9BQ31	-0.53382	0.00000	0.00000
CID_208908	R-HSA-1430728_R-HSA-71291_R-HSA-209776_R-HSA-209931_P17752	-4.22983	0.00000	0.00000
CID_208908	R-HSA-1430728_R-HSA-71291_R-HSA-2408522_R-HSA-2408557_P39023	-4.02749	0.00000	0.00000
CID_208908	R-HSA-1430728_R-HSA-71291_R-HSA-2408522_R-HSA-2408508_P50135	-5.35732	0.00000	0.00000
CID_208908	R-HSA-1430728_R-HSA-71291_R-HSA-2408522_R-HSA-2408508_P40261	-5.21155	0.00000	0.00000
CID_208908	R-HSA-1430728_R-HSA-71291_R-HSA-351202_R-HSA-350562_P20618	-3.89049	0.00000	0.00000
CID_208908	R-HSA-1430728_R-HSA-71291_R-HSA-351202_R-HSA-350562_P49721	-4.13489	0.00000	0.00000
CID_208908	R-HSA-1430728_R-HSA-71291_R-HSA-351202_R-HSA-350562_P28074	-3.85737	0.00000	0.00000
CID_208908	R-HSA-1430728_R-HSA-71291_R-HSA-351202_R-HSA-350562_P28062	-4.41090	0.00000	0.00000
CID_208908	R-HSA-1430728_R-HSA-71291_R-HSA-351202_R-HSA-350562_P25786	-4.37249	0.00000	0.00000
CID_208908	R-HSA-1430728_R-HSA-71291_R-HSA-351202_R-HSA-350562_Q99460	-4.32988	0.00000	0.00000
CID_208908	R-HSA-1430728_R-HSA-71291_R-HSA-351202_R-HSA-350562_Q13200	-4.40456	0.00000	0.00000
CID_208908	R-HSA-1430728_R-HSA-1428517_R-HSA-163200_R-HSA-163210_P30049	-5.18944	0.00000	0.00000
CID_208908	R-HSA-1430728_R-HSA-1428517_R-HSA-71406_R-HSA-71403_Q02218	-5.03204	0.00000	0.00000
CID_208908	R-HSA-1430728_R-HSA-196854_R-HSA-6806667_R-HSA-975634_O95237	-6.43527	0.00000	0.00000
CID_208908	R-HSA-1430728_R-HSA-196854_R-HSA-6806667_R-HSA-975634_P02753	-6.52981	0.00000	0.00000
CID_208908	R-HSA-1430728_R-HSA-196854_R-HSA-6806667_R-HSA-975634_P50120	-6.63095	0.00000	0.00000
CID_208908	R-HSA-1430728_R-HSA-196854_R-HSA-6806667_R-HSA-975634_P09455	-6.48854	0.00000	0.00000
CID_208908	R-HSA-1430728_R-HSA-196854_R-HSA-8978934_R-HSA-1474151_P0DP23	-4.59323	0.00000	0.00000
CID_208908	R-HSA-1430728_R-HSA-196854_R-HSA-8978934_R-HSA-1474151_P29474	-4.77968	0.00000	0.00000
CID_208908	R-HSA-1430728_R-HSA-196854_R-HSA-196849_R-HSA-196741_P33527	-6.54100	0.00000	0.00000
CID_208908	R-HSA-1430728_R-HSA-196854_R-HSA-196849_R-HSA-196741_Q9UBK8	-7.54474	0.00000	0.00000
CID_208908	R-HSA-1430728_R-HSA-196854_R-HSA-196849_R-HSA-196741_O60494	-7.52152	0.00000	0.00000
CID_208908	R-HSA-1430728_R-HSA-196854_R-HSA-196849_R-HSA-196780_P05165	-11.09157	0.00000	0.00000
CID_208908	R-HSA-1430728_R-HSA-196854_R-HSA-196849_R-HSA-196780_P11498	-5.38404	0.00000	0.00000
CID_208908	R-HSA-1430728_R-HSA-196854_R-HSA-196849_R-HSA-196780_Q9Y289	-7.76872	0.00000	0.00000
CID_208908	R-HSA-1430728_R-HSA-196854_R-HSA-196849_R-HSA-196757_Q96NT5	-6.24654	0.00000	0.00000
CID_208908	R-HSA-1430728_R-HSA-196854_R-HSA-196849_R-HSA-196757_P41440	-6.33064	0.00000	0.00000
CID_208908	R-HSA-1430728_R-HSA-196854_R-HSA-196849_R-HSA-196757_P34897	-6.84460	0.00000	0.00000
CID_208908	R-HSA-1430728_R-HSA-196854_R-HSA-196849_R-HSA-196757_P34896	-6.84335	0.00000	0.00000
CID_208908	R-HSA-1430728_R-HSA-196854_R-HSA-196849_R-HSA-196836_P78417	-5.50730	0.00000	0.00000
CID_208908	R-HSA-1430728_R-HSA-196854_R-HSA-196849_R-HSA-196836_Q9UHI7	-5.31360	0.00000	0.00000
CID_208908	R-HSA-1430728_R-HSA-71387_R-HSA-8982491_R-HSA-70221_P0DP23	-3.36986	0.00000	0.00000
CID_208908	R-HSA-1430728_R-HSA-71387_R-HSA-8982491_R-HSA-70221_P06737	-6.18103	0.00000	0.00000
CID_208908	R-HSA-1430728_R-HSA-71387_R-HSA-70326_R-HSA-70263_P11498	-5.05608	0.00000	0.00000
CID_208908	R-HSA-1430728_R-HSA-71387_R-HSA-70326_R-HSA-70263_P00558	-5.30329	0.00000	0.00000
CID_208908	R-HSA-1430728_R-HSA-1428517_R-HSA-163200_R-HSA-611105_R-HSA-6799198_P19404	-8.17679	0.00000	0.00000
CID_208908	R-HSA-1430728_R-HSA-1428517_R-HSA-163200_R-HSA-611105_R-HSA-6799198_Q16795	-8.17609	0.00000	0.00000
CID_208908	R-HSA-1430728_R-HSA-1428517_R-HSA-163200_R-HSA-611105_R-HSA-6799198_P51970	-8.17752	0.00000	0.00000
CID_208908	R-HSA-1430728_R-HSA-1428517_R-HSA-163200_R-HSA-611105_R-HSA-6799198_O95182	-8.17760	0.00000	0.00000
CID_208908	R-HSA-1430728_R-HSA-1428517_R-HSA-163200_R-HSA-611105_R-HSA-6799198_P56556	-8.17640	0.00000	0.00000
CID_208908	R-HSA-1430728_R-HSA-1428517_R-HSA-163200_R-HSA-611105_R-HSA-6799198_Q16718	-8.17657	0.00000	0.00000
CID_208908	R-HSA-1430728_R-HSA-1428517_R-HSA-163200_R-HSA-611105_R-HSA-6799198_O95167	-8.17639	0.00000	0.00000
CID_208908	R-HSA-1430728_R-HSA-1428517_R-HSA-163200_R-HSA-611105_R-HSA-6799198_O43678	-8.17615	0.00000	0.00000
CID_208908	R-HSA-1430728_R-HSA-1428517_R-HSA-163200_R-HSA-611105_R-HSA-6799198_O15239	-8.17671	0.00000	0.00000
CID_208908	R-HSA-1430728_R-HSA-1428517_R-HSA-163200_R-HSA-611105_R-HSA-6799198_O95299	-8.17635	0.00000	0.00000
CID_208908	R-HSA-1430728_R-HSA-1428517_R-HSA-163200_R-HSA-611105_R-HSA-6799198_O14561	-7.32732	0.00000	0.00000
CID_208908	R-HSA-1430728_R-HSA-1428517_R-HSA-163200_R-HSA-611105_R-HSA-6799198_O75438	-8.17724	0.00000	0.00000
CID_208908	R-HSA-1430728_R-HSA-1428517_R-HSA-163200_R-HSA-611105_R-HSA-6799198_O95178	-8.17704	0.00000	0.00000
CID_208908	R-HSA-1430728_R-HSA-1428517_R-HSA-163200_R-HSA-611105_R-HSA-6799198_O00217	-8.17650	0.00000	0.00000
CID_208908	R-HSA-1430728_R-HSA-1428517_R-HSA-163200_R-HSA-611105_R-HSA-6799198_O75380	-8.17704	0.00000	0.00000
CID_208908	R-HSA-1430728_R-HSA-1428517_R-HSA-163200_R-HSA-611105_R-HSA-6799198_O43920	-8.17675	0.00000	0.00000
CID_208908	R-HSA-1430728_R-HSA-1428517_R-HSA-163200_R-HSA-611105_R-HSA-6799198_O43181	-8.17610	0.00000	0.00000
CID_208908	R-HSA-1430728_R-HSA-1428517_R-HSA-163200_R-HSA-611105_R-HSA-6799198_P49821	-8.17611	0.00000	0.00000
CID_208908	R-HSA-1430728_R-HSA-1428517_R-HSA-163200_R-HSA-611105_R-HSA-6799198_O75489	-8.17659	0.00000	0.00000
CID_208908	R-HSA-1430728_R-HSA-1428517_R-HSA-163200_R-HSA-611105_R-HSA-6799198_O75306	-8.17735	0.00000	0.00000
CID_208908	R-HSA-1430728_R-HSA-1428517_R-HSA-163200_R-HSA-611105_R-HSA-6799198_P56181	-8.17604	0.00000	0.00000
CID_208908	R-HSA-1430728_R-HSA-1428517_R-HSA-163200_R-HSA-611105_R-HSA-6799198_P28331	-8.17623	0.00000	0.00000
CID_208908	R-HSA-1430728_R-HSA-1428517_R-HSA-163200_R-HSA-611105_R-HSA-6799198_O95298	-8.17653	0.00000	0.00000
CID_208908	R-HSA-1430728_R-HSA-1428517_R-HSA-163200_R-HSA-611105_R-HSA-6799198_O43677	-8.17638	0.00000	0.00000
CID_208908	R-HSA-1430728_R-HSA-1428517_R-HSA-163200_R-HSA-611105_R-HSA-6799198_O96000	-8.17650	0.00000	0.00000
CID_208908	R-HSA-1430728_R-HSA-1428517_R-HSA-163200_R-HSA-611105_R-HSA-6799198_Q9Y6M9	-8.17663	0.00000	0.00000
CID_208908	R-HSA-1430728_R-HSA-1428517_R-HSA-163200_R-HSA-611105_R-HSA-6799198_O95169	-8.17677	0.00000	0.00000
CID_208908	R-HSA-1430728_R-HSA-1428517_R-HSA-163200_R-HSA-611105_R-HSA-6799198_P17568	-8.17663	0.00000	0.00000
CID_208908	R-HSA-1430728_R-HSA-1428517_R-HSA-163200_R-HSA-611105_R-HSA-6799198_O95139	-8.17670	0.00000	0.00000
CID_208908	R-HSA-1430728_R-HSA-1428517_R-HSA-163200_R-HSA-611105_R-HSA-6799198_O43674	-8.17679	0.00000	0.00000
CID_208908	R-HSA-1430728_R-HSA-1428517_R-HSA-163200_R-HSA-611105_R-HSA-6799198_O95168	-8.17665	0.00000	0.00000
CID_208908	R-HSA-1430728_R-HSA-1428517_R-HSA-163200_R-HSA-611105_R-HSA-6799198_O43676	-8.17624	0.00000	0.00000
CID_208908	R-HSA-1430728_R-HSA-1428517_R-HSA-71406_R-HSA-70268_R-HSA-204174_P19793	-6.44948	0.00000	0.00000
CID_208908	R-HSA-1430728_R-HSA-1428517_R-HSA-71406_R-HSA-70268_R-HSA-204174_P11177	-7.74255	0.00000	0.00000
CID_208908	R-HSA-1430728_R-HSA-196854_R-HSA-196849_R-HSA-196807_R-HSA-197264_P40261	-6.42651	0.00000	0.00000
CID_208908	R-HSA-1430728_R-HSA-196854_R-HSA-196849_R-HSA-196807_R-HSA-197264_Q16647	-6.60688	0.00000	0.00000
CID_208908	R-HSA-1430728_R-HSA-1475029_Q8N1Q1	-2.71971	0.00500	0.04608
CID_208908	R-HSA-1430728_R-HSA-163685_R-HSA-163680_O43741	-5.06704	0.00500	0.04608
CID_208908	R-HSA-1430728_R-HSA-163685_R-HSA-163767_P67775	-3.60173	0.00500	0.04608
CID_208908	R-HSA-1430728_R-HSA-71387_R-HSA-70326_R-HSA-70171_R-HSA-9634600_P62714	-6.41134	0.00500	0.04608
CID_208908	R-HSA-1430728_R-HSA-71387_R-HSA-70326_R-HSA-70171_R-HSA-9634600_P67775	-6.71260	0.00500	0.04608
CID_2157	R-HSA-1430728_R-HSA-1483249_R-HSA-1855204_P0DP23	-4.11934	0.00000	0.00000
CID_2157	R-HSA-1430728_R-HSA-202131_R-HSA-203615_P0DP23	-4.30717	0.00000	0.00000
CID_2157	R-HSA-1430728_R-HSA-202131_R-HSA-203615_P29474	-4.73528	0.00000	0.00000
CID_2157	R-HSA-1430728_R-HSA-15869_R-HSA-499943_P04818	-3.98430	0.00000	0.00000
CID_2157	R-HSA-1430728_R-HSA-163685_R-HSA-163680_O43741	-3.91909	0.00000	0.00000
CID_2157	R-HSA-1430728_R-HSA-163685_R-HSA-163765_P30613	-2.99896	0.00000	0.00000
CID_2157	R-HSA-1430728_R-HSA-163685_R-HSA-163767_P62714	-3.37439	0.00000	0.00000
CID_2157	R-HSA-1430728_R-HSA-163685_R-HSA-163767_P67775	-3.34888	0.00000	0.00000
CID_2157	R-HSA-1430728_R-HSA-71291_R-HSA-389661_Q02218	-3.86431	0.00000	0.00000
CID_2157	R-HSA-1430728_R-HSA-71291_R-HSA-389661_O14561	-4.85838	0.00000	0.00000
CID_2157	R-HSA-1430728_R-HSA-71291_R-HSA-389661_P11177	-4.93611	0.00000	0.00000
CID_2157	R-HSA-1430728_R-HSA-71291_R-HSA-70895_P24752	-4.78201	0.00000	0.00000
CID_2157	R-HSA-1430728_R-HSA-71291_R-HSA-70895_P54687	-4.08716	0.00000	0.00000
CID_2157	R-HSA-1430728_R-HSA-71291_R-HSA-71288_P48066	-4.14081	0.00000	0.00000
CID_2157	R-HSA-1430728_R-HSA-71291_R-HSA-70921_P50135	-4.48560	0.00000	0.00000
CID_2157	R-HSA-1430728_R-HSA-71291_R-HSA-71064_Q02218	-3.82241	0.00000	0.00000
CID_2157	R-HSA-1430728_R-HSA-211859_R-HSA-5423646_P10620	-6.21614	0.00000	0.00000
CID_2157	R-HSA-1430728_R-HSA-211859_R-HSA-5423646_O14880	-6.20484	0.00000	0.00000
CID_2157	R-HSA-1430728_R-HSA-15869_R-HSA-8956319_R-HSA-73621_P19971	-5.41616	0.00000	0.00000
CID_2157	R-HSA-1430728_R-HSA-15869_R-HSA-8956319_R-HSA-73621_Q16831	-5.67192	0.00000	0.00000
CID_2157	R-HSA-1430728_R-HSA-15869_R-HSA-8956321_R-HSA-73614_P19971	-5.82422	0.00000	0.00000
CID_2157	R-HSA-1430728_R-HSA-15869_R-HSA-8956321_R-HSA-73614_Q16831	-6.07998	0.00000	0.00000
CID_2157	R-HSA-1430728_R-HSA-163685_R-HSA-422356_R-HSA-381676_Q9BQ31	-1.61583	0.00000	0.00000
CID_2157	R-HSA-1430728_R-HSA-71291_R-HSA-209776_R-HSA-209931_P17752	-5.05240	0.00000	0.00000
CID_2157	R-HSA-1430728_R-HSA-71291_R-HSA-2408522_R-HSA-2408557_P39023	-4.78652	0.00000	0.00000
CID_2157	R-HSA-1430728_R-HSA-71291_R-HSA-2408522_R-HSA-2408508_P50135	-6.12114	0.00000	0.00000
CID_2157	R-HSA-1430728_R-HSA-71291_R-HSA-2408522_R-HSA-2408508_P40261	-5.95983	0.00000	0.00000
CID_2157	R-HSA-1430728_R-HSA-71291_R-HSA-351202_R-HSA-350562_P20618	-4.81073	0.00000	0.00000
CID_2157	R-HSA-1430728_R-HSA-71291_R-HSA-351202_R-HSA-350562_P49721	-5.04081	0.00000	0.00000
CID_2157	R-HSA-1430728_R-HSA-71291_R-HSA-351202_R-HSA-350562_P28074	-4.77634	0.00000	0.00000
CID_2157	R-HSA-1430728_R-HSA-71291_R-HSA-351202_R-HSA-350562_P28062	-5.31347	0.00000	0.00000
CID_2157	R-HSA-1430728_R-HSA-71291_R-HSA-351202_R-HSA-350562_P25786	-5.25577	0.00000	0.00000
CID_2157	R-HSA-1430728_R-HSA-71291_R-HSA-351202_R-HSA-350562_Q99460	-5.21922	0.00000	0.00000
CID_2157	R-HSA-1430728_R-HSA-71291_R-HSA-351202_R-HSA-350562_Q13200	-5.28286	0.00000	0.00000
CID_2157	R-HSA-1430728_R-HSA-1428517_R-HSA-163200_R-HSA-163210_P30049	-5.91413	0.00000	0.00000
CID_2157	R-HSA-1430728_R-HSA-1428517_R-HSA-71406_R-HSA-71403_Q02218	-5.60841	0.00000	0.00000
CID_2157	R-HSA-1430728_R-HSA-196854_R-HSA-8978934_R-HSA-1474151_P0DP23	-5.52893	0.00000	0.00000
CID_2157	R-HSA-1430728_R-HSA-196854_R-HSA-8978934_R-HSA-1474151_P29474	-5.95704	0.00000	0.00000
CID_2157	R-HSA-1430728_R-HSA-196854_R-HSA-196849_R-HSA-196741_P22033	-6.52120	0.00000	0.00000
CID_2157	R-HSA-1430728_R-HSA-196854_R-HSA-196849_R-HSA-196780_P11498	-6.02250	0.00000	0.00000
CID_2157	R-HSA-1430728_R-HSA-196854_R-HSA-196849_R-HSA-196780_Q9Y289	-8.45977	0.00000	0.00000
CID_2157	R-HSA-1430728_R-HSA-196854_R-HSA-196849_R-HSA-196757_Q96NT5	-6.93741	0.00000	0.00000
CID_2157	R-HSA-1430728_R-HSA-196854_R-HSA-196849_R-HSA-196757_P41440	-7.02094	0.00000	0.00000
CID_2157	R-HSA-1430728_R-HSA-196854_R-HSA-196849_R-HSA-196757_P34897	-7.53547	0.00000	0.00000
CID_2157	R-HSA-1430728_R-HSA-196854_R-HSA-196849_R-HSA-196757_P34896	-7.53422	0.00000	0.00000
CID_2157	R-HSA-1430728_R-HSA-71387_R-HSA-8982491_R-HSA-70221_P0DP23	-4.25581	0.00000	0.00000
CID_2157	R-HSA-1430728_R-HSA-71387_R-HSA-8982491_R-HSA-70221_P06737	-6.84506	0.00000	0.00000
CID_2157	R-HSA-1430728_R-HSA-71387_R-HSA-70326_R-HSA-70263_P11498	-5.49351	0.00000	0.00000
CID_2157	R-HSA-1430728_R-HSA-71387_R-HSA-70326_R-HSA-70263_P00558	-5.69788	0.00000	0.00000
CID_2157	R-HSA-1430728_R-HSA-211859_R-HSA-211945_R-HSA-8937144_P35869	-6.94289	0.00000	0.00000
CID_2157	R-HSA-1430728_R-HSA-211859_R-HSA-156580_R-HSA-156581_Q9UBK8	-8.17645	0.00000	0.00000
CID_2157	R-HSA-1430728_R-HSA-556833_R-HSA-400206_R-HSA-1989781_P35869	-5.15192	0.00000	0.00000
CID_2157	R-HSA-1430728_R-HSA-556833_R-HSA-400206_R-HSA-1989781_O60427	-5.83315	0.00000	0.00000
CID_2157	R-HSA-1430728_R-HSA-556833_R-HSA-400206_R-HSA-1989781_Q9Y6Q9	-5.66950	0.00000	0.00000
CID_2157	R-HSA-1430728_R-HSA-556833_R-HSA-8978868_R-HSA-200425_O43741	-6.82785	0.00000	0.00000
CID_2157	R-HSA-1430728_R-HSA-556833_R-HSA-8957322_R-HSA-196791_P02774	-5.61872	0.00000	0.00000
CID_2157	R-HSA-1430728_R-HSA-556833_R-HSA-8957322_R-HSA-196791_O60494	-6.90823	0.00000	0.00000
CID_2157	R-HSA-1430728_R-HSA-556833_R-HSA-8957322_R-HSA-191273_Q15125	-2.09490	0.00000	0.00000
CID_2157	R-HSA-1430728_R-HSA-1428517_R-HSA-163200_R-HSA-611105_R-HSA-6799198_P19404	-9.23707	0.00000	0.00000
CID_2157	R-HSA-1430728_R-HSA-1428517_R-HSA-163200_R-HSA-611105_R-HSA-6799198_Q16795	-9.23636	0.00000	0.00000
CID_2157	R-HSA-1430728_R-HSA-1428517_R-HSA-163200_R-HSA-611105_R-HSA-6799198_P51970	-9.23782	0.00000	0.00000
CID_2157	R-HSA-1430728_R-HSA-1428517_R-HSA-163200_R-HSA-611105_R-HSA-6799198_O95182	-9.23791	0.00000	0.00000
CID_2157	R-HSA-1430728_R-HSA-1428517_R-HSA-163200_R-HSA-611105_R-HSA-6799198_P56556	-9.23667	0.00000	0.00000
CID_2157	R-HSA-1430728_R-HSA-1428517_R-HSA-163200_R-HSA-611105_R-HSA-6799198_Q16718	-9.23685	0.00000	0.00000
CID_2157	R-HSA-1430728_R-HSA-1428517_R-HSA-163200_R-HSA-611105_R-HSA-6799198_O95167	-9.23666	0.00000	0.00000
CID_2157	R-HSA-1430728_R-HSA-1428517_R-HSA-163200_R-HSA-611105_R-HSA-6799198_O43678	-9.23642	0.00000	0.00000
CID_2157	R-HSA-1430728_R-HSA-1428517_R-HSA-163200_R-HSA-611105_R-HSA-6799198_O15239	-9.23700	0.00000	0.00000
CID_2157	R-HSA-1430728_R-HSA-1428517_R-HSA-163200_R-HSA-611105_R-HSA-6799198_O95299	-9.23662	0.00000	0.00000
CID_2157	R-HSA-1430728_R-HSA-1428517_R-HSA-163200_R-HSA-611105_R-HSA-6799198_O14561	-8.37388	0.00000	0.00000
CID_2157	R-HSA-1430728_R-HSA-1428517_R-HSA-163200_R-HSA-611105_R-HSA-6799198_O75438	-9.23754	0.00000	0.00000
CID_2157	R-HSA-1430728_R-HSA-1428517_R-HSA-163200_R-HSA-611105_R-HSA-6799198_O95178	-9.23733	0.00000	0.00000
CID_2157	R-HSA-1430728_R-HSA-1428517_R-HSA-163200_R-HSA-611105_R-HSA-6799198_O00217	-9.23677	0.00000	0.00000
CID_2157	R-HSA-1430728_R-HSA-1428517_R-HSA-163200_R-HSA-611105_R-HSA-6799198_O75380	-9.23733	0.00000	0.00000
CID_2157	R-HSA-1430728_R-HSA-1428517_R-HSA-163200_R-HSA-611105_R-HSA-6799198_O43920	-9.23703	0.00000	0.00000
CID_2157	R-HSA-1430728_R-HSA-1428517_R-HSA-163200_R-HSA-611105_R-HSA-6799198_O43181	-9.23637	0.00000	0.00000
CID_2157	R-HSA-1430728_R-HSA-1428517_R-HSA-163200_R-HSA-611105_R-HSA-6799198_P49821	-9.23638	0.00000	0.00000
CID_2157	R-HSA-1430728_R-HSA-1428517_R-HSA-163200_R-HSA-611105_R-HSA-6799198_O75489	-9.23687	0.00000	0.00000
CID_2157	R-HSA-1430728_R-HSA-1428517_R-HSA-163200_R-HSA-611105_R-HSA-6799198_O75306	-9.23766	0.00000	0.00000
CID_2157	R-HSA-1430728_R-HSA-1428517_R-HSA-163200_R-HSA-611105_R-HSA-6799198_P56181	-9.23631	0.00000	0.00000
CID_2157	R-HSA-1430728_R-HSA-1428517_R-HSA-163200_R-HSA-611105_R-HSA-6799198_P28331	-9.23649	0.00000	0.00000
CID_2157	R-HSA-1430728_R-HSA-1428517_R-HSA-163200_R-HSA-611105_R-HSA-6799198_O95298	-9.23681	0.00000	0.00000
CID_2157	R-HSA-1430728_R-HSA-1428517_R-HSA-163200_R-HSA-611105_R-HSA-6799198_O43677	-9.23665	0.00000	0.00000
CID_2157	R-HSA-1430728_R-HSA-1428517_R-HSA-163200_R-HSA-611105_R-HSA-6799198_O96000	-9.23677	0.00000	0.00000
CID_2157	R-HSA-1430728_R-HSA-1428517_R-HSA-163200_R-HSA-611105_R-HSA-6799198_Q9Y6M9	-9.23691	0.00000	0.00000
CID_2157	R-HSA-1430728_R-HSA-1428517_R-HSA-163200_R-HSA-611105_R-HSA-6799198_O95169	-9.23705	0.00000	0.00000
CID_2157	R-HSA-1430728_R-HSA-1428517_R-HSA-163200_R-HSA-611105_R-HSA-6799198_P17568	-9.23691	0.00000	0.00000
CID_2157	R-HSA-1430728_R-HSA-1428517_R-HSA-163200_R-HSA-611105_R-HSA-6799198_O95139	-9.23698	0.00000	0.00000
CID_2157	R-HSA-1430728_R-HSA-1428517_R-HSA-163200_R-HSA-611105_R-HSA-6799198_O43674	-9.23707	0.00000	0.00000
CID_2157	R-HSA-1430728_R-HSA-1428517_R-HSA-163200_R-HSA-611105_R-HSA-6799198_O95168	-9.23693	0.00000	0.00000
CID_2157	R-HSA-1430728_R-HSA-1428517_R-HSA-163200_R-HSA-611105_R-HSA-6799198_O43676	-9.23651	0.00000	0.00000
CID_2157	R-HSA-1430728_R-HSA-1428517_R-HSA-71406_R-HSA-70268_R-HSA-204174_P19793	-6.94946	0.00000	0.00000
CID_2157	R-HSA-1430728_R-HSA-1428517_R-HSA-71406_R-HSA-70268_R-HSA-204174_P11177	-8.59139	0.00000	0.00000
CID_2157	R-HSA-1430728_R-HSA-71387_R-HSA-70326_R-HSA-70171_R-HSA-9634600_P67775	-7.03453	0.00000	0.00000
CID_2157	R-HSA-1430728_R-HSA-211859_R-HSA-211945_R-HSA-211897_R-HSA-211976_P35869	-7.24013	0.00000	0.00000
CID_2157	R-HSA-1430728_R-HSA-211859_R-HSA-211945_R-HSA-211897_R-HSA-211976_Q16647	-7.59928	0.00000	0.00000
CID_2157	R-HSA-1430728_R-HSA-556833_R-HSA-8978868_R-HSA-2142753_R-HSA-2142670_P04798	-45.60677	0.00000	0.00000
CID_2157	R-HSA-1430728_R-HSA-556833_R-HSA-8978868_R-HSA-2142753_R-HSA-2142816_Q16678	-9.91192	0.00000	0.00000
CID_2157	R-HSA-1430728_R-HSA-556833_R-HSA-8978868_R-HSA-2142753_R-HSA-2142816_P04798	-9.00911	0.00000	0.00000
CID_2157	R-HSA-1430728_R-HSA-556833_R-HSA-8978868_R-HSA-2142753_R-HSA-2162123_P16152	-11.86518	0.00000	0.00000
CID_2157	R-HSA-1430728_R-HSA-556833_R-HSA-8978868_R-HSA-2142753_R-HSA-2162123_Q16647	-10.13388	0.00000	0.00000
CID_2157	R-HSA-1430728_R-HSA-556833_R-HSA-8978868_R-HSA-77289_R-HSA-71032_P22033	-8.52547	0.00000	0.00000
CID_2157	R-HSA-1430728_R-HSA-556833_R-HSA-8957322_R-HSA-1655829_R-HSA-2426168_P19793	-4.54548	0.00000	0.00000
CID_2157	R-HSA-1430728_R-HSA-1475029_Q8N1Q1	-2.32400	0.00500	0.04608
CID_2157	R-HSA-1430728_R-HSA-2161522_R-HSA-2161517_P08183	-4.92610	0.00500	0.04608
CID_2157	R-HSA-1430728_R-HSA-2161522_R-HSA-2161517_O15245	-4.98192	0.00500	0.04608
CID_2157	R-HSA-1430728_R-HSA-163685_R-HSA-422356_R-HSA-400042_Q9NY47	-0.34260	0.00500	0.04608
CID_2157	R-HSA-1430728_R-HSA-196854_R-HSA-196849_R-HSA-196741_P33527	-6.84299	0.00500	0.04608
CID_2157	R-HSA-1430728_R-HSA-196854_R-HSA-196849_R-HSA-196741_Q9UBK8	-7.05486	0.00500	0.04608
CID_2157	R-HSA-1430728_R-HSA-196854_R-HSA-196849_R-HSA-196741_O60494	-8.21131	0.00500	0.04608
CID_2157	R-HSA-1430728_R-HSA-196854_R-HSA-196849_R-HSA-196780_P05165	-11.78327	0.00500	0.04608
CID_2157	R-HSA-1430728_R-HSA-196854_R-HSA-196849_R-HSA-196836_P78417	-6.08692	0.00500	0.04608
CID_2157	R-HSA-1430728_R-HSA-196854_R-HSA-196849_R-HSA-196836_Q9UHI7	-6.00724	0.00500	0.04608
CID_2157	R-HSA-1430728_R-HSA-211859_R-HSA-156580_R-HSA-156581_P40261	-7.43930	0.00500	0.04608
CID_2157	R-HSA-1430728_R-HSA-211859_R-HSA-156580_R-HSA-156581_P78417	-7.75730	0.00500	0.04608
CID_2157	R-HSA-1430728_R-HSA-556833_R-HSA-400206_R-HSA-1989781_P19793	-4.37831	0.00500	0.04608
CID_2157	R-HSA-1430728_R-HSA-556833_R-HSA-9018678_R-HSA-2142700_Q16873	-6.15121	0.00500	0.04608
CID_2157	R-HSA-1430728_R-HSA-556833_R-HSA-8978868_R-HSA-200425_P19793	-5.63180	0.00500	0.04608
CID_2157	R-HSA-1430728_R-HSA-556833_R-HSA-8957322_R-HSA-196791_Q6VVX0	-5.61887	0.00500	0.04608
CID_2157	R-HSA-1430728_R-HSA-196854_R-HSA-196849_R-HSA-196807_R-HSA-197264_P40261	-7.37280	0.00500	0.04608
CID_2157	R-HSA-1430728_R-HSA-196854_R-HSA-196849_R-HSA-196807_R-HSA-197264_Q16647	-7.54788	0.00500	0.04608
CID_2157	R-HSA-1430728_R-HSA-211859_R-HSA-211945_R-HSA-211897_R-HSA-211976_Q16678	-7.78981	0.00500	0.04608
CID_2157	R-HSA-1430728_R-HSA-556833_R-HSA-1483257_R-HSA-1483206_R-HSA-1483191_P06276	-10.11544	0.00500	0.04608
CID_2157	R-HSA-1430728_R-HSA-556833_R-HSA-1483257_R-HSA-1483206_R-HSA-1483191_P22303	-10.77962	0.00500	0.04608
CID_2157	R-HSA-1430728_R-HSA-556833_R-HSA-1483257_R-HSA-1483206_R-HSA-1482788_P47712	-9.31094	0.00500	0.04608
CID_2157	R-HSA-1430728_R-HSA-556833_R-HSA-1483257_R-HSA-1483206_R-HSA-1482798_P47712	-9.79260	0.00500	0.04608
CID_2157	R-HSA-1430728_R-HSA-556833_R-HSA-1483257_R-HSA-1483206_R-HSA-1482801_P47712	-9.20287	0.00500	0.04608
CID_2157	R-HSA-1430728_R-HSA-556833_R-HSA-1483257_R-HSA-1483206_R-HSA-1482839_P47712	-9.08563	0.00500	0.04608
CID_2157	R-HSA-1430728_R-HSA-556833_R-HSA-1483257_R-HSA-1483206_R-HSA-1482922_P47712	-9.22346	0.00500	0.04608
CID_2157	R-HSA-1430728_R-HSA-556833_R-HSA-1483257_R-HSA-1483206_R-HSA-1482925_P47712	-8.77441	0.00500	0.04608
CID_2157	R-HSA-1430728_R-HSA-556833_R-HSA-1483257_R-HSA-1483206_R-HSA-1483166_P47712	-8.92113	0.00500	0.04608
CID_2157	R-HSA-1430728_R-HSA-556833_R-HSA-1483257_R-HSA-1483206_R-HSA-1483213_Q99447	-9.30881	0.00500	0.04608
CID_2157	R-HSA-1430728_R-HSA-556833_R-HSA-1483257_R-HSA-1483255_R-HSA-1660499_O00750	-9.68810	0.00500	0.04608
CID_2157	R-HSA-1430728_R-HSA-556833_R-HSA-1483257_R-HSA-1483255_R-HSA-1660499_Q8TBX8	-8.73726	0.00500	0.04608
CID_2157	R-HSA-1430728_R-HSA-556833_R-HSA-1483257_R-HSA-1483255_R-HSA-1660514_Q9UBF8	-9.96366	0.00500	0.04608
CID_2157	R-HSA-1430728_R-HSA-556833_R-HSA-8978868_R-HSA-2046104_R-HSA-2046106_O60427	-9.75673	0.00500	0.04608
CID_2157	R-HSA-1430728_R-HSA-556833_R-HSA-8978868_R-HSA-2046104_R-HSA-2046106_O95864	-10.40487	0.00500	0.04608
CID_2157	R-HSA-1430728_R-HSA-556833_R-HSA-8978868_R-HSA-2142753_R-HSA-2142691_P33527	-9.71030	0.00500	0.04608
CID_2157	R-HSA-1430728_R-HSA-556833_R-HSA-8978868_R-HSA-2142753_R-HSA-2142691_P13584	-9.74283	0.00500	0.04608
CID_2157	R-HSA-1430728_R-HSA-556833_R-HSA-8978868_R-HSA-2142753_R-HSA-2142691_Q16873	-9.29745	0.00500	0.04608
CID_2157	R-HSA-1430728_R-HSA-556833_R-HSA-8978868_R-HSA-2142753_R-HSA-2142688_Q15166	-11.47230	0.00500	0.04608
CID_2157	R-HSA-1430728_R-HSA-556833_R-HSA-8978868_R-HSA-2142753_R-HSA-2142688_Q16873	-9.97017	0.00500	0.04608
CID_2157	R-HSA-1430728_R-HSA-556833_R-HSA-8978868_R-HSA-390918_R-HSA-389599_O14832	-9.33416	0.00500	0.04608
CID_2157	R-HSA-1430728_R-HSA-556833_R-HSA-8978868_R-HSA-75105_R-HSA-75876_Q9GZR5	-10.67041	0.00500	0.04608
CID_2157	R-HSA-1430728_R-HSA-556833_R-HSA-8978868_R-HSA-77289_R-HSA-71032_P05165	-14.02150	0.00500	0.04608
CID_2170	R-HSA-1430728_R-HSA-1483249_R-HSA-1855204_P0DP23	-3.03089	0.00000	0.00000
CID_2170	R-HSA-1430728_R-HSA-202131_R-HSA-203615_P0DP23	-2.46943	0.00000	0.00000
CID_2170	R-HSA-1430728_R-HSA-202131_R-HSA-203615_P29474	-2.63748	0.00000	0.00000
CID_2170	R-HSA-1430728_R-HSA-15869_R-HSA-499943_P04818	-3.14027	0.00000	0.00000
CID_2170	R-HSA-1430728_R-HSA-163685_R-HSA-163765_P30613	-2.02175	0.00000	0.00000
CID_2170	R-HSA-1430728_R-HSA-163685_R-HSA-163767_P62714	-3.12974	0.00000	0.00000
CID_2170	R-HSA-1430728_R-HSA-71291_R-HSA-389661_Q02218	-3.21512	0.00000	0.00000
CID_2170	R-HSA-1430728_R-HSA-71291_R-HSA-389661_O14561	-4.17280	0.00000	0.00000
CID_2170	R-HSA-1430728_R-HSA-71291_R-HSA-389661_P11177	-4.25273	0.00000	0.00000
CID_2170	R-HSA-1430728_R-HSA-71291_R-HSA-70895_P54687	-3.39972	0.00000	0.00000
CID_2170	R-HSA-1430728_R-HSA-71291_R-HSA-71288_P48066	-3.41942	0.00000	0.00000
CID_2170	R-HSA-1430728_R-HSA-71291_R-HSA-70921_P50135	-3.80466	0.00000	0.00000
CID_2170	R-HSA-1430728_R-HSA-71291_R-HSA-71064_Q02218	-3.17383	0.00000	0.00000
CID_2170	R-HSA-1430728_R-HSA-15869_R-HSA-8956319_R-HSA-73621_P19971	-4.24771	0.00000	0.00000
CID_2170	R-HSA-1430728_R-HSA-15869_R-HSA-8956319_R-HSA-73621_Q16831	-4.50394	0.00000	0.00000
CID_2170	R-HSA-1430728_R-HSA-15869_R-HSA-8956321_R-HSA-74217_P00813	-4.20870	0.00000	0.00000
CID_2170	R-HSA-1430728_R-HSA-15869_R-HSA-8956321_R-HSA-73614_P19971	-4.58505	0.00000	0.00000
CID_2170	R-HSA-1430728_R-HSA-15869_R-HSA-8956321_R-HSA-73614_Q16831	-4.84128	0.00000	0.00000
CID_2170	R-HSA-1430728_R-HSA-163685_R-HSA-422356_R-HSA-400042_Q01668	-1.32498	0.00000	0.00000
CID_2170	R-HSA-1430728_R-HSA-163685_R-HSA-422356_R-HSA-400042_Q13936	-1.47188	0.00000	0.00000
CID_2170	R-HSA-1430728_R-HSA-163685_R-HSA-422356_R-HSA-400042_Q9NY47	-1.24276	0.00000	0.00000
CID_2170	R-HSA-1430728_R-HSA-163685_R-HSA-422356_R-HSA-400042_Q08289	-1.76682	0.00000	0.00000
CID_2170	R-HSA-1430728_R-HSA-163685_R-HSA-422356_R-HSA-381676_Q9BQ31	-0.27351	0.00000	0.00000
CID_2170	R-HSA-1430728_R-HSA-71291_R-HSA-209776_R-HSA-209931_P17752	-3.97969	0.00000	0.00000
CID_2170	R-HSA-1430728_R-HSA-71291_R-HSA-2408522_R-HSA-2408557_P39023	-3.77805	0.00000	0.00000
CID_2170	R-HSA-1430728_R-HSA-71291_R-HSA-2408522_R-HSA-2408508_P50135	-5.10787	0.00000	0.00000
CID_2170	R-HSA-1430728_R-HSA-71291_R-HSA-2408522_R-HSA-2408508_P40261	-4.96251	0.00000	0.00000
CID_2170	R-HSA-1430728_R-HSA-71291_R-HSA-351202_R-HSA-350562_P20618	-3.63963	0.00000	0.00000
CID_2170	R-HSA-1430728_R-HSA-71291_R-HSA-351202_R-HSA-350562_P49721	-3.88348	0.00000	0.00000
CID_2170	R-HSA-1430728_R-HSA-71291_R-HSA-351202_R-HSA-350562_P28074	-3.60630	0.00000	0.00000
CID_2170	R-HSA-1430728_R-HSA-71291_R-HSA-351202_R-HSA-350562_P28062	-4.16088	0.00000	0.00000
CID_2170	R-HSA-1430728_R-HSA-71291_R-HSA-351202_R-HSA-350562_P25786	-4.11861	0.00000	0.00000
CID_2170	R-HSA-1430728_R-HSA-71291_R-HSA-351202_R-HSA-350562_Q99460	-4.07653	0.00000	0.00000
CID_2170	R-HSA-1430728_R-HSA-71291_R-HSA-351202_R-HSA-350562_Q13200	-4.15028	0.00000	0.00000
CID_2170	R-HSA-1430728_R-HSA-1428517_R-HSA-71406_R-HSA-71403_Q02218	-4.78639	0.00000	0.00000
CID_2170	R-HSA-1430728_R-HSA-196854_R-HSA-6806667_R-HSA-975634_O95237	-6.12641	0.00000	0.00000
CID_2170	R-HSA-1430728_R-HSA-196854_R-HSA-6806667_R-HSA-975634_P02753	-6.21982	0.00000	0.00000
CID_2170	R-HSA-1430728_R-HSA-196854_R-HSA-6806667_R-HSA-975634_P50120	-6.33291	0.00000	0.00000
CID_2170	R-HSA-1430728_R-HSA-196854_R-HSA-6806667_R-HSA-975634_P09455	-6.17843	0.00000	0.00000
CID_2170	R-HSA-1430728_R-HSA-196854_R-HSA-8978934_R-HSA-1474151_P0DP23	-4.36083	0.00000	0.00000
CID_2170	R-HSA-1430728_R-HSA-196854_R-HSA-8978934_R-HSA-1474151_P29474	-4.52887	0.00000	0.00000
CID_2170	R-HSA-1430728_R-HSA-196854_R-HSA-196849_R-HSA-196741_P33527	-6.29487	0.00000	0.00000
CID_2170	R-HSA-1430728_R-HSA-196854_R-HSA-196849_R-HSA-196741_Q9UBK8	-7.39121	0.00000	0.00000
CID_2170	R-HSA-1430728_R-HSA-196854_R-HSA-196849_R-HSA-196741_O60494	-7.27461	0.00000	0.00000
CID_2170	R-HSA-1430728_R-HSA-196854_R-HSA-196849_R-HSA-196780_P11498	-5.13795	0.00000	0.00000
CID_2170	R-HSA-1430728_R-HSA-196854_R-HSA-196849_R-HSA-196780_Q9Y289	-7.52180	0.00000	0.00000
CID_2170	R-HSA-1430728_R-HSA-196854_R-HSA-196849_R-HSA-196757_Q96NT5	-5.99962	0.00000	0.00000
CID_2170	R-HSA-1430728_R-HSA-196854_R-HSA-196849_R-HSA-196757_P41440	-6.08374	0.00000	0.00000
CID_2170	R-HSA-1430728_R-HSA-196854_R-HSA-196849_R-HSA-196757_P34897	-6.59769	0.00000	0.00000
CID_2170	R-HSA-1430728_R-HSA-196854_R-HSA-196849_R-HSA-196757_P34896	-6.59644	0.00000	0.00000
CID_2170	R-HSA-1430728_R-HSA-196854_R-HSA-196849_R-HSA-196836_P78417	-5.26215	0.00000	0.00000
CID_2170	R-HSA-1430728_R-HSA-196854_R-HSA-196849_R-HSA-196836_Q9UHI7	-5.06667	0.00000	0.00000
CID_2170	R-HSA-1430728_R-HSA-71387_R-HSA-8982491_R-HSA-70221_P0DP23	-3.13819	0.00000	0.00000
CID_2170	R-HSA-1430728_R-HSA-71387_R-HSA-8982491_R-HSA-70221_P06737	-5.93467	0.00000	0.00000
CID_2170	R-HSA-1430728_R-HSA-71387_R-HSA-70326_R-HSA-70263_P11498	-4.81326	0.00000	0.00000
CID_2170	R-HSA-1430728_R-HSA-71387_R-HSA-70326_R-HSA-70263_P00558	-5.06122	0.00000	0.00000
CID_2170	R-HSA-1430728_R-HSA-1428517_R-HSA-163200_R-HSA-611105_R-HSA-6799198_P19404	-7.85066	0.00000	0.00000
CID_2170	R-HSA-1430728_R-HSA-1428517_R-HSA-163200_R-HSA-611105_R-HSA-6799198_Q16795	-7.84995	0.00000	0.00000
CID_2170	R-HSA-1430728_R-HSA-1428517_R-HSA-163200_R-HSA-611105_R-HSA-6799198_P51970	-7.85138	0.00000	0.00000
CID_2170	R-HSA-1430728_R-HSA-1428517_R-HSA-163200_R-HSA-611105_R-HSA-6799198_O95182	-7.85147	0.00000	0.00000
CID_2170	R-HSA-1430728_R-HSA-1428517_R-HSA-163200_R-HSA-611105_R-HSA-6799198_P56556	-7.85026	0.00000	0.00000
CID_2170	R-HSA-1430728_R-HSA-1428517_R-HSA-163200_R-HSA-611105_R-HSA-6799198_Q16718	-7.85043	0.00000	0.00000
CID_2170	R-HSA-1430728_R-HSA-1428517_R-HSA-163200_R-HSA-611105_R-HSA-6799198_O95167	-7.85025	0.00000	0.00000
CID_2170	R-HSA-1430728_R-HSA-1428517_R-HSA-163200_R-HSA-611105_R-HSA-6799198_O15239	-7.85058	0.00000	0.00000
CID_2170	R-HSA-1430728_R-HSA-1428517_R-HSA-163200_R-HSA-611105_R-HSA-6799198_O95299	-7.85021	0.00000	0.00000
CID_2170	R-HSA-1430728_R-HSA-1428517_R-HSA-163200_R-HSA-611105_R-HSA-6799198_O75438	-7.85111	0.00000	0.00000
CID_2170	R-HSA-1430728_R-HSA-1428517_R-HSA-163200_R-HSA-611105_R-HSA-6799198_O95178	-7.85091	0.00000	0.00000
CID_2170	R-HSA-1430728_R-HSA-1428517_R-HSA-163200_R-HSA-611105_R-HSA-6799198_O00217	-7.85037	0.00000	0.00000
CID_2170	R-HSA-1430728_R-HSA-1428517_R-HSA-163200_R-HSA-611105_R-HSA-6799198_O75380	-7.85090	0.00000	0.00000
CID_2170	R-HSA-1430728_R-HSA-1428517_R-HSA-163200_R-HSA-611105_R-HSA-6799198_O43920	-7.85061	0.00000	0.00000
CID_2170	R-HSA-1430728_R-HSA-1428517_R-HSA-163200_R-HSA-611105_R-HSA-6799198_O43181	-7.84997	0.00000	0.00000
CID_2170	R-HSA-1430728_R-HSA-1428517_R-HSA-163200_R-HSA-611105_R-HSA-6799198_O75489	-7.85045	0.00000	0.00000
CID_2170	R-HSA-1430728_R-HSA-1428517_R-HSA-163200_R-HSA-611105_R-HSA-6799198_O75306	-7.85122	0.00000	0.00000
CID_2170	R-HSA-1430728_R-HSA-1428517_R-HSA-163200_R-HSA-611105_R-HSA-6799198_P56181	-7.84991	0.00000	0.00000
CID_2170	R-HSA-1430728_R-HSA-1428517_R-HSA-163200_R-HSA-611105_R-HSA-6799198_P28331	-7.85009	0.00000	0.00000
CID_2170	R-HSA-1430728_R-HSA-1428517_R-HSA-163200_R-HSA-611105_R-HSA-6799198_O43677	-7.85024	0.00000	0.00000
CID_2170	R-HSA-1430728_R-HSA-1428517_R-HSA-163200_R-HSA-611105_R-HSA-6799198_Q9Y6M9	-7.85049	0.00000	0.00000
CID_2170	R-HSA-1430728_R-HSA-1428517_R-HSA-163200_R-HSA-611105_R-HSA-6799198_O95169	-7.85063	0.00000	0.00000
CID_2170	R-HSA-1430728_R-HSA-1428517_R-HSA-163200_R-HSA-611105_R-HSA-6799198_P17568	-7.85050	0.00000	0.00000
CID_2170	R-HSA-1430728_R-HSA-1428517_R-HSA-163200_R-HSA-611105_R-HSA-6799198_O95139	-7.85056	0.00000	0.00000
CID_2170	R-HSA-1430728_R-HSA-1428517_R-HSA-163200_R-HSA-611105_R-HSA-6799198_O43674	-7.85066	0.00000	0.00000
CID_2170	R-HSA-1430728_R-HSA-1428517_R-HSA-163200_R-HSA-611105_R-HSA-6799198_O95168	-7.85051	0.00000	0.00000
CID_2170	R-HSA-1430728_R-HSA-1428517_R-HSA-163200_R-HSA-611105_R-HSA-6799198_O43676	-7.85010	0.00000	0.00000
CID_2170	R-HSA-1430728_R-HSA-1428517_R-HSA-71406_R-HSA-70268_R-HSA-204174_P19793	-6.12484	0.00000	0.00000
CID_2170	R-HSA-1430728_R-HSA-1428517_R-HSA-71406_R-HSA-70268_R-HSA-204174_P11177	-7.42045	0.00000	0.00000
CID_2170	R-HSA-1430728_R-HSA-196854_R-HSA-196849_R-HSA-196807_R-HSA-197264_P40261	-6.10365	0.00000	0.00000
CID_2170	R-HSA-1430728_R-HSA-196854_R-HSA-196849_R-HSA-196807_R-HSA-197264_Q16647	-6.28425	0.00000	0.00000
CID_2170	R-HSA-1430728_R-HSA-1475029_Q8N1Q1	-2.63623	0.00500	0.04608
CID_2170	R-HSA-1430728_R-HSA-163685_R-HSA-163767_P67775	-3.44671	0.00500	0.04608
CID_2170	R-HSA-1430728_R-HSA-1428517_R-HSA-163200_R-HSA-163210_P30049	-4.94058	0.00500	0.04608
CID_2170	R-HSA-1430728_R-HSA-196854_R-HSA-196849_R-HSA-196780_P05165	-10.84464	0.00500	0.04608
CID_2170	R-HSA-1430728_R-HSA-1428517_R-HSA-163200_R-HSA-611105_R-HSA-6799198_O43678	-7.85002	0.00500	0.04608
CID_2170	R-HSA-1430728_R-HSA-1428517_R-HSA-163200_R-HSA-611105_R-HSA-6799198_O14561	-7.00144	0.00500	0.04608
CID_2170	R-HSA-1430728_R-HSA-1428517_R-HSA-163200_R-HSA-611105_R-HSA-6799198_P49821	-7.84998	0.00500	0.04608
CID_2170	R-HSA-1430728_R-HSA-1428517_R-HSA-163200_R-HSA-611105_R-HSA-6799198_O95298	-7.85039	0.00500	0.04608
CID_2170	R-HSA-1430728_R-HSA-1428517_R-HSA-163200_R-HSA-611105_R-HSA-6799198_O96000	-7.85036	0.00500	0.04608
CID_2170	R-HSA-1430728_R-HSA-71387_R-HSA-70326_R-HSA-70171_R-HSA-9634600_P62714	-6.09497	0.00500	0.04608
CID_2170	R-HSA-1430728_R-HSA-71387_R-HSA-70326_R-HSA-70171_R-HSA-9634600_P67775	-6.41193	0.00500	0.04608
CID_2247	R-HSA-162582_R-HSA-372790_R-HSA-388396_R-HSA-418597_P05771	-7.42190	0.00000	0.00000
CID_2247	R-HSA-162582_R-HSA-372790_R-HSA-388396_R-HSA-418597_P17252	-7.49142	0.00000	0.00000
CID_2247	R-HSA-162582_R-HSA-372790_R-HSA-388396_R-HSA-416482_P35348	-7.80544	0.00000	0.00000
CID_2247	R-HSA-162582_R-HSA-372790_R-HSA-500792_R-HSA-373076_R-HSA-375280_R-HSA-390666_P50406	-7.69938	0.00000	0.00000
CID_2247	R-HSA-162582_R-HSA-372790_R-HSA-388396_R-HSA-418594_R-HSA-2187338_R-HSA-2187335_O75911	-14.39140	0.00000	0.00000
CID_2247	R-HSA-162582_R-HSA-372790_R-HSA-388396_R-HSA-418594_R-HSA-2187338_R-HSA-2187335_P12271	-13.81929	0.00000	0.00000
CID_2247	R-HSA-162582_R-HSA-372790_R-HSA-388396_R-HSA-418594_R-HSA-2187338_R-HSA-2187335_P10745	-13.81408	0.00000	0.00000
CID_2247	R-HSA-162582_R-HSA-372790_R-HSA-388396_R-HSA-418594_R-HSA-2187338_R-HSA-2453902_O95237	-12.78589	0.00000	0.00000
CID_2247	R-HSA-162582_R-HSA-372790_R-HSA-388396_R-HSA-418594_R-HSA-2187338_R-HSA-2453902_P12271	-13.05947	0.00000	0.00000
CID_2247	R-HSA-162582_R-HSA-372790_R-HSA-388396_R-HSA-418594_R-HSA-2187338_R-HSA-2453902_Q92781	-13.31844	0.00000	0.00000
CID_2247	R-HSA-162582_R-HSA-372790_R-HSA-388396_R-HSA-418594_R-HSA-2187338_R-HSA-2453902_P02753	-12.85798	0.00000	0.00000
CID_2247	R-HSA-162582_R-HSA-372790_R-HSA-388396_R-HSA-418594_R-HSA-2187338_R-HSA-2453902_P10745	-13.05426	0.00000	0.00000
CID_2247	R-HSA-162582_R-HSA-372790_R-HSA-388396_R-HSA-418594_R-HSA-2187338_R-HSA-2453902_P09455	-12.81502	0.00000	0.00000
CID_2247	R-HSA-162582_R-HSA-372790_R-HSA-388396_R-HSA-418594_R-HSA-2187338_R-HSA-975634_O95237	-12.88682	0.00000	0.00000
CID_2247	R-HSA-162582_R-HSA-372790_R-HSA-388396_R-HSA-418594_R-HSA-2187338_R-HSA-975634_P02753	-12.95892	0.00000	0.00000
CID_2247	R-HSA-162582_R-HSA-372790_R-HSA-388396_R-HSA-418594_R-HSA-2187338_R-HSA-975634_P50120	-13.37835	0.00000	0.00000
CID_2247	R-HSA-162582_R-HSA-372790_R-HSA-388396_R-HSA-418594_R-HSA-2187338_R-HSA-975634_P09455	-12.91595	0.00000	0.00000
CID_2247	R-HSA-162582_R-HSA-372790_R-HSA-388396_R-HSA-418594_R-HSA-2187338_R-HSA-2514856_R-HSA-2514859_P50579	-12.92889	0.00000	0.00000
CID_2247	R-HSA-162582_R-HSA-372790_R-HSA-388396_R-HSA-418594_R-HSA-2187338_R-HSA-2514856_R-HSA-2514859_P17252	-12.84234	0.00000	0.00000
CID_2247	R-HSA-162582_R-HSA-372790_R-HSA-388396_R-HSA-418594_R-HSA-2187338_R-HSA-2514856_R-HSA-2514859_P35913	-13.71859	0.00000	0.00000
CID_2247	R-HSA-162582_R-HSA-372790_R-HSA-388396_R-HSA-418594_R-HSA-2187338_R-HSA-2514856_R-HSA-2485179_P35913	-14.68760	0.00000	0.00000
CID_2247	R-HSA-162582_R-HSA-372790_R-HSA-500792_R-HSA-373080_R-HSA-420092_Q02643	-7.90452	0.00500	0.04608
CID_2247	R-HSA-162582_R-HSA-372790_R-HSA-500792_R-HSA-373076_R-HSA-375281_P30968	-7.61453	0.00500	0.04608
CID_2247	R-HSA-162582_R-HSA-372790_R-HSA-388396_R-HSA-397795_R-HSA-392451_O15530	-9.55043	0.00500	0.04608
CID_2247	R-HSA-162582_R-HSA-372790_R-HSA-500792_R-HSA-373076_R-HSA-375276_R-HSA-380108_P10145	-9.44892	0.00500	0.04608
CID_2247	R-HSA-162582_R-HSA-372790_R-HSA-500792_R-HSA-373076_R-HSA-375280_R-HSA-390666_P28566	-9.16531	0.00500	0.04608
CID_2247	R-HSA-162582_R-HSA-372790_R-HSA-500792_R-HSA-373076_R-HSA-391903_R-HSA-391908_P43088	-11.85088	0.00500	0.04608
CID_2247	R-HSA-162582_R-HSA-372790_R-HSA-500792_R-HSA-373076_R-HSA-391903_R-HSA-391908_P43116	-10.47546	0.00500	0.04608
CID_2247	R-HSA-162582_R-HSA-372790_R-HSA-388396_R-HSA-416476_R-HSA-881907_R-HSA-2179392_P17252	-11.82985	0.00500	0.04608
CID_2247	R-HSA-162582_R-HSA-372790_R-HSA-388396_R-HSA-418594_R-HSA-111885_R-HSA-202040_P01189	-12.58710	0.00500	0.04608
CID_2351	R-HSA-1430728_R-HSA-1483249_R-HSA-1855204_P0DP23	-5.52488	0.00000	0.00000
CID_2351	R-HSA-1430728_R-HSA-163685_R-HSA-163765_P30613	-3.37404	0.00000	0.00000
CID_2351	R-HSA-1430728_R-HSA-163685_R-HSA-163767_P62714	-3.99553	0.00000	0.00000
CID_2351	R-HSA-1430728_R-HSA-71291_R-HSA-389661_Q02218	-5.02107	0.00000	0.00000
CID_2351	R-HSA-1430728_R-HSA-71291_R-HSA-389661_O14561	-5.99688	0.00000	0.00000
CID_2351	R-HSA-1430728_R-HSA-71291_R-HSA-389661_P11177	-6.07865	0.00000	0.00000
CID_2351	R-HSA-1430728_R-HSA-71291_R-HSA-70895_P54687	-5.22323	0.00000	0.00000
CID_2351	R-HSA-1430728_R-HSA-71291_R-HSA-71288_P48066	-5.25510	0.00000	0.00000
CID_2351	R-HSA-1430728_R-HSA-71291_R-HSA-70921_P50135	-5.62735	0.00000	0.00000
CID_2351	R-HSA-1430728_R-HSA-71291_R-HSA-71064_Q02218	-4.97972	0.00000	0.00000
CID_2351	R-HSA-1430728_R-HSA-163685_R-HSA-422356_R-HSA-400042_Q01668	-0.15519	0.00000	0.00000
CID_2351	R-HSA-1430728_R-HSA-163685_R-HSA-422356_R-HSA-400042_Q13936	-0.26449	0.00000	0.00000
CID_2351	R-HSA-1430728_R-HSA-163685_R-HSA-422356_R-HSA-400042_Q9NY47	-0.04413	0.00000	0.00000
CID_2351	R-HSA-1430728_R-HSA-163685_R-HSA-422356_R-HSA-381676_Q9BQ31	-1.65456	0.00000	0.00000
CID_2351	R-HSA-1430728_R-HSA-71291_R-HSA-209776_R-HSA-209931_P17752	-6.49694	0.00000	0.00000
CID_2351	R-HSA-1430728_R-HSA-71291_R-HSA-2408522_R-HSA-2408557_P39023	-6.27570	0.00000	0.00000
CID_2351	R-HSA-1430728_R-HSA-71291_R-HSA-2408522_R-HSA-2408508_P50135	-7.60628	0.00000	0.00000
CID_2351	R-HSA-1430728_R-HSA-71291_R-HSA-2408522_R-HSA-2408508_P40261	-7.44597	0.00000	0.00000
CID_2351	R-HSA-1430728_R-HSA-71291_R-HSA-351202_R-HSA-350562_P20618	-5.82582	0.00000	0.00000
CID_2351	R-HSA-1430728_R-HSA-71291_R-HSA-351202_R-HSA-350562_P49721	-6.00803	0.00000	0.00000
CID_2351	R-HSA-1430728_R-HSA-71291_R-HSA-351202_R-HSA-350562_P28074	-5.79357	0.00000	0.00000
CID_2351	R-HSA-1430728_R-HSA-71291_R-HSA-351202_R-HSA-350562_P28062	-6.17938	0.00000	0.00000
CID_2351	R-HSA-1430728_R-HSA-71291_R-HSA-351202_R-HSA-350562_P25786	-6.33024	0.00000	0.00000
CID_2351	R-HSA-1430728_R-HSA-71291_R-HSA-351202_R-HSA-350562_Q99460	-6.29560	0.00000	0.00000
CID_2351	R-HSA-1430728_R-HSA-71291_R-HSA-351202_R-HSA-350562_Q13200	-6.35668	0.00000	0.00000
CID_2351	R-HSA-1430728_R-HSA-1428517_R-HSA-163200_R-HSA-163210_P30049	-7.34429	0.00000	0.00000
CID_2351	R-HSA-1430728_R-HSA-1428517_R-HSA-71406_R-HSA-71403_Q02218	-7.15667	0.00000	0.00000
CID_2351	R-HSA-1430728_R-HSA-196854_R-HSA-6806667_R-HSA-975634_O95237	-5.68045	0.00000	0.00000
CID_2351	R-HSA-1430728_R-HSA-196854_R-HSA-6806667_R-HSA-975634_P02753	-5.79764	0.00000	0.00000
CID_2351	R-HSA-1430728_R-HSA-196854_R-HSA-6806667_R-HSA-975634_P50120	-6.03448	0.00000	0.00000
CID_2351	R-HSA-1430728_R-HSA-196854_R-HSA-6806667_R-HSA-975634_P09455	-5.69865	0.00000	0.00000
CID_2351	R-HSA-1430728_R-HSA-196854_R-HSA-8978934_R-HSA-1474151_P0DP23	-8.12538	0.00000	0.00000
CID_2351	R-HSA-1430728_R-HSA-196854_R-HSA-8978934_R-HSA-1474151_P29474	-8.70114	0.00000	0.00000
CID_2351	R-HSA-1430728_R-HSA-196854_R-HSA-196849_R-HSA-196741_P33527	-8.54176	0.00000	0.00000
CID_2351	R-HSA-1430728_R-HSA-196854_R-HSA-196849_R-HSA-196741_P22033	-8.89190	0.00000	0.00000
CID_2351	R-HSA-1430728_R-HSA-196854_R-HSA-196849_R-HSA-196741_Q9UBK8	-8.91376	0.00000	0.00000
CID_2351	R-HSA-1430728_R-HSA-196854_R-HSA-196849_R-HSA-196780_P11498	-7.57820	0.00000	0.00000
CID_2351	R-HSA-1430728_R-HSA-196854_R-HSA-196849_R-HSA-196757_Q96NT5	-8.45588	0.00000	0.00000
CID_2351	R-HSA-1430728_R-HSA-196854_R-HSA-196849_R-HSA-196757_P41440	-8.53977	0.00000	0.00000
CID_2351	R-HSA-1430728_R-HSA-196854_R-HSA-196849_R-HSA-196836_P78417	-7.66627	0.00000	0.00000
CID_2351	R-HSA-1430728_R-HSA-196854_R-HSA-196849_R-HSA-196836_Q9UHI7	-7.52337	0.00000	0.00000
CID_2351	R-HSA-1430728_R-HSA-71387_R-HSA-8982491_R-HSA-70221_P06737	-6.93132	0.00000	0.00000
CID_2351	R-HSA-1430728_R-HSA-1428517_R-HSA-163200_R-HSA-611105_R-HSA-6799198_P19404	-10.94595	0.00000	0.00000
CID_2351	R-HSA-1430728_R-HSA-1428517_R-HSA-163200_R-HSA-611105_R-HSA-6799198_Q16795	-10.94524	0.00000	0.00000
CID_2351	R-HSA-1430728_R-HSA-1428517_R-HSA-163200_R-HSA-611105_R-HSA-6799198_P51970	-10.94668	0.00000	0.00000
CID_2351	R-HSA-1430728_R-HSA-1428517_R-HSA-163200_R-HSA-611105_R-HSA-6799198_O95182	-10.94677	0.00000	0.00000
CID_2351	R-HSA-1430728_R-HSA-1428517_R-HSA-163200_R-HSA-611105_R-HSA-6799198_P56556	-10.94555	0.00000	0.00000
CID_2351	R-HSA-1430728_R-HSA-1428517_R-HSA-163200_R-HSA-611105_R-HSA-6799198_Q16718	-10.94573	0.00000	0.00000
CID_2351	R-HSA-1430728_R-HSA-1428517_R-HSA-163200_R-HSA-611105_R-HSA-6799198_O95167	-10.94554	0.00000	0.00000
CID_2351	R-HSA-1430728_R-HSA-1428517_R-HSA-163200_R-HSA-611105_R-HSA-6799198_O43678	-10.94531	0.00000	0.00000
CID_2351	R-HSA-1430728_R-HSA-1428517_R-HSA-163200_R-HSA-611105_R-HSA-6799198_O15239	-10.94587	0.00000	0.00000
CID_2351	R-HSA-1430728_R-HSA-1428517_R-HSA-163200_R-HSA-611105_R-HSA-6799198_O95299	-10.94550	0.00000	0.00000
CID_2351	R-HSA-1430728_R-HSA-1428517_R-HSA-163200_R-HSA-611105_R-HSA-6799198_O14561	-10.10750	0.00000	0.00000
CID_2351	R-HSA-1430728_R-HSA-1428517_R-HSA-163200_R-HSA-611105_R-HSA-6799198_O75438	-10.94641	0.00000	0.00000
CID_2351	R-HSA-1430728_R-HSA-1428517_R-HSA-163200_R-HSA-611105_R-HSA-6799198_O95178	-10.94620	0.00000	0.00000
CID_2351	R-HSA-1430728_R-HSA-1428517_R-HSA-163200_R-HSA-611105_R-HSA-6799198_O00217	-10.94565	0.00000	0.00000
CID_2351	R-HSA-1430728_R-HSA-1428517_R-HSA-163200_R-HSA-611105_R-HSA-6799198_O75380	-10.94620	0.00000	0.00000
CID_2351	R-HSA-1430728_R-HSA-1428517_R-HSA-163200_R-HSA-611105_R-HSA-6799198_O43920	-10.94591	0.00000	0.00000
CID_2351	R-HSA-1430728_R-HSA-1428517_R-HSA-163200_R-HSA-611105_R-HSA-6799198_O43181	-10.94526	0.00000	0.00000
CID_2351	R-HSA-1430728_R-HSA-1428517_R-HSA-163200_R-HSA-611105_R-HSA-6799198_P49821	-10.94526	0.00000	0.00000
CID_2351	R-HSA-1430728_R-HSA-1428517_R-HSA-163200_R-HSA-611105_R-HSA-6799198_O75489	-10.94575	0.00000	0.00000
CID_2351	R-HSA-1430728_R-HSA-1428517_R-HSA-163200_R-HSA-611105_R-HSA-6799198_O75306	-10.94652	0.00000	0.00000
CID_2351	R-HSA-1430728_R-HSA-1428517_R-HSA-163200_R-HSA-611105_R-HSA-6799198_P56181	-10.94519	0.00000	0.00000
CID_2351	R-HSA-1430728_R-HSA-1428517_R-HSA-163200_R-HSA-611105_R-HSA-6799198_P28331	-10.94538	0.00000	0.00000
CID_2351	R-HSA-1430728_R-HSA-1428517_R-HSA-163200_R-HSA-611105_R-HSA-6799198_O95298	-10.94568	0.00000	0.00000
CID_2351	R-HSA-1430728_R-HSA-1428517_R-HSA-163200_R-HSA-611105_R-HSA-6799198_O43677	-10.94553	0.00000	0.00000
CID_2351	R-HSA-1430728_R-HSA-1428517_R-HSA-163200_R-HSA-611105_R-HSA-6799198_O96000	-10.94565	0.00000	0.00000
CID_2351	R-HSA-1430728_R-HSA-1428517_R-HSA-163200_R-HSA-611105_R-HSA-6799198_Q9Y6M9	-10.94579	0.00000	0.00000
CID_2351	R-HSA-1430728_R-HSA-1428517_R-HSA-163200_R-HSA-611105_R-HSA-6799198_O95169	-10.94592	0.00000	0.00000
CID_2351	R-HSA-1430728_R-HSA-1428517_R-HSA-163200_R-HSA-611105_R-HSA-6799198_P17568	-10.94579	0.00000	0.00000
CID_2351	R-HSA-1430728_R-HSA-1428517_R-HSA-163200_R-HSA-611105_R-HSA-6799198_O95139	-10.94586	0.00000	0.00000
CID_2351	R-HSA-1430728_R-HSA-1428517_R-HSA-163200_R-HSA-611105_R-HSA-6799198_O43674	-10.94595	0.00000	0.00000
CID_2351	R-HSA-1430728_R-HSA-1428517_R-HSA-163200_R-HSA-611105_R-HSA-6799198_O95168	-10.94580	0.00000	0.00000
CID_2351	R-HSA-1430728_R-HSA-1428517_R-HSA-163200_R-HSA-611105_R-HSA-6799198_O43676	-10.94539	0.00000	0.00000
CID_2351	R-HSA-1430728_R-HSA-1428517_R-HSA-71406_R-HSA-70268_R-HSA-204174_P19793	-9.19851	0.00000	0.00000
CID_2351	R-HSA-1430728_R-HSA-196854_R-HSA-196849_R-HSA-196807_R-HSA-197264_Q16647	-9.39619	0.00000	0.00000
CID_2351	R-HSA-1430728_R-HSA-71387_R-HSA-70326_R-HSA-70171_R-HSA-9634600_P62714	-9.17352	0.00000	0.00000
CID_2351	R-HSA-1430728_R-HSA-202131_R-HSA-203615_P29474	-5.55945	0.00500	0.04608
CID_2351	R-HSA-1430728_R-HSA-163685_R-HSA-163680_O43741	-5.09931	0.00500	0.04608
CID_2351	R-HSA-1430728_R-HSA-15869_R-HSA-8956319_R-HSA-73621_P19971	-6.87605	0.00500	0.04608
CID_2351	R-HSA-1430728_R-HSA-15869_R-HSA-8956319_R-HSA-73621_Q16831	-7.13210	0.00500	0.04608
CID_2351	R-HSA-1430728_R-HSA-15869_R-HSA-8956321_R-HSA-73614_Q16831	-7.50876	0.00500	0.04608
CID_2351	R-HSA-1430728_R-HSA-196854_R-HSA-196849_R-HSA-196741_O60494	-9.73084	0.00500	0.04608
CID_2351	R-HSA-1430728_R-HSA-196854_R-HSA-196849_R-HSA-196780_Q9Y289	-9.97829	0.00500	0.04608
CID_2351	R-HSA-1430728_R-HSA-196854_R-HSA-196849_R-HSA-196757_P34897	-9.05394	0.00500	0.04608
CID_2351	R-HSA-1430728_R-HSA-196854_R-HSA-196849_R-HSA-196757_P34896	-9.05269	0.00500	0.04608
CID_2351	R-HSA-1430728_R-HSA-71387_R-HSA-70326_R-HSA-70263_P11498	-7.25007	0.00500	0.04608
CID_2351	R-HSA-1430728_R-HSA-1428517_R-HSA-71406_R-HSA-70268_R-HSA-204174_P11177	-10.46700	0.00500	0.04608
CID_2351	R-HSA-1430728_R-HSA-196854_R-HSA-196849_R-HSA-196807_R-HSA-197264_P40261	-9.22392	0.00500	0.04608
CID_2351	R-HSA-74160_R-HSA-73857_R-HSA-212436_R-HSA-8986944_R-HSA-9022692_P0DP23	-5.98206	0.00500	0.04608
CID_2444	R-HSA-162582_R-HSA-372790_R-HSA-388396_R-HSA-418597_P05771	-7.96362	0.00000	0.00000
CID_2444	R-HSA-162582_R-HSA-372790_R-HSA-388396_R-HSA-416476_R-HSA-881907_R-HSA-2179392_P17252	-12.58826	0.00000	0.00000
CID_2444	R-HSA-162582_R-HSA-372790_R-HSA-388396_R-HSA-418594_R-HSA-2187338_R-HSA-2187335_P12271	-14.57770	0.00000	0.00000
CID_2444	R-HSA-162582_R-HSA-372790_R-HSA-388396_R-HSA-418594_R-HSA-2187338_R-HSA-2187335_P10745	-14.57249	0.00000	0.00000
CID_2444	R-HSA-162582_R-HSA-372790_R-HSA-388396_R-HSA-418594_R-HSA-2187338_R-HSA-2453902_O95237	-13.54238	0.00000	0.00000
CID_2444	R-HSA-162582_R-HSA-372790_R-HSA-388396_R-HSA-418594_R-HSA-2187338_R-HSA-2453902_P12271	-13.81788	0.00000	0.00000
CID_2444	R-HSA-162582_R-HSA-372790_R-HSA-388396_R-HSA-418594_R-HSA-2187338_R-HSA-2453902_P10745	-13.81267	0.00000	0.00000
CID_2444	R-HSA-162582_R-HSA-372790_R-HSA-388396_R-HSA-418594_R-HSA-2187338_R-HSA-975634_O95237	-13.63989	0.00000	0.00000
CID_2444	R-HSA-162582_R-HSA-372790_R-HSA-388396_R-HSA-418597_P17252	-8.03314	0.00500	0.04608
CID_2444	R-HSA-162582_R-HSA-372790_R-HSA-500792_R-HSA-373076_R-HSA-375281_P30968	-8.26460	0.00500	0.04608
CID_2444	R-HSA-162582_R-HSA-372790_R-HSA-388396_R-HSA-397795_R-HSA-392451_O15530	-10.20049	0.00500	0.04608
CID_2444	R-HSA-162582_R-HSA-372790_R-HSA-500792_R-HSA-373076_R-HSA-375276_R-HSA-380108_P10145	-10.20733	0.00500	0.04608
CID_2444	R-HSA-162582_R-HSA-372790_R-HSA-500792_R-HSA-373076_R-HSA-375280_R-HSA-390666_P50406	-8.45779	0.00500	0.04608
CID_2444	R-HSA-162582_R-HSA-372790_R-HSA-500792_R-HSA-373076_R-HSA-391903_R-HSA-391908_P43088	-12.60929	0.00500	0.04608
CID_2444	R-HSA-162582_R-HSA-372790_R-HSA-500792_R-HSA-373076_R-HSA-391903_R-HSA-391908_P43116	-11.23387	0.00500	0.04608
CID_2444	R-HSA-162582_R-HSA-372790_R-HSA-388396_R-HSA-418594_R-HSA-2187338_R-HSA-2187335_O75911	-15.14981	0.00500	0.04608
CID_2444	R-HSA-162582_R-HSA-372790_R-HSA-388396_R-HSA-418594_R-HSA-2187338_R-HSA-2453902_P02753	-13.61457	0.00500	0.04608
CID_2444	R-HSA-162582_R-HSA-372790_R-HSA-388396_R-HSA-418594_R-HSA-2187338_R-HSA-2453902_P09455	-13.57161	0.00500	0.04608
CID_2444	R-HSA-162582_R-HSA-372790_R-HSA-388396_R-HSA-418594_R-HSA-2187338_R-HSA-975634_P02753	-13.71208	0.00500	0.04608
CID_2444	R-HSA-162582_R-HSA-372790_R-HSA-388396_R-HSA-418594_R-HSA-2187338_R-HSA-975634_P50120	-14.12966	0.00500	0.04608
CID_2444	R-HSA-162582_R-HSA-372790_R-HSA-388396_R-HSA-418594_R-HSA-2187338_R-HSA-975634_P09455	-13.66912	0.00500	0.04608
CID_2444	R-HSA-162582_R-HSA-372790_R-HSA-388396_R-HSA-418594_R-HSA-111885_R-HSA-202040_P01189	-13.34551	0.00500	0.04608
CID_2444	R-HSA-162582_R-HSA-372790_R-HSA-388396_R-HSA-418594_R-HSA-2187338_R-HSA-2514856_R-HSA-2514859_P50579	-13.79565	0.00500	0.04608
CID_2444	R-HSA-162582_R-HSA-372790_R-HSA-388396_R-HSA-418594_R-HSA-2187338_R-HSA-2514856_R-HSA-2514859_P17252	-13.70909	0.00500	0.04608
CID_2444	R-HSA-162582_R-HSA-372790_R-HSA-388396_R-HSA-418594_R-HSA-2187338_R-HSA-2514856_R-HSA-2514859_P35913	-14.58535	0.00500	0.04608
CID_2444	R-HSA-162582_R-HSA-372790_R-HSA-388396_R-HSA-418594_R-HSA-2187338_R-HSA-2514856_R-HSA-2485179_P35913	-15.55435	0.00500	0.04608
CID_2477	R-HSA-162582_R-HSA-372790_R-HSA-388396_R-HSA-418597_P05771	-7.42189	0.00000	0.00000
CID_2477	R-HSA-162582_R-HSA-372790_R-HSA-388396_R-HSA-418597_P17252	-7.49141	0.00000	0.00000
CID_2477	R-HSA-162582_R-HSA-372790_R-HSA-388396_R-HSA-416482_P35348	-7.80543	0.00000	0.00000
CID_2477	R-HSA-162582_R-HSA-372790_R-HSA-500792_R-HSA-373076_R-HSA-375280_R-HSA-390666_P50406	-7.69937	0.00000	0.00000
CID_2477	R-HSA-162582_R-HSA-372790_R-HSA-388396_R-HSA-416476_R-HSA-881907_R-HSA-2179392_P17252	-11.82984	0.00000	0.00000
CID_2477	R-HSA-162582_R-HSA-372790_R-HSA-388396_R-HSA-418594_R-HSA-2187338_R-HSA-2187335_O75911	-14.39139	0.00000	0.00000
CID_2477	R-HSA-162582_R-HSA-372790_R-HSA-388396_R-HSA-418594_R-HSA-2187338_R-HSA-2187335_P12271	-13.81928	0.00000	0.00000
CID_2477	R-HSA-162582_R-HSA-372790_R-HSA-388396_R-HSA-418594_R-HSA-2187338_R-HSA-2187335_P10745	-13.81407	0.00000	0.00000
CID_2477	R-HSA-162582_R-HSA-372790_R-HSA-388396_R-HSA-418594_R-HSA-2187338_R-HSA-2453902_O95237	-12.78587	0.00000	0.00000
CID_2477	R-HSA-162582_R-HSA-372790_R-HSA-388396_R-HSA-418594_R-HSA-2187338_R-HSA-2453902_P12271	-13.05946	0.00000	0.00000
CID_2477	R-HSA-162582_R-HSA-372790_R-HSA-388396_R-HSA-418594_R-HSA-2187338_R-HSA-2453902_Q92781	-13.31842	0.00000	0.00000
CID_2477	R-HSA-162582_R-HSA-372790_R-HSA-388396_R-HSA-418594_R-HSA-2187338_R-HSA-2453902_P02753	-12.85797	0.00000	0.00000
CID_2477	R-HSA-162582_R-HSA-372790_R-HSA-388396_R-HSA-418594_R-HSA-2187338_R-HSA-2453902_P10745	-13.05425	0.00000	0.00000
CID_2477	R-HSA-162582_R-HSA-372790_R-HSA-388396_R-HSA-418594_R-HSA-2187338_R-HSA-2453902_P09455	-12.81501	0.00000	0.00000
CID_2477	R-HSA-162582_R-HSA-372790_R-HSA-388396_R-HSA-418594_R-HSA-2187338_R-HSA-975634_O95237	-12.88681	0.00000	0.00000
CID_2477	R-HSA-162582_R-HSA-372790_R-HSA-388396_R-HSA-418594_R-HSA-2187338_R-HSA-975634_P02753	-12.95890	0.00000	0.00000
CID_2477	R-HSA-162582_R-HSA-372790_R-HSA-388396_R-HSA-418594_R-HSA-2187338_R-HSA-975634_P50120	-13.37834	0.00000	0.00000
CID_2477	R-HSA-162582_R-HSA-372790_R-HSA-388396_R-HSA-418594_R-HSA-2187338_R-HSA-975634_P09455	-12.91594	0.00000	0.00000
CID_2477	R-HSA-162582_R-HSA-372790_R-HSA-388396_R-HSA-418594_R-HSA-111885_R-HSA-202040_P01189	-12.58709	0.00000	0.00000
CID_2477	R-HSA-162582_R-HSA-372790_R-HSA-388396_R-HSA-418594_R-HSA-2187338_R-HSA-2514856_R-HSA-2514859_P50579	-12.92888	0.00000	0.00000
CID_2477	R-HSA-162582_R-HSA-372790_R-HSA-388396_R-HSA-418594_R-HSA-2187338_R-HSA-2514856_R-HSA-2514859_P17252	-12.84233	0.00000	0.00000
CID_2477	R-HSA-162582_R-HSA-372790_R-HSA-388396_R-HSA-418594_R-HSA-2187338_R-HSA-2514856_R-HSA-2514859_P35913	-13.71858	0.00000	0.00000
CID_2477	R-HSA-162582_R-HSA-372790_R-HSA-388396_R-HSA-418594_R-HSA-2187338_R-HSA-2514856_R-HSA-2485179_P35913	-14.68758	0.00000	0.00000
CID_2477	R-HSA-162582_R-HSA-372790_R-HSA-500792_R-HSA-373080_R-HSA-420092_Q02643	-7.90451	0.00500	0.04608
CID_2477	R-HSA-162582_R-HSA-372790_R-HSA-500792_R-HSA-373076_R-HSA-375281_P30968	-7.61452	0.00500	0.04608
CID_2477	R-HSA-162582_R-HSA-372790_R-HSA-388396_R-HSA-397795_R-HSA-392451_O15530	-9.55041	0.00500	0.04608
CID_2477	R-HSA-162582_R-HSA-372790_R-HSA-500792_R-HSA-373076_R-HSA-375276_R-HSA-380108_P10145	-9.44891	0.00500	0.04608
CID_2477	R-HSA-162582_R-HSA-372790_R-HSA-500792_R-HSA-373076_R-HSA-375280_R-HSA-390666_P28566	-9.16530	0.00500	0.04608
CID_2477	R-HSA-162582_R-HSA-372790_R-HSA-500792_R-HSA-373076_R-HSA-391903_R-HSA-391908_P43088	-11.85087	0.00500	0.04608
CID_2477	R-HSA-162582_R-HSA-372790_R-HSA-500792_R-HSA-373076_R-HSA-391903_R-HSA-391908_P43116	-10.47545	0.00500	0.04608
CID_247839	R-HSA-1430728_R-HSA-1483249_R-HSA-1855204_P0DP23	-5.52885	0.00000	0.00000
CID_247839	R-HSA-1430728_R-HSA-202131_R-HSA-203615_P29474	-5.18847	0.00000	0.00000
CID_247839	R-HSA-1430728_R-HSA-15869_R-HSA-499943_P04818	-5.69126	0.00000	0.00000
CID_247839	R-HSA-1430728_R-HSA-71291_R-HSA-389661_Q02218	-5.76612	0.00000	0.00000
CID_247839	R-HSA-1430728_R-HSA-71291_R-HSA-389661_O14561	-6.72379	0.00000	0.00000
CID_247839	R-HSA-1430728_R-HSA-71291_R-HSA-389661_P11177	-6.80372	0.00000	0.00000
CID_247839	R-HSA-1430728_R-HSA-71291_R-HSA-70895_P54687	-5.95072	0.00000	0.00000
CID_247839	R-HSA-1430728_R-HSA-71291_R-HSA-71288_P48066	-5.97042	0.00000	0.00000
CID_247839	R-HSA-1430728_R-HSA-71291_R-HSA-70921_P50135	-6.35565	0.00000	0.00000
CID_247839	R-HSA-1430728_R-HSA-71291_R-HSA-71064_Q02218	-5.72482	0.00000	0.00000
CID_247839	R-HSA-1430728_R-HSA-15869_R-HSA-8956319_R-HSA-73621_P19971	-7.43645	0.00000	0.00000
CID_247839	R-HSA-1430728_R-HSA-15869_R-HSA-8956319_R-HSA-73621_Q16831	-7.69268	0.00000	0.00000
CID_247839	R-HSA-1430728_R-HSA-15869_R-HSA-8956321_R-HSA-74217_P00813	-7.39744	0.00000	0.00000
CID_247839	R-HSA-1430728_R-HSA-15869_R-HSA-8956321_R-HSA-73614_P19971	-7.77379	0.00000	0.00000
CID_247839	R-HSA-1430728_R-HSA-15869_R-HSA-8956321_R-HSA-73614_Q16831	-8.03002	0.00000	0.00000
CID_247839	R-HSA-1430728_R-HSA-163685_R-HSA-422356_R-HSA-400042_Q01668	-4.51373	0.00000	0.00000
CID_247839	R-HSA-1430728_R-HSA-163685_R-HSA-422356_R-HSA-400042_Q13936	-4.66062	0.00000	0.00000
CID_247839	R-HSA-1430728_R-HSA-163685_R-HSA-422356_R-HSA-400042_Q9NY47	-4.43150	0.00000	0.00000
CID_247839	R-HSA-1430728_R-HSA-71291_R-HSA-209776_R-HSA-209931_P17752	-7.16844	0.00000	0.00000
CID_247839	R-HSA-1430728_R-HSA-71291_R-HSA-2408522_R-HSA-2408557_P39023	-6.96679	0.00000	0.00000
CID_247839	R-HSA-1430728_R-HSA-71291_R-HSA-2408522_R-HSA-2408508_P50135	-8.29661	0.00000	0.00000
CID_247839	R-HSA-1430728_R-HSA-71291_R-HSA-2408522_R-HSA-2408508_P40261	-8.15125	0.00000	0.00000
CID_247839	R-HSA-1430728_R-HSA-71291_R-HSA-351202_R-HSA-350562_P20618	-6.60736	0.00000	0.00000
CID_247839	R-HSA-1430728_R-HSA-71291_R-HSA-351202_R-HSA-350562_P49721	-6.81264	0.00000	0.00000
CID_247839	R-HSA-1430728_R-HSA-71291_R-HSA-351202_R-HSA-350562_P28074	-6.57319	0.00000	0.00000
CID_247839	R-HSA-1430728_R-HSA-71291_R-HSA-351202_R-HSA-350562_P28062	-6.96479	0.00000	0.00000
CID_247839	R-HSA-1430728_R-HSA-71291_R-HSA-351202_R-HSA-350562_P25786	-7.13586	0.00000	0.00000
CID_247839	R-HSA-1430728_R-HSA-71291_R-HSA-351202_R-HSA-350562_Q99460	-7.09674	0.00000	0.00000
CID_247839	R-HSA-1430728_R-HSA-71291_R-HSA-351202_R-HSA-350562_Q13200	-7.16551	0.00000	0.00000
CID_247839	R-HSA-1430728_R-HSA-1428517_R-HSA-163200_R-HSA-163210_P30049	-8.12932	0.00000	0.00000
CID_247839	R-HSA-1430728_R-HSA-1428517_R-HSA-71406_R-HSA-71403_Q02218	-7.97513	0.00000	0.00000
CID_247839	R-HSA-1430728_R-HSA-196854_R-HSA-6806667_R-HSA-975634_O95237	-9.37821	0.00000	0.00000
CID_247839	R-HSA-1430728_R-HSA-196854_R-HSA-6806667_R-HSA-975634_P02753	-9.47276	0.00000	0.00000
CID_247839	R-HSA-1430728_R-HSA-196854_R-HSA-6806667_R-HSA-975634_P50120	-9.57381	0.00000	0.00000
CID_247839	R-HSA-1430728_R-HSA-196854_R-HSA-6806667_R-HSA-975634_P09455	-9.43148	0.00000	0.00000
CID_247839	R-HSA-1430728_R-HSA-196854_R-HSA-8978934_R-HSA-1474151_P0DP23	-7.49654	0.00000	0.00000
CID_247839	R-HSA-1430728_R-HSA-196854_R-HSA-8978934_R-HSA-1474151_P29474	-7.71761	0.00000	0.00000
CID_247839	R-HSA-1430728_R-HSA-196854_R-HSA-196849_R-HSA-196741_P33527	-9.48362	0.00000	0.00000
CID_247839	R-HSA-1430728_R-HSA-196854_R-HSA-196849_R-HSA-196741_Q9UBK8	-10.57995	0.00000	0.00000
CID_247839	R-HSA-1430728_R-HSA-196854_R-HSA-196849_R-HSA-196741_O60494	-10.46335	0.00000	0.00000
CID_247839	R-HSA-1430728_R-HSA-196854_R-HSA-196849_R-HSA-196780_P11498	-8.32669	0.00000	0.00000
CID_247839	R-HSA-1430728_R-HSA-196854_R-HSA-196849_R-HSA-196780_Q9Y289	-10.71054	0.00000	0.00000
CID_247839	R-HSA-1430728_R-HSA-196854_R-HSA-196849_R-HSA-196757_Q96NT5	-9.18837	0.00000	0.00000
CID_247839	R-HSA-1430728_R-HSA-196854_R-HSA-196849_R-HSA-196757_P41440	-9.27248	0.00000	0.00000
CID_247839	R-HSA-1430728_R-HSA-196854_R-HSA-196849_R-HSA-196757_P34897	-9.78643	0.00000	0.00000
CID_247839	R-HSA-1430728_R-HSA-196854_R-HSA-196849_R-HSA-196757_P34896	-9.78518	0.00000	0.00000
CID_247839	R-HSA-1430728_R-HSA-196854_R-HSA-196849_R-HSA-196836_P78417	-8.45089	0.00000	0.00000
CID_247839	R-HSA-1430728_R-HSA-196854_R-HSA-196849_R-HSA-196836_Q9UHI7	-8.25541	0.00000	0.00000
CID_247839	R-HSA-1430728_R-HSA-71387_R-HSA-8982491_R-HSA-70221_P0DP23	-6.27390	0.00000	0.00000
CID_247839	R-HSA-1430728_R-HSA-71387_R-HSA-70326_R-HSA-70263_P11498	-8.00200	0.00000	0.00000
CID_247839	R-HSA-74160_R-HSA-73857_R-HSA-212436_R-HSA-350054_Q9UBN7	-4.65114	0.00000	0.00000
CID_247839	R-HSA-74160_R-HSA-73857_R-HSA-212436_R-HSA-383280_P04150	-1.83712	0.00000	0.00000
CID_247839	R-HSA-74160_R-HSA-73857_R-HSA-212436_R-HSA-383280_P10275	-2.68286	0.00000	0.00000
CID_247839	R-HSA-74160_R-HSA-73857_R-HSA-212436_R-HSA-383280_P08235	-2.47501	0.00000	0.00000
CID_247839	R-HSA-74160_R-HSA-73857_R-HSA-212436_R-HSA-383280_P03372	-2.88523	0.00000	0.00000
CID_247839	R-HSA-74160_R-HSA-73857_R-HSA-212436_R-HSA-383280_P48443	-3.08147	0.00000	0.00000
CID_247839	R-HSA-74160_R-HSA-73857_R-HSA-212436_R-HSA-383280_P19793	-2.45398	0.00000	0.00000
CID_247839	R-HSA-74160_R-HSA-73857_R-HSA-212436_R-HSA-383280_P06401	-2.33355	0.00000	0.00000
CID_247839	R-HSA-74160_R-HSA-73857_R-HSA-212436_R-HSA-383280_P62508	-2.54773	0.00000	0.00000
CID_247839	R-HSA-74160_R-HSA-73857_R-HSA-212436_R-HSA-383280_P10827	-3.44133	0.00000	0.00000
CID_247839	R-HSA-74160_R-HSA-73857_R-HSA-212436_R-HSA-383280_P10828	-3.43862	0.00000	0.00000
CID_247839	R-HSA-74160_R-HSA-73857_R-HSA-212436_R-HSA-383280_P51843	-2.34526	0.00000	0.00000
CID_247839	R-HSA-74160_R-HSA-73857_R-HSA-212436_R-HSA-383280_O75376	-2.67247	0.00000	0.00000
CID_247839	R-HSA-1430728_R-HSA-1428517_R-HSA-163200_R-HSA-611105_R-HSA-6799198_P19404	-11.67715	0.00000	0.00000
CID_247839	R-HSA-1430728_R-HSA-1428517_R-HSA-163200_R-HSA-611105_R-HSA-6799198_Q16795	-11.67644	0.00000	0.00000
CID_247839	R-HSA-1430728_R-HSA-1428517_R-HSA-163200_R-HSA-611105_R-HSA-6799198_P51970	-11.67787	0.00000	0.00000
CID_247839	R-HSA-1430728_R-HSA-1428517_R-HSA-163200_R-HSA-611105_R-HSA-6799198_O95182	-11.67796	0.00000	0.00000
CID_247839	R-HSA-1430728_R-HSA-1428517_R-HSA-163200_R-HSA-611105_R-HSA-6799198_P56556	-11.67675	0.00000	0.00000
CID_247839	R-HSA-1430728_R-HSA-1428517_R-HSA-163200_R-HSA-611105_R-HSA-6799198_Q16718	-11.67692	0.00000	0.00000
CID_247839	R-HSA-1430728_R-HSA-1428517_R-HSA-163200_R-HSA-611105_R-HSA-6799198_O95167	-11.67675	0.00000	0.00000
CID_247839	R-HSA-1430728_R-HSA-1428517_R-HSA-163200_R-HSA-611105_R-HSA-6799198_O43678	-11.67651	0.00000	0.00000
CID_247839	R-HSA-1430728_R-HSA-1428517_R-HSA-163200_R-HSA-611105_R-HSA-6799198_O15239	-11.67707	0.00000	0.00000
CID_247839	R-HSA-1430728_R-HSA-1428517_R-HSA-163200_R-HSA-611105_R-HSA-6799198_O95299	-11.67670	0.00000	0.00000
CID_247839	R-HSA-1430728_R-HSA-1428517_R-HSA-163200_R-HSA-611105_R-HSA-6799198_O14561	-10.82793	0.00000	0.00000
CID_247839	R-HSA-1430728_R-HSA-1428517_R-HSA-163200_R-HSA-611105_R-HSA-6799198_O75438	-11.67760	0.00000	0.00000
CID_247839	R-HSA-1430728_R-HSA-1428517_R-HSA-163200_R-HSA-611105_R-HSA-6799198_O95178	-11.67740	0.00000	0.00000
CID_247839	R-HSA-1430728_R-HSA-1428517_R-HSA-163200_R-HSA-611105_R-HSA-6799198_O00217	-11.67686	0.00000	0.00000
CID_247839	R-HSA-1430728_R-HSA-1428517_R-HSA-163200_R-HSA-611105_R-HSA-6799198_O75380	-11.67739	0.00000	0.00000
CID_247839	R-HSA-1430728_R-HSA-1428517_R-HSA-163200_R-HSA-611105_R-HSA-6799198_O43920	-11.67710	0.00000	0.00000
CID_247839	R-HSA-1430728_R-HSA-1428517_R-HSA-163200_R-HSA-611105_R-HSA-6799198_O43181	-11.67646	0.00000	0.00000
CID_247839	R-HSA-1430728_R-HSA-1428517_R-HSA-163200_R-HSA-611105_R-HSA-6799198_P49821	-11.67647	0.00000	0.00000
CID_247839	R-HSA-1430728_R-HSA-1428517_R-HSA-163200_R-HSA-611105_R-HSA-6799198_O75489	-11.67694	0.00000	0.00000
CID_247839	R-HSA-1430728_R-HSA-1428517_R-HSA-163200_R-HSA-611105_R-HSA-6799198_O75306	-11.67771	0.00000	0.00000
CID_247839	R-HSA-1430728_R-HSA-1428517_R-HSA-163200_R-HSA-611105_R-HSA-6799198_P56181	-11.67640	0.00000	0.00000
CID_247839	R-HSA-1430728_R-HSA-1428517_R-HSA-163200_R-HSA-611105_R-HSA-6799198_P28331	-11.67659	0.00000	0.00000
CID_247839	R-HSA-1430728_R-HSA-1428517_R-HSA-163200_R-HSA-611105_R-HSA-6799198_O95298	-11.67688	0.00000	0.00000
CID_247839	R-HSA-1430728_R-HSA-1428517_R-HSA-163200_R-HSA-611105_R-HSA-6799198_O43677	-11.67673	0.00000	0.00000
CID_247839	R-HSA-1430728_R-HSA-1428517_R-HSA-163200_R-HSA-611105_R-HSA-6799198_O96000	-11.67685	0.00000	0.00000
CID_247839	R-HSA-1430728_R-HSA-1428517_R-HSA-163200_R-HSA-611105_R-HSA-6799198_Q9Y6M9	-11.67698	0.00000	0.00000
CID_247839	R-HSA-1430728_R-HSA-1428517_R-HSA-163200_R-HSA-611105_R-HSA-6799198_O95169	-11.67712	0.00000	0.00000
CID_247839	R-HSA-1430728_R-HSA-1428517_R-HSA-163200_R-HSA-611105_R-HSA-6799198_P17568	-11.67699	0.00000	0.00000
CID_247839	R-HSA-1430728_R-HSA-1428517_R-HSA-163200_R-HSA-611105_R-HSA-6799198_O95139	-11.67706	0.00000	0.00000
CID_247839	R-HSA-1430728_R-HSA-1428517_R-HSA-163200_R-HSA-611105_R-HSA-6799198_O43674	-11.67715	0.00000	0.00000
CID_247839	R-HSA-1430728_R-HSA-1428517_R-HSA-163200_R-HSA-611105_R-HSA-6799198_O95168	-11.67700	0.00000	0.00000
CID_247839	R-HSA-1430728_R-HSA-1428517_R-HSA-163200_R-HSA-611105_R-HSA-6799198_O43676	-11.67659	0.00000	0.00000
CID_247839	R-HSA-1430728_R-HSA-1428517_R-HSA-71406_R-HSA-70268_R-HSA-204174_P19793	-9.80872	0.00000	0.00000
CID_247839	R-HSA-1430728_R-HSA-196854_R-HSA-196849_R-HSA-196807_R-HSA-197264_P40261	-9.93015	0.00000	0.00000
CID_247839	R-HSA-1430728_R-HSA-196854_R-HSA-196849_R-HSA-196807_R-HSA-197264_Q16647	-10.11074	0.00000	0.00000
CID_247839	R-HSA-74160_R-HSA-73857_R-HSA-212436_R-HSA-8878159_R-HSA-8941858_P20618	-4.46323	0.00000	0.00000
CID_247839	R-HSA-74160_R-HSA-73857_R-HSA-212436_R-HSA-8878159_R-HSA-8941858_P49721	-4.66852	0.00000	0.00000
CID_247839	R-HSA-74160_R-HSA-73857_R-HSA-212436_R-HSA-8878159_R-HSA-8941858_P28074	-4.42906	0.00000	0.00000
CID_247839	R-HSA-74160_R-HSA-73857_R-HSA-212436_R-HSA-8878159_R-HSA-8941858_P28062	-4.82067	0.00000	0.00000
CID_247839	R-HSA-74160_R-HSA-73857_R-HSA-212436_R-HSA-9614085_R-HSA-9617629_Q96EB6	-6.87138	0.00000	0.00000
CID_247839	R-HSA-74160_R-HSA-73857_R-HSA-212436_R-HSA-8878166_R-HSA-8939902_P03372	-4.52003	0.00000	0.00000
CID_247839	R-HSA-74160_R-HSA-73857_R-HSA-212436_R-HSA-8878166_R-HSA-8939902_P20618	-4.07767	0.00000	0.00000
CID_247839	R-HSA-74160_R-HSA-73857_R-HSA-212436_R-HSA-8878166_R-HSA-8939902_P49721	-4.28295	0.00000	0.00000
CID_247839	R-HSA-74160_R-HSA-73857_R-HSA-212436_R-HSA-8878166_R-HSA-8939902_P28074	-4.04349	0.00000	0.00000
CID_247839	R-HSA-74160_R-HSA-73857_R-HSA-212436_R-HSA-8878166_R-HSA-8939902_P28062	-4.43510	0.00000	0.00000
CID_247839	R-HSA-74160_R-HSA-73857_R-HSA-212436_R-HSA-3700989_R-HSA-5633008_R-HSA-6803204_P04637	-11.26034	0.00000	0.00000
CID_247839	R-HSA-1430728_R-HSA-202131_R-HSA-203615_P0DP23	-4.96740	0.00500	0.04608
CID_247839	R-HSA-1430728_R-HSA-163685_R-HSA-163767_P62714	-5.67911	0.00500	0.04608
CID_247839	R-HSA-1430728_R-HSA-163685_R-HSA-422356_R-HSA-400042_Q08289	-4.95556	0.00500	0.04608
CID_247839	R-HSA-1430728_R-HSA-163685_R-HSA-422356_R-HSA-381676_Q9BQ31	-3.46225	0.00500	0.04608
CID_247839	R-HSA-74160_R-HSA-73857_R-HSA-212436_R-HSA-350054_O75376	-3.99057	0.00500	0.04608
CID_247839	R-HSA-1430728_R-HSA-1428517_R-HSA-71406_R-HSA-70268_R-HSA-204174_P11177	-11.24694	0.00500	0.04608
CID_247839	R-HSA-1430728_R-HSA-71387_R-HSA-70326_R-HSA-70171_R-HSA-9634600_P62714	-9.91983	0.00500	0.04608
CID_247839	R-HSA-1430728_R-HSA-71387_R-HSA-70326_R-HSA-70171_R-HSA-9634600_P67775	-10.22130	0.00500	0.04608
CID_247839	R-HSA-74160_R-HSA-73857_R-HSA-212436_R-HSA-8878159_R-HSA-8941855_P04637	-5.29916	0.00500	0.04608
CID_247839	R-HSA-74160_R-HSA-73857_R-HSA-212436_R-HSA-8878159_R-HSA-8941858_P25786	-4.99174	0.00500	0.04608
CID_247839	R-HSA-74160_R-HSA-73857_R-HSA-212436_R-HSA-8878159_R-HSA-8941858_Q99460	-4.95262	0.00500	0.04608
CID_247839	R-HSA-74160_R-HSA-73857_R-HSA-212436_R-HSA-8878159_R-HSA-8941858_Q13200	-5.02139	0.00500	0.04608
CID_247839	R-HSA-74160_R-HSA-73857_R-HSA-212436_R-HSA-8878171_R-HSA-8939236_P20618	-6.16436	0.00500	0.04608
CID_247839	R-HSA-74160_R-HSA-73857_R-HSA-212436_R-HSA-8878171_R-HSA-8939236_P49721	-6.36964	0.00500	0.04608
CID_247839	R-HSA-74160_R-HSA-73857_R-HSA-212436_R-HSA-8878171_R-HSA-8939236_P28074	-6.13019	0.00500	0.04608
CID_247839	R-HSA-74160_R-HSA-73857_R-HSA-212436_R-HSA-8878171_R-HSA-8939236_P28062	-6.52179	0.00500	0.04608
CID_247839	R-HSA-74160_R-HSA-73857_R-HSA-212436_R-HSA-8878171_R-HSA-8931987_P03372	-6.41487	0.00500	0.04608
CID_247839	R-HSA-74160_R-HSA-73857_R-HSA-212436_R-HSA-8878166_R-HSA-8939902_P04150	-3.47192	0.00500	0.04608
CID_247839	R-HSA-74160_R-HSA-73857_R-HSA-212436_R-HSA-8878166_R-HSA-8939902_P25786	-4.60617	0.00500	0.04608
CID_247839	R-HSA-74160_R-HSA-73857_R-HSA-212436_R-HSA-8878166_R-HSA-8939902_Q99460	-4.56705	0.00500	0.04608
CID_247839	R-HSA-74160_R-HSA-73857_R-HSA-212436_R-HSA-8878166_R-HSA-8939902_Q13200	-4.63582	0.00500	0.04608
CID_247839	R-HSA-74160_R-HSA-73857_R-HSA-212436_R-HSA-8878166_R-HSA-8941326_R-HSA-8940973_Q9UBN7	-8.04610	0.00500	0.04608
CID_247839	R-HSA-74160_R-HSA-73857_R-HSA-212436_R-HSA-3700989_R-HSA-5633008_R-HSA-6803207_P04637	-10.71141	0.00500	0.04608
CID_247839	R-HSA-74160_R-HSA-73857_R-HSA-212436_R-HSA-3700989_R-HSA-5633008_R-HSA-6803211_P04637	-11.00108	0.00500	0.04608
CID_247839	R-HSA-74160_R-HSA-73857_R-HSA-212436_R-HSA-3700989_R-HSA-6791312_R-HSA-6804115_P04637	-7.51113	0.00500	0.04608
CID_2540	R-HSA-162582_R-HSA-372790_R-HSA-388396_R-HSA-418597_P05771	-7.42189	0.00000	0.00000
CID_2540	R-HSA-162582_R-HSA-372790_R-HSA-388396_R-HSA-418597_P17252	-7.49141	0.00000	0.00000
CID_2540	R-HSA-162582_R-HSA-372790_R-HSA-388396_R-HSA-416482_P35348	-7.80543	0.00000	0.00000
CID_2540	R-HSA-162582_R-HSA-372790_R-HSA-500792_R-HSA-373076_R-HSA-375280_R-HSA-390666_P50406	-7.69937	0.00000	0.00000
CID_2540	R-HSA-162582_R-HSA-372790_R-HSA-388396_R-HSA-416476_R-HSA-881907_R-HSA-2179392_P17252	-11.82984	0.00000	0.00000
CID_2540	R-HSA-162582_R-HSA-372790_R-HSA-388396_R-HSA-418594_R-HSA-2187338_R-HSA-2187335_O75911	-14.39139	0.00000	0.00000
CID_2540	R-HSA-162582_R-HSA-372790_R-HSA-388396_R-HSA-418594_R-HSA-2187338_R-HSA-2187335_P12271	-13.81928	0.00000	0.00000
CID_2540	R-HSA-162582_R-HSA-372790_R-HSA-388396_R-HSA-418594_R-HSA-2187338_R-HSA-2187335_P10745	-13.81407	0.00000	0.00000
CID_2540	R-HSA-162582_R-HSA-372790_R-HSA-388396_R-HSA-418594_R-HSA-2187338_R-HSA-2453902_O95237	-12.78587	0.00000	0.00000
CID_2540	R-HSA-162582_R-HSA-372790_R-HSA-388396_R-HSA-418594_R-HSA-2187338_R-HSA-2453902_P12271	-13.05946	0.00000	0.00000
CID_2540	R-HSA-162582_R-HSA-372790_R-HSA-388396_R-HSA-418594_R-HSA-2187338_R-HSA-2453902_Q92781	-13.31842	0.00000	0.00000
CID_2540	R-HSA-162582_R-HSA-372790_R-HSA-388396_R-HSA-418594_R-HSA-2187338_R-HSA-2453902_P02753	-12.85797	0.00000	0.00000
CID_2540	R-HSA-162582_R-HSA-372790_R-HSA-388396_R-HSA-418594_R-HSA-2187338_R-HSA-2453902_P10745	-13.05425	0.00000	0.00000
CID_2540	R-HSA-162582_R-HSA-372790_R-HSA-388396_R-HSA-418594_R-HSA-2187338_R-HSA-2453902_P09455	-12.81501	0.00000	0.00000
CID_2540	R-HSA-162582_R-HSA-372790_R-HSA-388396_R-HSA-418594_R-HSA-2187338_R-HSA-975634_O95237	-12.88681	0.00000	0.00000
CID_2540	R-HSA-162582_R-HSA-372790_R-HSA-388396_R-HSA-418594_R-HSA-2187338_R-HSA-975634_P02753	-12.95890	0.00000	0.00000
CID_2540	R-HSA-162582_R-HSA-372790_R-HSA-388396_R-HSA-418594_R-HSA-2187338_R-HSA-975634_P50120	-13.37834	0.00000	0.00000
CID_2540	R-HSA-162582_R-HSA-372790_R-HSA-388396_R-HSA-418594_R-HSA-2187338_R-HSA-975634_P09455	-12.91594	0.00000	0.00000
CID_2540	R-HSA-162582_R-HSA-372790_R-HSA-388396_R-HSA-418594_R-HSA-111885_R-HSA-202040_P01189	-12.58709	0.00000	0.00000
CID_2540	R-HSA-162582_R-HSA-372790_R-HSA-388396_R-HSA-418594_R-HSA-2187338_R-HSA-2514856_R-HSA-2514859_P50579	-12.92888	0.00000	0.00000
CID_2540	R-HSA-162582_R-HSA-372790_R-HSA-388396_R-HSA-418594_R-HSA-2187338_R-HSA-2514856_R-HSA-2514859_P17252	-12.84233	0.00000	0.00000
CID_2540	R-HSA-162582_R-HSA-372790_R-HSA-388396_R-HSA-418594_R-HSA-2187338_R-HSA-2514856_R-HSA-2514859_P35913	-13.71858	0.00000	0.00000
CID_2540	R-HSA-162582_R-HSA-372790_R-HSA-388396_R-HSA-418594_R-HSA-2187338_R-HSA-2514856_R-HSA-2485179_P35913	-14.68758	0.00000	0.00000
CID_2540	R-HSA-162582_R-HSA-372790_R-HSA-500792_R-HSA-373080_R-HSA-420092_Q02643	-7.90451	0.00500	0.04608
CID_2540	R-HSA-162582_R-HSA-372790_R-HSA-500792_R-HSA-373076_R-HSA-375281_P30968	-7.61452	0.00500	0.04608
CID_2540	R-HSA-162582_R-HSA-372790_R-HSA-388396_R-HSA-397795_R-HSA-392451_O15530	-9.55041	0.00500	0.04608
CID_2540	R-HSA-162582_R-HSA-372790_R-HSA-500792_R-HSA-373076_R-HSA-375276_R-HSA-380108_P10145	-9.44891	0.00500	0.04608
CID_2540	R-HSA-162582_R-HSA-372790_R-HSA-500792_R-HSA-373076_R-HSA-375280_R-HSA-390666_P28566	-9.16530	0.00500	0.04608
CID_2540	R-HSA-162582_R-HSA-372790_R-HSA-500792_R-HSA-373076_R-HSA-391903_R-HSA-391908_P43088	-11.85087	0.00500	0.04608
CID_2540	R-HSA-162582_R-HSA-372790_R-HSA-500792_R-HSA-373076_R-HSA-391903_R-HSA-391908_P43116	-10.47545	0.00500	0.04608
CID_2578	R-HSA-162582_R-HSA-372790_R-HSA-388396_R-HSA-418597_P05771	-7.96362	0.00000	0.00000
CID_2578	R-HSA-162582_R-HSA-372790_R-HSA-388396_R-HSA-416476_R-HSA-881907_R-HSA-2179392_P17252	-12.58826	0.00000	0.00000
CID_2578	R-HSA-162582_R-HSA-372790_R-HSA-388396_R-HSA-418594_R-HSA-2187338_R-HSA-2187335_P12271	-14.57770	0.00000	0.00000
CID_2578	R-HSA-162582_R-HSA-372790_R-HSA-388396_R-HSA-418594_R-HSA-2187338_R-HSA-2187335_P10745	-14.57249	0.00000	0.00000
CID_2578	R-HSA-162582_R-HSA-372790_R-HSA-388396_R-HSA-418594_R-HSA-2187338_R-HSA-2453902_O95237	-13.54238	0.00000	0.00000
CID_2578	R-HSA-162582_R-HSA-372790_R-HSA-388396_R-HSA-418594_R-HSA-2187338_R-HSA-2453902_P12271	-13.81788	0.00000	0.00000
CID_2578	R-HSA-162582_R-HSA-372790_R-HSA-388396_R-HSA-418594_R-HSA-2187338_R-HSA-2453902_P10745	-13.81267	0.00000	0.00000
CID_2578	R-HSA-162582_R-HSA-372790_R-HSA-388396_R-HSA-418594_R-HSA-2187338_R-HSA-975634_O95237	-13.63989	0.00000	0.00000
CID_2578	R-HSA-162582_R-HSA-372790_R-HSA-388396_R-HSA-418597_P17252	-8.03314	0.00500	0.04608
CID_2578	R-HSA-162582_R-HSA-372790_R-HSA-500792_R-HSA-373076_R-HSA-375281_P30968	-8.26460	0.00500	0.04608
CID_2578	R-HSA-162582_R-HSA-372790_R-HSA-388396_R-HSA-397795_R-HSA-392451_O15530	-10.20049	0.00500	0.04608
CID_2578	R-HSA-162582_R-HSA-372790_R-HSA-500792_R-HSA-373076_R-HSA-375276_R-HSA-380108_P10145	-10.20733	0.00500	0.04608
CID_2578	R-HSA-162582_R-HSA-372790_R-HSA-500792_R-HSA-373076_R-HSA-375280_R-HSA-390666_P50406	-8.45779	0.00500	0.04608
CID_2578	R-HSA-162582_R-HSA-372790_R-HSA-500792_R-HSA-373076_R-HSA-391903_R-HSA-391908_P43088	-12.60929	0.00500	0.04608
CID_2578	R-HSA-162582_R-HSA-372790_R-HSA-500792_R-HSA-373076_R-HSA-391903_R-HSA-391908_P43116	-11.23387	0.00500	0.04608
CID_2578	R-HSA-162582_R-HSA-372790_R-HSA-388396_R-HSA-418594_R-HSA-2187338_R-HSA-2187335_O75911	-15.14981	0.00500	0.04608
CID_2578	R-HSA-162582_R-HSA-372790_R-HSA-388396_R-HSA-418594_R-HSA-2187338_R-HSA-2453902_P02753	-13.61457	0.00500	0.04608
CID_2578	R-HSA-162582_R-HSA-372790_R-HSA-388396_R-HSA-418594_R-HSA-2187338_R-HSA-2453902_P09455	-13.57161	0.00500	0.04608
CID_2578	R-HSA-162582_R-HSA-372790_R-HSA-388396_R-HSA-418594_R-HSA-2187338_R-HSA-975634_P02753	-13.71208	0.00500	0.04608
CID_2578	R-HSA-162582_R-HSA-372790_R-HSA-388396_R-HSA-418594_R-HSA-2187338_R-HSA-975634_P50120	-14.12966	0.00500	0.04608
CID_2578	R-HSA-162582_R-HSA-372790_R-HSA-388396_R-HSA-418594_R-HSA-2187338_R-HSA-975634_P09455	-13.66912	0.00500	0.04608
CID_2578	R-HSA-162582_R-HSA-372790_R-HSA-388396_R-HSA-418594_R-HSA-111885_R-HSA-202040_P01189	-13.34551	0.00500	0.04608
CID_2578	R-HSA-162582_R-HSA-372790_R-HSA-388396_R-HSA-418594_R-HSA-2187338_R-HSA-2514856_R-HSA-2514859_P50579	-13.79565	0.00500	0.04608
CID_2578	R-HSA-162582_R-HSA-372790_R-HSA-388396_R-HSA-418594_R-HSA-2187338_R-HSA-2514856_R-HSA-2514859_P17252	-13.70909	0.00500	0.04608
CID_2578	R-HSA-162582_R-HSA-372790_R-HSA-388396_R-HSA-418594_R-HSA-2187338_R-HSA-2514856_R-HSA-2514859_P35913	-14.58535	0.00500	0.04608
CID_2578	R-HSA-162582_R-HSA-372790_R-HSA-388396_R-HSA-418594_R-HSA-2187338_R-HSA-2514856_R-HSA-2485179_P35913	-15.55435	0.00500	0.04608
CID_2662	R-HSA-162582_R-HSA-372790_R-HSA-388396_R-HSA-418597_P05771	-7.89386	0.00000	0.00000
CID_2662	R-HSA-162582_R-HSA-372790_R-HSA-388396_R-HSA-416476_R-HSA-881907_R-HSA-2179392_P17252	-12.47650	0.00000	0.00000
CID_2662	R-HSA-162582_R-HSA-372790_R-HSA-388396_R-HSA-418594_R-HSA-2187338_R-HSA-2187335_P12271	-14.46295	0.00000	0.00000
CID_2662	R-HSA-162582_R-HSA-372790_R-HSA-388396_R-HSA-418594_R-HSA-2187338_R-HSA-2187335_P10745	-14.45774	0.00000	0.00000
CID_2662	R-HSA-162582_R-HSA-372790_R-HSA-388396_R-HSA-418594_R-HSA-2187338_R-HSA-2453902_O95237	-13.42715	0.00000	0.00000
CID_2662	R-HSA-162582_R-HSA-372790_R-HSA-388396_R-HSA-418594_R-HSA-2187338_R-HSA-2453902_P12271	-13.70311	0.00000	0.00000
CID_2662	R-HSA-162582_R-HSA-372790_R-HSA-388396_R-HSA-418594_R-HSA-2187338_R-HSA-2453902_P10745	-13.69790	0.00000	0.00000
CID_2662	R-HSA-162582_R-HSA-372790_R-HSA-388396_R-HSA-418594_R-HSA-2187338_R-HSA-975634_O95237	-13.52383	0.00000	0.00000
CID_2662	R-HSA-162582_R-HSA-372790_R-HSA-388396_R-HSA-418597_P17252	-7.96401	0.00500	0.04608
CID_2662	R-HSA-162582_R-HSA-372790_R-HSA-500792_R-HSA-373076_R-HSA-375281_P30968	-8.14959	0.00500	0.04608
CID_2662	R-HSA-162582_R-HSA-372790_R-HSA-388396_R-HSA-397795_R-HSA-392451_O15530	-12.42832	0.00500	0.04608
CID_2662	R-HSA-162582_R-HSA-372790_R-HSA-500792_R-HSA-373076_R-HSA-375276_R-HSA-380108_P10145	-10.07092	0.00500	0.04608
CID_2662	R-HSA-162582_R-HSA-372790_R-HSA-500792_R-HSA-373076_R-HSA-375280_R-HSA-390666_P50406	-8.32134	0.00500	0.04608
CID_2662	R-HSA-162582_R-HSA-372790_R-HSA-500792_R-HSA-373076_R-HSA-391903_R-HSA-391908_P43088	-12.47282	0.00500	0.04608
CID_2662	R-HSA-162582_R-HSA-372790_R-HSA-500792_R-HSA-373076_R-HSA-391903_R-HSA-391908_P43116	-11.09740	0.00500	0.04608
CID_2662	R-HSA-162582_R-HSA-372790_R-HSA-388396_R-HSA-418594_R-HSA-2187338_R-HSA-2187335_O75911	-15.02999	0.00500	0.04608
CID_2662	R-HSA-162582_R-HSA-372790_R-HSA-388396_R-HSA-418594_R-HSA-2187338_R-HSA-2453902_P02753	-13.49936	0.00500	0.04608
CID_2662	R-HSA-162582_R-HSA-372790_R-HSA-388396_R-HSA-418594_R-HSA-2187338_R-HSA-2453902_P09455	-13.45640	0.00500	0.04608
CID_2662	R-HSA-162582_R-HSA-372790_R-HSA-388396_R-HSA-418594_R-HSA-2187338_R-HSA-975634_P02753	-13.59603	0.00500	0.04608
CID_2662	R-HSA-162582_R-HSA-372790_R-HSA-388396_R-HSA-418594_R-HSA-2187338_R-HSA-975634_P50120	-14.01317	0.00500	0.04608
CID_2662	R-HSA-162582_R-HSA-372790_R-HSA-388396_R-HSA-418594_R-HSA-2187338_R-HSA-975634_P09455	-13.55308	0.00500	0.04608
CID_2662	R-HSA-162582_R-HSA-372790_R-HSA-388396_R-HSA-418594_R-HSA-111885_R-HSA-202040_P01189	-13.23070	0.00500	0.04608
CID_2662	R-HSA-162582_R-HSA-372790_R-HSA-388396_R-HSA-418594_R-HSA-2187338_R-HSA-2514856_R-HSA-2514859_P50579	-13.65838	0.00500	0.04608
CID_2662	R-HSA-162582_R-HSA-372790_R-HSA-388396_R-HSA-418594_R-HSA-2187338_R-HSA-2514856_R-HSA-2514859_P17252	-13.57253	0.00500	0.04608
CID_2662	R-HSA-162582_R-HSA-372790_R-HSA-388396_R-HSA-418594_R-HSA-2187338_R-HSA-2514856_R-HSA-2514859_P35913	-14.44808	0.00500	0.04608
CID_2662	R-HSA-162582_R-HSA-372790_R-HSA-388396_R-HSA-418594_R-HSA-2187338_R-HSA-2514856_R-HSA-2485179_P35913	-15.41708	0.00500	0.04608
CID_2726	R-HSA-1430728_R-HSA-1483249_R-HSA-1855204_P0DP23	-4.13509	0.00000	0.00000
CID_2726	R-HSA-1430728_R-HSA-202131_R-HSA-203615_P0DP23	-3.36685	0.00000	0.00000
CID_2726	R-HSA-1430728_R-HSA-163685_R-HSA-163767_P62714	-4.93545	0.00000	0.00000
CID_2726	R-HSA-1430728_R-HSA-71291_R-HSA-389661_P11177	-6.08186	0.00000	0.00000
CID_2726	R-HSA-1430728_R-HSA-71291_R-HSA-71064_Q02218	-5.00277	0.00000	0.00000
CID_2726	R-HSA-1430728_R-HSA-163685_R-HSA-422356_R-HSA-400042_Q01668	-3.61891	0.00000	0.00000
CID_2726	R-HSA-1430728_R-HSA-163685_R-HSA-422356_R-HSA-400042_Q13936	-3.76580	0.00000	0.00000
CID_2726	R-HSA-1430728_R-HSA-163685_R-HSA-422356_R-HSA-400042_Q9NY47	-3.53668	0.00000	0.00000
CID_2726	R-HSA-1430728_R-HSA-163685_R-HSA-422356_R-HSA-400042_Q08289	-4.06074	0.00000	0.00000
CID_2726	R-HSA-1430728_R-HSA-71291_R-HSA-351202_R-HSA-350562_P20618	-5.59306	0.00000	0.00000
CID_2726	R-HSA-1430728_R-HSA-71291_R-HSA-351202_R-HSA-350562_P49721	-5.82218	0.00000	0.00000
CID_2726	R-HSA-1430728_R-HSA-71291_R-HSA-351202_R-HSA-350562_P28074	-5.55710	0.00000	0.00000
CID_2726	R-HSA-1430728_R-HSA-71291_R-HSA-351202_R-HSA-350562_P28062	-6.05641	0.00000	0.00000
CID_2726	R-HSA-1430728_R-HSA-71291_R-HSA-351202_R-HSA-350562_P25786	-6.10355	0.00000	0.00000
CID_2726	R-HSA-1430728_R-HSA-71291_R-HSA-351202_R-HSA-350562_Q99460	-6.06149	0.00000	0.00000
CID_2726	R-HSA-1430728_R-HSA-71291_R-HSA-351202_R-HSA-350562_Q13200	-6.13592	0.00000	0.00000
CID_2726	R-HSA-1430728_R-HSA-196854_R-HSA-6806667_R-HSA-975634_P09455	-8.49516	0.00000	0.00000
CID_2726	R-HSA-1430728_R-HSA-196854_R-HSA-8978934_R-HSA-1474151_P0DP23	-6.69557	0.00000	0.00000
CID_2726	R-HSA-1430728_R-HSA-71387_R-HSA-8982491_R-HSA-70221_P06737	-6.67184	0.00000	0.00000
CID_2726	R-HSA-1430728_R-HSA-1428517_R-HSA-71406_R-HSA-70268_R-HSA-204174_P19793	-8.83353	0.00000	0.00000
CID_2726	R-HSA-1430728_R-HSA-1428517_R-HSA-71406_R-HSA-70268_R-HSA-204174_P11177	-10.16870	0.00000	0.00000
CID_2726	R-HSA-1430728_R-HSA-196854_R-HSA-196849_R-HSA-196807_R-HSA-197264_Q16647	-9.05758	0.00000	0.00000
CID_2726	R-HSA-74160_R-HSA-73857_R-HSA-212436_R-HSA-8878159_R-HSA-8941858_P20618	-5.02732	0.00000	0.00000
CID_2726	R-HSA-74160_R-HSA-73857_R-HSA-212436_R-HSA-8878159_R-HSA-8941858_P49721	-5.25645	0.00000	0.00000
CID_2726	R-HSA-74160_R-HSA-73857_R-HSA-212436_R-HSA-8878159_R-HSA-8941858_P28074	-4.99136	0.00000	0.00000
CID_2726	R-HSA-74160_R-HSA-73857_R-HSA-212436_R-HSA-8878159_R-HSA-8941858_P28062	-5.49068	0.00000	0.00000
CID_2726	R-HSA-74160_R-HSA-73857_R-HSA-212436_R-HSA-8878159_R-HSA-8941858_P25786	-5.53782	0.00000	0.00000
CID_2726	R-HSA-74160_R-HSA-73857_R-HSA-212436_R-HSA-8878159_R-HSA-8941858_Q99460	-5.49576	0.00000	0.00000
CID_2726	R-HSA-74160_R-HSA-73857_R-HSA-212436_R-HSA-8878159_R-HSA-8941858_Q13200	-5.57018	0.00000	0.00000
CID_2726	R-HSA-74160_R-HSA-73857_R-HSA-212436_R-HSA-8986944_R-HSA-9022692_P0DP23	-2.91425	0.00000	0.00000
CID_2726	R-HSA-74160_R-HSA-73857_R-HSA-212436_R-HSA-8986944_R-HSA-9022702_P61278	-6.34783	0.00000	0.00000
CID_2726	R-HSA-74160_R-HSA-73857_R-HSA-212436_R-HSA-3700989_R-HSA-5633008_R-HSA-6803204_P04637	-10.09039	0.00000	0.00000
CID_2726	R-HSA-74160_R-HSA-73857_R-HSA-212436_R-HSA-3700989_R-HSA-5633008_R-HSA-6803207_P04637	-9.54146	0.00000	0.00000
CID_2726	R-HSA-74160_R-HSA-73857_R-HSA-212436_R-HSA-3700989_R-HSA-5633008_R-HSA-6803211_P04637	-9.83113	0.00000	0.00000
CID_2726	R-HSA-1430728_R-HSA-163685_R-HSA-163765_P30613	-3.85370	0.00500	0.04608
CID_2726	R-HSA-1430728_R-HSA-163685_R-HSA-163767_P67775	-5.29517	0.00500	0.04608
CID_2726	R-HSA-1430728_R-HSA-71291_R-HSA-389661_Q02218	-5.04403	0.00500	0.04608
CID_2726	R-HSA-1430728_R-HSA-71291_R-HSA-389661_O14561	-6.00197	0.00500	0.04608
CID_2726	R-HSA-1430728_R-HSA-71291_R-HSA-70895_P54687	-5.22893	0.00500	0.04608
CID_2726	R-HSA-1430728_R-HSA-71291_R-HSA-71288_P48066	-5.24877	0.00500	0.04608
CID_2726	R-HSA-1430728_R-HSA-71291_R-HSA-70921_P50135	-5.63387	0.00500	0.04608
CID_2726	R-HSA-1430728_R-HSA-15869_R-HSA-8956319_R-HSA-73621_P19971	-6.53646	0.00500	0.04608
CID_2726	R-HSA-1430728_R-HSA-15869_R-HSA-8956319_R-HSA-73621_Q16831	-6.79268	0.00500	0.04608
CID_2726	R-HSA-1430728_R-HSA-15869_R-HSA-8956321_R-HSA-73614_P19971	-6.87415	0.00500	0.04608
CID_2726	R-HSA-1430728_R-HSA-15869_R-HSA-8956321_R-HSA-73614_Q16831	-7.13038	0.00500	0.04608
CID_2726	R-HSA-1430728_R-HSA-163685_R-HSA-422356_R-HSA-381676_Q9BQ31	-2.56731	0.00500	0.04608
CID_2726	R-HSA-1430728_R-HSA-71291_R-HSA-209776_R-HSA-209931_P17752	-6.26932	0.00500	0.04608
CID_2726	R-HSA-1430728_R-HSA-71291_R-HSA-2408522_R-HSA-2408557_P39023	-6.06729	0.00500	0.04608
CID_2726	R-HSA-1430728_R-HSA-71291_R-HSA-2408522_R-HSA-2408508_P50135	-7.39715	0.00500	0.04608
CID_2726	R-HSA-1430728_R-HSA-71291_R-HSA-2408522_R-HSA-2408508_P40261	-7.24841	0.00500	0.04608
CID_2726	R-HSA-1430728_R-HSA-1428517_R-HSA-71406_R-HSA-71403_Q02218	-7.07430	0.00500	0.04608
CID_2726	R-HSA-1430728_R-HSA-196854_R-HSA-6806667_R-HSA-975634_P02753	-8.53658	0.00500	0.04608
CID_2726	R-HSA-1430728_R-HSA-196854_R-HSA-6806667_R-HSA-975634_P50120	-8.65039	0.00500	0.04608
CID_2726	R-HSA-1430728_R-HSA-196854_R-HSA-8978934_R-HSA-1474151_P29474	-8.56865	0.00500	0.04608
CID_2726	R-HSA-1430728_R-HSA-196854_R-HSA-196849_R-HSA-196741_P33527	-8.61177	0.00500	0.04608
CID_2726	R-HSA-1430728_R-HSA-196854_R-HSA-196849_R-HSA-196741_O60494	-9.59323	0.00500	0.04608
CID_2726	R-HSA-1430728_R-HSA-196854_R-HSA-196849_R-HSA-196780_P11498	-7.44867	0.00500	0.04608
CID_2726	R-HSA-1430728_R-HSA-196854_R-HSA-196849_R-HSA-196780_Q9Y289	-9.84044	0.00500	0.04608
CID_2726	R-HSA-1430728_R-HSA-196854_R-HSA-196849_R-HSA-196757_Q96NT5	-8.31829	0.00500	0.04608
CID_2726	R-HSA-1430728_R-HSA-196854_R-HSA-196849_R-HSA-196757_P41440	-8.40241	0.00500	0.04608
CID_2726	R-HSA-1430728_R-HSA-196854_R-HSA-196849_R-HSA-196836_P78417	-7.57949	0.00500	0.04608
CID_2726	R-HSA-1430728_R-HSA-196854_R-HSA-196849_R-HSA-196836_Q9UHI7	-7.38542	0.00500	0.04608
CID_2726	R-HSA-74160_R-HSA-73857_R-HSA-212436_R-HSA-383280_P51843	-4.95667	0.00500	0.04608
CID_2726	R-HSA-1430728_R-HSA-1428517_R-HSA-163200_R-HSA-611105_R-HSA-6799198_P51970	-10.60167	0.00500	0.04608
CID_2726	R-HSA-1430728_R-HSA-1428517_R-HSA-163200_R-HSA-611105_R-HSA-6799198_P17568	-10.60079	0.00500	0.04608
CID_2726	R-HSA-1430728_R-HSA-71387_R-HSA-70326_R-HSA-70171_R-HSA-9634600_P67775	-9.19336	0.00500	0.04608
CID_2726	R-HSA-74160_R-HSA-73857_R-HSA-212436_R-HSA-8878159_R-HSA-8941855_P04637	-5.97841	0.00500	0.04608
CID_2726	R-HSA-74160_R-HSA-73857_R-HSA-212436_R-HSA-8878159_R-HSA-8941858_P12931	-5.65848	0.00500	0.04608
CID_2733526	R-HSA-1430728_R-HSA-1483249_R-HSA-1855204_P0DP23	-4.61116	0.00000	0.00000
CID_2733526	R-HSA-1430728_R-HSA-71387_R-HSA-8982491_R-HSA-70221_P0DP23	-4.98758	0.00000	0.00000
CID_2733526	R-HSA-1430728_R-HSA-556833_R-HSA-400206_R-HSA-1989781_P11474	-2.37861	0.00000	0.00000
CID_2733526	R-HSA-1430728_R-HSA-556833_R-HSA-400206_R-HSA-1989781_O60427	-4.02779	0.00000	0.00000
CID_2733526	R-HSA-1430728_R-HSA-556833_R-HSA-400206_R-HSA-1989781_Q9Y6Q9	-4.29780	0.00000	0.00000
CID_2733526	R-HSA-1430728_R-HSA-556833_R-HSA-8957322_R-HSA-196791_P02774	-6.09943	0.00000	0.00000
CID_2733526	R-HSA-1430728_R-HSA-556833_R-HSA-8957322_R-HSA-191273_Q15125	-3.55392	0.00000	0.00000
CID_2733526	R-HSA-74160_R-HSA-73857_R-HSA-212436_R-HSA-383280_P08235	-3.12524	0.00000	0.00000
CID_2733526	R-HSA-74160_R-HSA-73857_R-HSA-212436_R-HSA-383280_P48443	-3.69950	0.00000	0.00000
CID_2733526	R-HSA-74160_R-HSA-73857_R-HSA-212436_R-HSA-383280_P19793	-2.66227	0.00000	0.00000
CID_2733526	R-HSA-74160_R-HSA-73857_R-HSA-212436_R-HSA-383280_P06401	-2.88841	0.00000	0.00000
CID_2733526	R-HSA-74160_R-HSA-73857_R-HSA-212436_R-HSA-383280_P11474	-2.05238	0.00000	0.00000
CID_2733526	R-HSA-74160_R-HSA-73857_R-HSA-212436_R-HSA-383280_P10827	-4.04746	0.00000	0.00000
CID_2733526	R-HSA-74160_R-HSA-73857_R-HSA-212436_R-HSA-383280_P10828	-4.04535	0.00000	0.00000
CID_2733526	R-HSA-74160_R-HSA-73857_R-HSA-212436_R-HSA-383280_P51843	-2.95343	0.00000	0.00000
CID_2733526	R-HSA-74160_R-HSA-73857_R-HSA-212436_R-HSA-383280_O75376	-3.04580	0.00000	0.00000
CID_2733526	R-HSA-1430728_R-HSA-196854_R-HSA-196849_R-HSA-196807_R-HSA-197264_Q16647	-9.15391	0.00000	0.00000
CID_2733526	R-HSA-1430728_R-HSA-556833_R-HSA-8978868_R-HSA-2142753_R-HSA-2142670_P04798	-46.75189	0.00000	0.00000
CID_2733526	R-HSA-1430728_R-HSA-556833_R-HSA-8978868_R-HSA-2142753_R-HSA-2162123_Q16647	-10.97507	0.00000	0.00000
CID_2733526	R-HSA-74160_R-HSA-73857_R-HSA-212436_R-HSA-9614085_R-HSA-9617629_Q96EB6	-6.82113	0.00000	0.00000
CID_2733526	R-HSA-74160_R-HSA-73857_R-HSA-212436_R-HSA-8878166_R-HSA-8941326_R-HSA-8940973_Q9UBN7	-8.24539	0.00000	0.00000
CID_2733526	R-HSA-1430728_R-HSA-202131_R-HSA-203615_P0DP23	-4.90379	0.00500	0.04608
CID_2733526	R-HSA-1430728_R-HSA-71291_R-HSA-389661_Q02218	-4.95019	0.00500	0.04608
CID_2733526	R-HSA-1430728_R-HSA-71291_R-HSA-389661_O14561	-5.94307	0.00500	0.04608
CID_2733526	R-HSA-1430728_R-HSA-71291_R-HSA-389661_P11177	-6.01855	0.00500	0.04608
CID_2733526	R-HSA-1430728_R-HSA-71291_R-HSA-70895_P24752	-5.49776	0.00500	0.04608
CID_2733526	R-HSA-1430728_R-HSA-71291_R-HSA-70895_P54687	-5.17326	0.00500	0.04608
CID_2733526	R-HSA-1430728_R-HSA-71291_R-HSA-71288_P48066	-5.22928	0.00500	0.04608
CID_2733526	R-HSA-1430728_R-HSA-71291_R-HSA-70921_P50135	-5.56871	0.00500	0.04608
CID_2733526	R-HSA-1430728_R-HSA-71291_R-HSA-71064_Q02218	-4.90942	0.00500	0.04608
CID_2733526	R-HSA-1430728_R-HSA-71291_R-HSA-209776_R-HSA-209931_P17752	-6.40293	0.00500	0.04608
CID_2733526	R-HSA-1430728_R-HSA-71291_R-HSA-2408522_R-HSA-2408557_P39023	-6.12548	0.00500	0.04608
CID_2733526	R-HSA-1430728_R-HSA-71291_R-HSA-2408522_R-HSA-2408508_P50135	-7.46125	0.00500	0.04608
CID_2733526	R-HSA-1430728_R-HSA-71291_R-HSA-2408522_R-HSA-2408508_P40261	-7.29998	0.00500	0.04608
CID_2733526	R-HSA-1430728_R-HSA-71291_R-HSA-351202_R-HSA-350562_P20618	-6.07930	0.00500	0.04608
CID_2733526	R-HSA-1430728_R-HSA-71291_R-HSA-351202_R-HSA-350562_P49721	-6.30181	0.00500	0.04608
CID_2733526	R-HSA-1430728_R-HSA-71291_R-HSA-351202_R-HSA-350562_P28074	-6.02541	0.00500	0.04608
CID_2733526	R-HSA-1430728_R-HSA-71291_R-HSA-351202_R-HSA-350562_P28062	-6.49477	0.00500	0.04608
CID_2733526	R-HSA-1430728_R-HSA-71291_R-HSA-351202_R-HSA-350562_P25786	-6.51554	0.00500	0.04608
CID_2733526	R-HSA-1430728_R-HSA-71291_R-HSA-351202_R-HSA-350562_Q99460	-6.48426	0.00500	0.04608
CID_2733526	R-HSA-1430728_R-HSA-71291_R-HSA-351202_R-HSA-350562_Q13200	-6.54343	0.00500	0.04608
CID_2733526	R-HSA-1430728_R-HSA-1428517_R-HSA-71406_R-HSA-71403_Q02218	-6.97777	0.00500	0.04608
CID_2733526	R-HSA-1430728_R-HSA-196854_R-HSA-8978934_R-HSA-1474151_P0DP23	-6.28340	0.00500	0.04608
CID_2733526	R-HSA-1430728_R-HSA-196854_R-HSA-196849_R-HSA-196780_Q9Y289	-9.80546	0.00500	0.04608
CID_2733526	R-HSA-1430728_R-HSA-196854_R-HSA-196849_R-HSA-196757_P41440	-8.36667	0.00500	0.04608
CID_2733526	R-HSA-1430728_R-HSA-196854_R-HSA-196849_R-HSA-196757_P34897	-8.88126	0.00500	0.04608
CID_2733526	R-HSA-1430728_R-HSA-196854_R-HSA-196849_R-HSA-196757_P34896	-8.88000	0.00500	0.04608
CID_2733526	R-HSA-1430728_R-HSA-556833_R-HSA-400206_R-HSA-1989781_P19793	-2.98850	0.00500	0.04608
CID_2733526	R-HSA-1430728_R-HSA-556833_R-HSA-400206_R-HSA-1989781_P35869	-3.53182	0.00500	0.04608
CID_2733526	R-HSA-1430728_R-HSA-556833_R-HSA-8978868_R-HSA-200425_P19793	-6.32392	0.00500	0.04608
CID_2733526	R-HSA-1430728_R-HSA-556833_R-HSA-8957322_R-HSA-196791_Q6VVX0	-6.09957	0.00500	0.04608
CID_2733526	R-HSA-74160_R-HSA-73857_R-HSA-212436_R-HSA-350054_Q9UBN7	-5.14113	0.00500	0.04608
CID_2733526	R-HSA-74160_R-HSA-73857_R-HSA-212436_R-HSA-383280_P10275	-3.41942	0.00500	0.04608
CID_2733526	R-HSA-74160_R-HSA-73857_R-HSA-212436_R-HSA-383280_P03372	-3.41179	0.00500	0.04608
CID_2733526	R-HSA-74160_R-HSA-73857_R-HSA-212436_R-HSA-383280_P62508	-3.13809	0.00500	0.04608
CID_2733526	R-HSA-1430728_R-HSA-1428517_R-HSA-71406_R-HSA-70268_R-HSA-204174_P19793	-8.58756	0.00500	0.04608
CID_2733526	R-HSA-1430728_R-HSA-556833_R-HSA-8978868_R-HSA-2142753_R-HSA-2142670_Q16678	-48.39976	0.00500	0.04608
CID_2733526	R-HSA-1430728_R-HSA-556833_R-HSA-8978868_R-HSA-2142753_R-HSA-2142670_P34913	-85.38161	0.00500	0.04608
CID_2733526	R-HSA-1430728_R-HSA-556833_R-HSA-8978868_R-HSA-2142753_R-HSA-2142816_P04798	-10.14175	0.00500	0.04608
CID_2733526	R-HSA-1430728_R-HSA-556833_R-HSA-8957322_R-HSA-1655829_R-HSA-2426168_P19793	-5.90389	0.00500	0.04608
CID_2733526	R-HSA-1430728_R-HSA-556833_R-HSA-8957322_R-HSA-1655829_R-HSA-2426168_Q16850	-9.66877	0.00500	0.04608
CID_2733526	R-HSA-74160_R-HSA-73857_R-HSA-212436_R-HSA-8864260_R-HSA-8866910_P10721	-7.09624	0.00500	0.04608
CID_2733526	R-HSA-74160_R-HSA-73857_R-HSA-212436_R-HSA-8878166_R-HSA-8939902_P03372	-4.51063	0.00500	0.04608
CID_2733526	R-HSA-74160_R-HSA-73857_R-HSA-212436_R-HSA-8878166_R-HSA-8939902_P11474	-3.15122	0.00500	0.04608
CID_2733526	R-HSA-74160_R-HSA-73857_R-HSA-212436_R-HSA-8878166_R-HSA-8939902_P20618	-4.25244	0.00500	0.04608
CID_2733526	R-HSA-74160_R-HSA-73857_R-HSA-212436_R-HSA-8878166_R-HSA-8939902_P49721	-4.47494	0.00500	0.04608
CID_2733526	R-HSA-74160_R-HSA-73857_R-HSA-212436_R-HSA-8878166_R-HSA-8939902_P28074	-4.19855	0.00500	0.04608
CID_2733526	R-HSA-74160_R-HSA-73857_R-HSA-212436_R-HSA-8878166_R-HSA-8939902_P28062	-4.66791	0.00500	0.04608
CID_2733526	R-HSA-74160_R-HSA-73857_R-HSA-212436_R-HSA-8878166_R-HSA-8939902_P25786	-4.68867	0.00500	0.04608
CID_2733526	R-HSA-74160_R-HSA-73857_R-HSA-212436_R-HSA-8878166_R-HSA-8939902_Q99460	-4.65739	0.00500	0.04608
CID_2733526	R-HSA-74160_R-HSA-73857_R-HSA-212436_R-HSA-8878166_R-HSA-8939902_Q13200	-4.71657	0.00500	0.04608
CID_2733526	R-HSA-1430728_R-HSA-211859_R-HSA-156580_R-HSA-156587_R-HSA-159424_R-HSA-177128_Q6IB77	-15.94552	0.00500	0.04608
CID_2733526	R-HSA-74160_R-HSA-73857_R-HSA-212436_R-HSA-8878166_R-HSA-8941326_R-HSA-8940973_P07947	-10.59838	0.00500	0.04608
CID_2800	R-HSA-1430728_R-HSA-1483249_R-HSA-1855204_P0DP23	-3.02813	0.00000	0.00000
CID_2800	R-HSA-1430728_R-HSA-202131_R-HSA-203615_P29474	-4.22817	0.00000	0.00000
CID_2800	R-HSA-1430728_R-HSA-15869_R-HSA-499943_P04818	-3.31256	0.00000	0.00000
CID_2800	R-HSA-1430728_R-HSA-163685_R-HSA-163765_P30613	-2.92114	0.00000	0.00000
CID_2800	R-HSA-1430728_R-HSA-163685_R-HSA-163767_P62714	-3.26807	0.00000	0.00000
CID_2800	R-HSA-1430728_R-HSA-163685_R-HSA-163767_P67775	-3.30623	0.00000	0.00000
CID_2800	R-HSA-1430728_R-HSA-71291_R-HSA-389661_Q02218	-3.20248	0.00000	0.00000
CID_2800	R-HSA-1430728_R-HSA-71291_R-HSA-389661_O14561	-4.19535	0.00000	0.00000
CID_2800	R-HSA-1430728_R-HSA-71291_R-HSA-389661_P11177	-4.27084	0.00000	0.00000
CID_2800	R-HSA-1430728_R-HSA-71291_R-HSA-70895_P24752	-3.99485	0.00000	0.00000
CID_2800	R-HSA-1430728_R-HSA-71291_R-HSA-70895_P54687	-3.42555	0.00000	0.00000
CID_2800	R-HSA-1430728_R-HSA-71291_R-HSA-71288_P48066	-3.48157	0.00000	0.00000
CID_2800	R-HSA-1430728_R-HSA-71291_R-HSA-70921_P50135	-3.82100	0.00000	0.00000
CID_2800	R-HSA-1430728_R-HSA-71291_R-HSA-71064_Q02218	-3.16171	0.00000	0.00000
CID_2800	R-HSA-1430728_R-HSA-15869_R-HSA-8956319_R-HSA-73621_P19971	-4.53558	0.00000	0.00000
CID_2800	R-HSA-1430728_R-HSA-15869_R-HSA-8956319_R-HSA-73621_Q16831	-4.79128	0.00000	0.00000
CID_2800	R-HSA-1430728_R-HSA-15869_R-HSA-8956321_R-HSA-74217_P00813	-4.60646	0.00000	0.00000
CID_2800	R-HSA-1430728_R-HSA-15869_R-HSA-8956321_R-HSA-73614_P19971	-4.94658	0.00000	0.00000
CID_2800	R-HSA-1430728_R-HSA-15869_R-HSA-8956321_R-HSA-73614_Q16831	-5.20228	0.00000	0.00000
CID_2800	R-HSA-1430728_R-HSA-163685_R-HSA-422356_R-HSA-400042_Q01668	-3.00387	0.00000	0.00000
CID_2800	R-HSA-1430728_R-HSA-163685_R-HSA-422356_R-HSA-400042_Q13936	-3.15085	0.00000	0.00000
CID_2800	R-HSA-1430728_R-HSA-163685_R-HSA-422356_R-HSA-400042_Q9NY47	-2.92169	0.00000	0.00000
CID_2800	R-HSA-1430728_R-HSA-163685_R-HSA-422356_R-HSA-400042_Q08289	-3.44574	0.00000	0.00000
CID_2800	R-HSA-1430728_R-HSA-163685_R-HSA-422356_R-HSA-381676_Q9BQ31	-1.90528	0.00000	0.00000
CID_2800	R-HSA-1430728_R-HSA-71291_R-HSA-209776_R-HSA-209931_P17752	-4.19256	0.00000	0.00000
CID_2800	R-HSA-1430728_R-HSA-71291_R-HSA-2408522_R-HSA-2408557_P39023	-3.91511	0.00000	0.00000
CID_2800	R-HSA-1430728_R-HSA-71291_R-HSA-2408522_R-HSA-2408508_P50135	-5.25089	0.00000	0.00000
CID_2800	R-HSA-1430728_R-HSA-71291_R-HSA-2408522_R-HSA-2408508_P40261	-5.08961	0.00000	0.00000
CID_2800	R-HSA-1430728_R-HSA-71291_R-HSA-351202_R-HSA-350562_P20618	-2.98415	0.00000	0.00000
CID_2800	R-HSA-1430728_R-HSA-71291_R-HSA-351202_R-HSA-350562_P49721	-3.24937	0.00000	0.00000
CID_2800	R-HSA-1430728_R-HSA-71291_R-HSA-351202_R-HSA-350562_P28074	-2.94372	0.00000	0.00000
CID_2800	R-HSA-1430728_R-HSA-71291_R-HSA-351202_R-HSA-350562_P28062	-3.57550	0.00000	0.00000
CID_2800	R-HSA-1430728_R-HSA-71291_R-HSA-351202_R-HSA-350562_P25786	-3.46042	0.00000	0.00000
CID_2800	R-HSA-1430728_R-HSA-71291_R-HSA-351202_R-HSA-350562_Q99460	-3.41733	0.00000	0.00000
CID_2800	R-HSA-1430728_R-HSA-71291_R-HSA-351202_R-HSA-350562_Q13200	-3.49400	0.00000	0.00000
CID_2800	R-HSA-1430728_R-HSA-1428517_R-HSA-163200_R-HSA-163210_P30049	-5.09988	0.00000	0.00000
CID_2800	R-HSA-1430728_R-HSA-1428517_R-HSA-71406_R-HSA-71403_Q02218	-4.76740	0.00000	0.00000
CID_2800	R-HSA-1430728_R-HSA-196854_R-HSA-8978934_R-HSA-1474151_P0DP23	-4.23772	0.00000	0.00000
CID_2800	R-HSA-1430728_R-HSA-196854_R-HSA-8978934_R-HSA-1474151_P29474	-5.14513	0.00000	0.00000
CID_2800	R-HSA-1430728_R-HSA-196854_R-HSA-196849_R-HSA-196741_P22033	-5.65915	0.00000	0.00000
CID_2800	R-HSA-1430728_R-HSA-196854_R-HSA-196849_R-HSA-196780_P05165	-10.91865	0.00000	0.00000
CID_2800	R-HSA-1430728_R-HSA-196854_R-HSA-196849_R-HSA-196780_P11498	-5.15041	0.00000	0.00000
CID_2800	R-HSA-1430728_R-HSA-196854_R-HSA-196849_R-HSA-196780_Q9Y289	-7.59509	0.00000	0.00000
CID_2800	R-HSA-1430728_R-HSA-196854_R-HSA-196849_R-HSA-196757_Q96NT5	-6.07283	0.00000	0.00000
CID_2800	R-HSA-1430728_R-HSA-196854_R-HSA-196849_R-HSA-196757_P41440	-6.15630	0.00000	0.00000
CID_2800	R-HSA-1430728_R-HSA-196854_R-HSA-196849_R-HSA-196757_P34897	-6.67089	0.00000	0.00000
CID_2800	R-HSA-1430728_R-HSA-196854_R-HSA-196849_R-HSA-196757_P34896	-6.66964	0.00000	0.00000
CID_2800	R-HSA-1430728_R-HSA-196854_R-HSA-196849_R-HSA-196836_P78417	-5.18929	0.00000	0.00000
CID_2800	R-HSA-1430728_R-HSA-196854_R-HSA-196849_R-HSA-196836_Q9UHI7	-5.14336	0.00000	0.00000
CID_2800	R-HSA-1430728_R-HSA-71387_R-HSA-8982491_R-HSA-70221_P0DP23	-2.94190	0.00000	0.00000
CID_2800	R-HSA-1430728_R-HSA-71387_R-HSA-8982491_R-HSA-70221_P06737	-5.95415	0.00000	0.00000
CID_2800	R-HSA-1430728_R-HSA-71387_R-HSA-70326_R-HSA-70263_P11498	-4.58877	0.00000	0.00000
CID_2800	R-HSA-1430728_R-HSA-71387_R-HSA-70326_R-HSA-70263_P00558	-4.78790	0.00000	0.00000
CID_2800	R-HSA-1430728_R-HSA-556833_R-HSA-400206_R-HSA-1989781_P04798	-4.04645	0.00000	0.00000
CID_2800	R-HSA-1430728_R-HSA-556833_R-HSA-400206_R-HSA-1989781_P19793	-3.48069	0.00000	0.00000
CID_2800	R-HSA-1430728_R-HSA-556833_R-HSA-400206_R-HSA-1989781_P35869	-4.85500	0.00000	0.00000
CID_2800	R-HSA-1430728_R-HSA-556833_R-HSA-400206_R-HSA-1989781_O60427	-5.05587	0.00000	0.00000
CID_2800	R-HSA-1430728_R-HSA-556833_R-HSA-400206_R-HSA-1989781_Q9Y6Q9	-4.85203	0.00000	0.00000
CID_2800	R-HSA-1430728_R-HSA-556833_R-HSA-428157_R-HSA-1660662_Q9Y3R4	-5.97542	0.00000	0.00000
CID_2800	R-HSA-1430728_R-HSA-556833_R-HSA-74182_R-HSA-77111_P24752	-8.17050	0.00000	0.00000
CID_2800	R-HSA-1430728_R-HSA-556833_R-HSA-9018678_R-HSA-2142700_Q16873	-5.18684	0.00000	0.00000
CID_2800	R-HSA-1430728_R-HSA-556833_R-HSA-8978868_R-HSA-200425_P19793	-4.61058	0.00000	0.00000
CID_2800	R-HSA-1430728_R-HSA-556833_R-HSA-8978868_R-HSA-200425_O43741	-5.74303	0.00000	0.00000
CID_2800	R-HSA-1430728_R-HSA-556833_R-HSA-8957322_R-HSA-196791_Q6VVX0	-4.07860	0.00000	0.00000
CID_2800	R-HSA-1430728_R-HSA-556833_R-HSA-8957322_R-HSA-196791_P02774	-4.07846	0.00000	0.00000
CID_2800	R-HSA-1430728_R-HSA-556833_R-HSA-8957322_R-HSA-196791_O60494	-5.61745	0.00000	0.00000
CID_2800	R-HSA-1430728_R-HSA-556833_R-HSA-8957322_R-HSA-191273_Q15125	-1.54777	0.00000	0.00000
CID_2800	R-HSA-1430728_R-HSA-1428517_R-HSA-163200_R-HSA-611105_R-HSA-6799198_P19404	-8.24019	0.00000	0.00000
CID_2800	R-HSA-1430728_R-HSA-1428517_R-HSA-163200_R-HSA-611105_R-HSA-6799198_Q16795	-8.23948	0.00000	0.00000
CID_2800	R-HSA-1430728_R-HSA-1428517_R-HSA-163200_R-HSA-611105_R-HSA-6799198_P51970	-8.24095	0.00000	0.00000
CID_2800	R-HSA-1430728_R-HSA-1428517_R-HSA-163200_R-HSA-611105_R-HSA-6799198_O95182	-8.24105	0.00000	0.00000
CID_2800	R-HSA-1430728_R-HSA-1428517_R-HSA-163200_R-HSA-611105_R-HSA-6799198_P56556	-8.23980	0.00000	0.00000
CID_2800	R-HSA-1430728_R-HSA-1428517_R-HSA-163200_R-HSA-611105_R-HSA-6799198_Q16718	-8.23998	0.00000	0.00000
CID_2800	R-HSA-1430728_R-HSA-1428517_R-HSA-163200_R-HSA-611105_R-HSA-6799198_O95167	-8.23979	0.00000	0.00000
CID_2800	R-HSA-1430728_R-HSA-1428517_R-HSA-163200_R-HSA-611105_R-HSA-6799198_O43678	-8.23955	0.00000	0.00000
CID_2800	R-HSA-1430728_R-HSA-1428517_R-HSA-163200_R-HSA-611105_R-HSA-6799198_O15239	-8.24012	0.00000	0.00000
CID_2800	R-HSA-1430728_R-HSA-1428517_R-HSA-163200_R-HSA-611105_R-HSA-6799198_O14561	-7.36249	0.00000	0.00000
CID_2800	R-HSA-1430728_R-HSA-1428517_R-HSA-163200_R-HSA-611105_R-HSA-6799198_O75438	-8.24067	0.00000	0.00000
CID_2800	R-HSA-1430728_R-HSA-1428517_R-HSA-163200_R-HSA-611105_R-HSA-6799198_O95178	-8.24046	0.00000	0.00000
CID_2800	R-HSA-1430728_R-HSA-1428517_R-HSA-163200_R-HSA-611105_R-HSA-6799198_O00217	-8.23990	0.00000	0.00000
CID_2800	R-HSA-1430728_R-HSA-1428517_R-HSA-163200_R-HSA-611105_R-HSA-6799198_O75380	-8.24046	0.00000	0.00000
CID_2800	R-HSA-1430728_R-HSA-1428517_R-HSA-163200_R-HSA-611105_R-HSA-6799198_O43920	-8.24016	0.00000	0.00000
CID_2800	R-HSA-1430728_R-HSA-1428517_R-HSA-163200_R-HSA-611105_R-HSA-6799198_O43181	-8.23950	0.00000	0.00000
CID_2800	R-HSA-1430728_R-HSA-1428517_R-HSA-163200_R-HSA-611105_R-HSA-6799198_P49821	-8.23951	0.00000	0.00000
CID_2800	R-HSA-1430728_R-HSA-1428517_R-HSA-163200_R-HSA-611105_R-HSA-6799198_O75489	-8.24000	0.00000	0.00000
CID_2800	R-HSA-1430728_R-HSA-1428517_R-HSA-163200_R-HSA-611105_R-HSA-6799198_O75306	-8.24079	0.00000	0.00000
CID_2800	R-HSA-1430728_R-HSA-1428517_R-HSA-163200_R-HSA-611105_R-HSA-6799198_P56181	-8.23944	0.00000	0.00000
CID_2800	R-HSA-1430728_R-HSA-1428517_R-HSA-163200_R-HSA-611105_R-HSA-6799198_P28331	-8.23962	0.00000	0.00000
CID_2800	R-HSA-1430728_R-HSA-1428517_R-HSA-163200_R-HSA-611105_R-HSA-6799198_O95298	-8.23993	0.00000	0.00000
CID_2800	R-HSA-1430728_R-HSA-1428517_R-HSA-163200_R-HSA-611105_R-HSA-6799198_O43677	-8.23977	0.00000	0.00000
CID_2800	R-HSA-1430728_R-HSA-1428517_R-HSA-163200_R-HSA-611105_R-HSA-6799198_O96000	-8.23989	0.00000	0.00000
CID_2800	R-HSA-1430728_R-HSA-1428517_R-HSA-163200_R-HSA-611105_R-HSA-6799198_Q9Y6M9	-8.24004	0.00000	0.00000
CID_2800	R-HSA-1430728_R-HSA-1428517_R-HSA-163200_R-HSA-611105_R-HSA-6799198_O95169	-8.24017	0.00000	0.00000
CID_2800	R-HSA-1430728_R-HSA-1428517_R-HSA-163200_R-HSA-611105_R-HSA-6799198_P17568	-8.24004	0.00000	0.00000
CID_2800	R-HSA-1430728_R-HSA-1428517_R-HSA-163200_R-HSA-611105_R-HSA-6799198_O95139	-8.24011	0.00000	0.00000
CID_2800	R-HSA-1430728_R-HSA-1428517_R-HSA-163200_R-HSA-611105_R-HSA-6799198_O43674	-8.24020	0.00000	0.00000
CID_2800	R-HSA-1430728_R-HSA-1428517_R-HSA-163200_R-HSA-611105_R-HSA-6799198_O95168	-8.24005	0.00000	0.00000
CID_2800	R-HSA-1430728_R-HSA-1428517_R-HSA-163200_R-HSA-611105_R-HSA-6799198_O43676	-8.23964	0.00000	0.00000
CID_2800	R-HSA-1430728_R-HSA-1428517_R-HSA-71406_R-HSA-70268_R-HSA-204174_P19793	-5.85172	0.00000	0.00000
CID_2800	R-HSA-1430728_R-HSA-1428517_R-HSA-71406_R-HSA-70268_R-HSA-204174_P11177	-7.55346	0.00000	0.00000
CID_2800	R-HSA-1430728_R-HSA-196854_R-HSA-196849_R-HSA-196807_R-HSA-197264_Q16647	-6.48090	0.00000	0.00000
CID_2800	R-HSA-1430728_R-HSA-556833_R-HSA-1483257_R-HSA-1483206_R-HSA-1483191_P06276	-8.91888	0.00000	0.00000
CID_2800	R-HSA-1430728_R-HSA-556833_R-HSA-1483257_R-HSA-1483206_R-HSA-1483191_P22303	-9.58311	0.00000	0.00000
CID_2800	R-HSA-1430728_R-HSA-556833_R-HSA-1483257_R-HSA-1483206_R-HSA-1482788_P47712	-8.12367	0.00000	0.00000
CID_2800	R-HSA-1430728_R-HSA-556833_R-HSA-1483257_R-HSA-1483206_R-HSA-1482798_P47712	-8.60960	0.00000	0.00000
CID_2800	R-HSA-1430728_R-HSA-556833_R-HSA-1483257_R-HSA-1483206_R-HSA-1482801_P47712	-8.01315	0.00000	0.00000
CID_2800	R-HSA-1430728_R-HSA-556833_R-HSA-1483257_R-HSA-1483206_R-HSA-1482839_P47712	-7.90574	0.00000	0.00000
CID_2800	R-HSA-1430728_R-HSA-556833_R-HSA-1483257_R-HSA-1483206_R-HSA-1482922_P47712	-8.03460	0.00000	0.00000
CID_2800	R-HSA-1430728_R-HSA-556833_R-HSA-1483257_R-HSA-1483206_R-HSA-1482925_P47712	-7.58353	0.00000	0.00000
CID_2800	R-HSA-1430728_R-HSA-556833_R-HSA-1483257_R-HSA-1483206_R-HSA-1483166_P47712	-7.72546	0.00000	0.00000
CID_2800	R-HSA-1430728_R-HSA-556833_R-HSA-1483257_R-HSA-1483206_R-HSA-1483213_Q99447	-8.10621	0.00000	0.00000
CID_2800	R-HSA-1430728_R-HSA-556833_R-HSA-1483257_R-HSA-1483255_R-HSA-1660499_O00750	-8.48273	0.00000	0.00000
CID_2800	R-HSA-1430728_R-HSA-556833_R-HSA-1483257_R-HSA-1483255_R-HSA-1660514_Q9UBF8	-8.76581	0.00000	0.00000
CID_2800	R-HSA-1430728_R-HSA-556833_R-HSA-8978868_R-HSA-2046104_R-HSA-2046106_O60427	-8.64108	0.00000	0.00000
CID_2800	R-HSA-1430728_R-HSA-556833_R-HSA-8978868_R-HSA-2046104_R-HSA-2046106_O95864	-9.21799	0.00000	0.00000
CID_2800	R-HSA-1430728_R-HSA-556833_R-HSA-8978868_R-HSA-2142753_R-HSA-2142670_P04798	-44.52536	0.00000	0.00000
CID_2800	R-HSA-1430728_R-HSA-556833_R-HSA-8978868_R-HSA-2142753_R-HSA-2142816_Q16678	-9.63901	0.00000	0.00000
CID_2800	R-HSA-1430728_R-HSA-556833_R-HSA-8978868_R-HSA-2142753_R-HSA-2142816_P04798	-7.92207	0.00000	0.00000
CID_2800	R-HSA-1430728_R-HSA-556833_R-HSA-8978868_R-HSA-2142753_R-HSA-2142691_P33527	-8.54153	0.00000	0.00000
CID_2800	R-HSA-1430728_R-HSA-556833_R-HSA-8978868_R-HSA-2142753_R-HSA-2142691_Q16873	-8.12267	0.00000	0.00000
CID_2800	R-HSA-1430728_R-HSA-556833_R-HSA-8978868_R-HSA-2142753_R-HSA-2162123_P16152	-10.68271	0.00000	0.00000
CID_2800	R-HSA-1430728_R-HSA-556833_R-HSA-8978868_R-HSA-2142753_R-HSA-2162123_Q16647	-8.96213	0.00000	0.00000
CID_2800	R-HSA-1430728_R-HSA-556833_R-HSA-8978868_R-HSA-2142753_R-HSA-2142688_Q15166	-10.26415	0.00000	0.00000
CID_2800	R-HSA-1430728_R-HSA-556833_R-HSA-8978868_R-HSA-2142753_R-HSA-2142688_Q16873	-8.77745	0.00000	0.00000
CID_2800	R-HSA-1430728_R-HSA-556833_R-HSA-8978868_R-HSA-390918_R-HSA-389599_O14832	-8.16572	0.00000	0.00000
CID_2800	R-HSA-1430728_R-HSA-556833_R-HSA-8978868_R-HSA-75105_R-HSA-75876_Q9GZR5	-9.45551	0.00000	0.00000
CID_2800	R-HSA-1430728_R-HSA-556833_R-HSA-8978868_R-HSA-77289_R-HSA-71032_P22033	-7.37033	0.00000	0.00000
CID_2800	R-HSA-1430728_R-HSA-556833_R-HSA-8957322_R-HSA-1655829_R-HSA-2426168_P19793	-3.36641	0.00000	0.00000
CID_2800	R-HSA-1430728_R-HSA-1475029_Q8N1Q1	-1.81537	0.00500	0.04608
CID_2800	R-HSA-1430728_R-HSA-202131_R-HSA-203615_P0DP23	-3.32076	0.00500	0.04608
CID_2800	R-HSA-1430728_R-HSA-2161522_R-HSA-2161517_P08183	-4.19759	0.00500	0.04608
CID_2800	R-HSA-1430728_R-HSA-2161522_R-HSA-2161517_O15245	-4.25341	0.00500	0.04608
CID_2800	R-HSA-1430728_R-HSA-211859_R-HSA-5423646_P10620	-5.22786	0.00500	0.04608
CID_2800	R-HSA-1430728_R-HSA-211859_R-HSA-5423646_O14880	-5.21239	0.00500	0.04608
CID_2800	R-HSA-1430728_R-HSA-196854_R-HSA-6806667_R-HSA-975634_P50120	-11.28051	0.00500	0.04608
CID_2800	R-HSA-1430728_R-HSA-196854_R-HSA-196849_R-HSA-196741_P33527	-5.97615	0.00500	0.04608
CID_2800	R-HSA-1430728_R-HSA-196854_R-HSA-196849_R-HSA-196741_Q9UBK8	-6.06911	0.00500	0.04608
CID_2800	R-HSA-1430728_R-HSA-196854_R-HSA-196849_R-HSA-196741_O60494	-7.34635	0.00500	0.04608
CID_2800	R-HSA-1430728_R-HSA-211859_R-HSA-156580_R-HSA-156588_P22310	-6.84448	0.00500	0.04608
CID_2800	R-HSA-1430728_R-HSA-211859_R-HSA-156580_R-HSA-156581_P40261	-6.54898	0.00500	0.04608
CID_2800	R-HSA-1430728_R-HSA-211859_R-HSA-156580_R-HSA-156581_P78417	-6.83433	0.00500	0.04608
CID_2800	R-HSA-1430728_R-HSA-1428517_R-HSA-163200_R-HSA-611105_R-HSA-6799198_O95299	-8.23975	0.00500	0.04608
CID_2800	R-HSA-1430728_R-HSA-196854_R-HSA-196849_R-HSA-196807_R-HSA-197264_P40261	-6.30513	0.00500	0.04608
CID_2800	R-HSA-1430728_R-HSA-71387_R-HSA-70326_R-HSA-70171_R-HSA-9634600_P62714	-5.94354	0.00500	0.04608
CID_2800	R-HSA-1430728_R-HSA-71387_R-HSA-70326_R-HSA-70171_R-HSA-9634600_P67775	-5.98170	0.00500	0.04608
CID_2800	R-HSA-1430728_R-HSA-556833_R-HSA-8978868_R-HSA-2142753_R-HSA-2142670_Q16678	-46.24230	0.00500	0.04608
CID_2800	R-HSA-1430728_R-HSA-556833_R-HSA-8978868_R-HSA-77289_R-HSA-71032_P05165	-12.86373	0.00500	0.04608
CID_2801	R-HSA-1430728_R-HSA-1483249_R-HSA-1855204_P0DP23	-3.47728	0.00000	0.00000
CID_2801	R-HSA-1430728_R-HSA-202131_R-HSA-203615_P0DP23	-2.92110	0.00000	0.00000
CID_2801	R-HSA-1430728_R-HSA-202131_R-HSA-203615_P29474	-3.08172	0.00000	0.00000
CID_2801	R-HSA-1430728_R-HSA-15869_R-HSA-499943_P04818	-3.57518	0.00000	0.00000
CID_2801	R-HSA-1430728_R-HSA-163685_R-HSA-163765_P30613	-2.46266	0.00000	0.00000
CID_2801	R-HSA-1430728_R-HSA-163685_R-HSA-163767_P62714	-3.56315	0.00000	0.00000
CID_2801	R-HSA-1430728_R-HSA-71291_R-HSA-389661_Q02218	-3.64884	0.00000	0.00000
CID_2801	R-HSA-1430728_R-HSA-71291_R-HSA-389661_O14561	-4.60715	0.00000	0.00000
CID_2801	R-HSA-1430728_R-HSA-71291_R-HSA-389661_P11177	-4.68704	0.00000	0.00000
CID_2801	R-HSA-1430728_R-HSA-71291_R-HSA-70895_P54687	-3.83417	0.00000	0.00000
CID_2801	R-HSA-1430728_R-HSA-71291_R-HSA-71288_P48066	-3.85421	0.00000	0.00000
CID_2801	R-HSA-1430728_R-HSA-71291_R-HSA-70921_P50135	-4.23901	0.00000	0.00000
CID_2801	R-HSA-1430728_R-HSA-71291_R-HSA-71064_Q02218	-3.60756	0.00000	0.00000
CID_2801	R-HSA-1430728_R-HSA-15869_R-HSA-8956319_R-HSA-73621_P19971	-4.82323	0.00000	0.00000
CID_2801	R-HSA-1430728_R-HSA-15869_R-HSA-8956319_R-HSA-73621_Q16831	-5.07945	0.00000	0.00000
CID_2801	R-HSA-1430728_R-HSA-15869_R-HSA-8956321_R-HSA-74217_P00813	-4.78561	0.00000	0.00000
CID_2801	R-HSA-1430728_R-HSA-15869_R-HSA-8956321_R-HSA-73614_P19971	-5.16151	0.00000	0.00000
CID_2801	R-HSA-1430728_R-HSA-15869_R-HSA-8956321_R-HSA-73614_Q16831	-5.41774	0.00000	0.00000
CID_2801	R-HSA-1430728_R-HSA-163685_R-HSA-422356_R-HSA-400042_Q01668	-1.91160	0.00000	0.00000
CID_2801	R-HSA-1430728_R-HSA-163685_R-HSA-422356_R-HSA-400042_Q13936	-2.05849	0.00000	0.00000
CID_2801	R-HSA-1430728_R-HSA-163685_R-HSA-422356_R-HSA-400042_Q9NY47	-1.82937	0.00000	0.00000
CID_2801	R-HSA-1430728_R-HSA-163685_R-HSA-422356_R-HSA-400042_Q08289	-2.35343	0.00000	0.00000
CID_2801	R-HSA-1430728_R-HSA-163685_R-HSA-422356_R-HSA-381676_Q9BQ31	-0.85989	0.00000	0.00000
CID_2801	R-HSA-1430728_R-HSA-71291_R-HSA-209776_R-HSA-209931_P17752	-4.55605	0.00000	0.00000
CID_2801	R-HSA-1430728_R-HSA-71291_R-HSA-2408522_R-HSA-2408557_P39023	-4.35371	0.00000	0.00000
CID_2801	R-HSA-1430728_R-HSA-71291_R-HSA-2408522_R-HSA-2408508_P50135	-5.68354	0.00000	0.00000
CID_2801	R-HSA-1430728_R-HSA-71291_R-HSA-2408522_R-HSA-2408508_P40261	-5.53778	0.00000	0.00000
CID_2801	R-HSA-1430728_R-HSA-71291_R-HSA-351202_R-HSA-350562_P20618	-4.21768	0.00000	0.00000
CID_2801	R-HSA-1430728_R-HSA-71291_R-HSA-351202_R-HSA-350562_P49721	-4.46118	0.00000	0.00000
CID_2801	R-HSA-1430728_R-HSA-71291_R-HSA-351202_R-HSA-350562_P28074	-4.18407	0.00000	0.00000
CID_2801	R-HSA-1430728_R-HSA-71291_R-HSA-351202_R-HSA-350562_P28062	-4.73979	0.00000	0.00000
CID_2801	R-HSA-1430728_R-HSA-71291_R-HSA-351202_R-HSA-350562_P25786	-4.69332	0.00000	0.00000
CID_2801	R-HSA-1430728_R-HSA-71291_R-HSA-351202_R-HSA-350562_Q99460	-4.65174	0.00000	0.00000
CID_2801	R-HSA-1430728_R-HSA-71291_R-HSA-351202_R-HSA-350562_Q13200	-4.72464	0.00000	0.00000
CID_2801	R-HSA-1430728_R-HSA-1428517_R-HSA-71406_R-HSA-71403_Q02218	-5.35834	0.00000	0.00000
CID_2801	R-HSA-1430728_R-HSA-196854_R-HSA-6806667_R-HSA-975634_O95237	-6.76637	0.00000	0.00000
CID_2801	R-HSA-1430728_R-HSA-196854_R-HSA-6806667_R-HSA-975634_P02753	-6.86124	0.00000	0.00000
CID_2801	R-HSA-1430728_R-HSA-196854_R-HSA-6806667_R-HSA-975634_P50120	-6.96146	0.00000	0.00000
CID_2801	R-HSA-1430728_R-HSA-196854_R-HSA-6806667_R-HSA-975634_P09455	-6.81956	0.00000	0.00000
CID_2801	R-HSA-1430728_R-HSA-196854_R-HSA-8978934_R-HSA-1474151_P0DP23	-4.94526	0.00000	0.00000
CID_2801	R-HSA-1430728_R-HSA-196854_R-HSA-8978934_R-HSA-1474151_P29474	-5.10588	0.00000	0.00000
CID_2801	R-HSA-1430728_R-HSA-196854_R-HSA-196849_R-HSA-196741_P33527	-6.86293	0.00000	0.00000
CID_2801	R-HSA-1430728_R-HSA-196854_R-HSA-196849_R-HSA-196741_Q9UBK8	-7.87212	0.00000	0.00000
CID_2801	R-HSA-1430728_R-HSA-196854_R-HSA-196849_R-HSA-196741_O60494	-7.84778	0.00000	0.00000
CID_2801	R-HSA-1430728_R-HSA-196854_R-HSA-196849_R-HSA-196780_P11498	-5.71031	0.00000	0.00000
CID_2801	R-HSA-1430728_R-HSA-196854_R-HSA-196849_R-HSA-196780_Q9Y289	-8.09497	0.00000	0.00000
CID_2801	R-HSA-1430728_R-HSA-196854_R-HSA-196849_R-HSA-196757_Q96NT5	-6.57280	0.00000	0.00000
CID_2801	R-HSA-1430728_R-HSA-196854_R-HSA-196849_R-HSA-196757_P41440	-6.65690	0.00000	0.00000
CID_2801	R-HSA-1430728_R-HSA-196854_R-HSA-196849_R-HSA-196757_P34897	-7.17086	0.00000	0.00000
CID_2801	R-HSA-1430728_R-HSA-196854_R-HSA-196849_R-HSA-196757_P34896	-7.16961	0.00000	0.00000
CID_2801	R-HSA-1430728_R-HSA-196854_R-HSA-196849_R-HSA-196836_P78417	-5.83358	0.00000	0.00000
CID_2801	R-HSA-1430728_R-HSA-196854_R-HSA-196849_R-HSA-196836_Q9UHI7	-5.63986	0.00000	0.00000
CID_2801	R-HSA-1430728_R-HSA-71387_R-HSA-8982491_R-HSA-70221_P0DP23	-3.72189	0.00000	0.00000
CID_2801	R-HSA-1430728_R-HSA-71387_R-HSA-8982491_R-HSA-70221_P06737	-6.50729	0.00000	0.00000
CID_2801	R-HSA-1430728_R-HSA-71387_R-HSA-70326_R-HSA-70263_P11498	-5.38237	0.00000	0.00000
CID_2801	R-HSA-1430728_R-HSA-1428517_R-HSA-163200_R-HSA-611105_R-HSA-6799198_Q16795	-8.56744	0.00000	0.00000
CID_2801	R-HSA-1430728_R-HSA-1428517_R-HSA-163200_R-HSA-611105_R-HSA-6799198_P51970	-8.56888	0.00000	0.00000
CID_2801	R-HSA-1430728_R-HSA-1428517_R-HSA-163200_R-HSA-611105_R-HSA-6799198_O95167	-8.56775	0.00000	0.00000
CID_2801	R-HSA-1430728_R-HSA-1428517_R-HSA-163200_R-HSA-611105_R-HSA-6799198_O43920	-8.56810	0.00000	0.00000
CID_2801	R-HSA-1430728_R-HSA-1428517_R-HSA-163200_R-HSA-611105_R-HSA-6799198_O75306	-8.56871	0.00000	0.00000
CID_2801	R-HSA-1430728_R-HSA-1428517_R-HSA-163200_R-HSA-611105_R-HSA-6799198_P28331	-8.56759	0.00000	0.00000
CID_2801	R-HSA-1430728_R-HSA-1428517_R-HSA-163200_R-HSA-611105_R-HSA-6799198_O43677	-8.56773	0.00000	0.00000
CID_2801	R-HSA-1430728_R-HSA-1428517_R-HSA-163200_R-HSA-611105_R-HSA-6799198_Q9Y6M9	-8.56798	0.00000	0.00000
CID_2801	R-HSA-1430728_R-HSA-1428517_R-HSA-163200_R-HSA-611105_R-HSA-6799198_P17568	-8.56799	0.00000	0.00000
CID_2801	R-HSA-1430728_R-HSA-1428517_R-HSA-71406_R-HSA-70268_R-HSA-204174_P19793	-6.83972	0.00000	0.00000
CID_2801	R-HSA-1430728_R-HSA-1428517_R-HSA-71406_R-HSA-70268_R-HSA-204174_P11177	-8.13394	0.00000	0.00000
CID_2801	R-HSA-1430728_R-HSA-196854_R-HSA-196849_R-HSA-196807_R-HSA-197264_P40261	-6.81787	0.00000	0.00000
CID_2801	R-HSA-1430728_R-HSA-196854_R-HSA-196849_R-HSA-196807_R-HSA-197264_Q16647	-6.99824	0.00000	0.00000
CID_2801	R-HSA-1430728_R-HSA-1475029_Q8N1Q1	-2.91591	0.00500	0.04608
CID_2801	R-HSA-1430728_R-HSA-2161522_R-HSA-2161517_O15245	-6.14504	0.00500	0.04608
CID_2801	R-HSA-1430728_R-HSA-163685_R-HSA-163767_P67775	-3.87246	0.00500	0.04608
CID_2801	R-HSA-1430728_R-HSA-1428517_R-HSA-163200_R-HSA-163210_P30049	-5.51571	0.00500	0.04608
CID_2801	R-HSA-1430728_R-HSA-71387_R-HSA-70326_R-HSA-70263_P00558	-5.62959	0.00500	0.04608
CID_2801	R-HSA-1430728_R-HSA-1428517_R-HSA-163200_R-HSA-611105_R-HSA-6799198_P19404	-8.56815	0.00500	0.04608
CID_2801	R-HSA-1430728_R-HSA-1428517_R-HSA-163200_R-HSA-611105_R-HSA-6799198_O95182	-8.56896	0.00500	0.04608
CID_2801	R-HSA-1430728_R-HSA-1428517_R-HSA-163200_R-HSA-611105_R-HSA-6799198_P56556	-8.56775	0.00500	0.04608
CID_2801	R-HSA-1430728_R-HSA-1428517_R-HSA-163200_R-HSA-611105_R-HSA-6799198_Q16718	-8.56792	0.00500	0.04608
CID_2801	R-HSA-1430728_R-HSA-1428517_R-HSA-163200_R-HSA-611105_R-HSA-6799198_O43678	-8.56751	0.00500	0.04608
CID_2801	R-HSA-1430728_R-HSA-1428517_R-HSA-163200_R-HSA-611105_R-HSA-6799198_O15239	-8.56807	0.00500	0.04608
CID_2801	R-HSA-1430728_R-HSA-1428517_R-HSA-163200_R-HSA-611105_R-HSA-6799198_O95299	-8.56770	0.00500	0.04608
CID_2801	R-HSA-1430728_R-HSA-1428517_R-HSA-163200_R-HSA-611105_R-HSA-6799198_O14561	-7.71867	0.00500	0.04608
CID_2801	R-HSA-1430728_R-HSA-1428517_R-HSA-163200_R-HSA-611105_R-HSA-6799198_O75438	-8.56860	0.00500	0.04608
CID_2801	R-HSA-1430728_R-HSA-1428517_R-HSA-163200_R-HSA-611105_R-HSA-6799198_O95178	-8.56840	0.00500	0.04608
CID_2801	R-HSA-1430728_R-HSA-1428517_R-HSA-163200_R-HSA-611105_R-HSA-6799198_O00217	-8.56786	0.00500	0.04608
CID_2801	R-HSA-1430728_R-HSA-1428517_R-HSA-163200_R-HSA-611105_R-HSA-6799198_O75380	-8.56839	0.00500	0.04608
CID_2801	R-HSA-1430728_R-HSA-1428517_R-HSA-163200_R-HSA-611105_R-HSA-6799198_O43181	-8.56746	0.00500	0.04608
CID_2801	R-HSA-1430728_R-HSA-1428517_R-HSA-163200_R-HSA-611105_R-HSA-6799198_P49821	-8.56747	0.00500	0.04608
CID_2801	R-HSA-1430728_R-HSA-1428517_R-HSA-163200_R-HSA-611105_R-HSA-6799198_O75489	-8.56794	0.00500	0.04608
CID_2801	R-HSA-1430728_R-HSA-1428517_R-HSA-163200_R-HSA-611105_R-HSA-6799198_P56181	-8.56740	0.00500	0.04608
CID_2801	R-HSA-1430728_R-HSA-1428517_R-HSA-163200_R-HSA-611105_R-HSA-6799198_O95298	-8.56788	0.00500	0.04608
CID_2801	R-HSA-1430728_R-HSA-1428517_R-HSA-163200_R-HSA-611105_R-HSA-6799198_O96000	-8.56785	0.00500	0.04608
CID_2801	R-HSA-1430728_R-HSA-1428517_R-HSA-163200_R-HSA-611105_R-HSA-6799198_O95169	-8.56812	0.00500	0.04608
CID_2801	R-HSA-1430728_R-HSA-1428517_R-HSA-163200_R-HSA-611105_R-HSA-6799198_O95139	-8.56806	0.00500	0.04608
CID_2801	R-HSA-1430728_R-HSA-1428517_R-HSA-163200_R-HSA-611105_R-HSA-6799198_O43674	-8.56815	0.00500	0.04608
CID_2801	R-HSA-1430728_R-HSA-1428517_R-HSA-163200_R-HSA-611105_R-HSA-6799198_O95168	-8.56800	0.00500	0.04608
CID_2801	R-HSA-1430728_R-HSA-1428517_R-HSA-163200_R-HSA-611105_R-HSA-6799198_O43676	-8.56759	0.00500	0.04608
CID_2801	R-HSA-1430728_R-HSA-71387_R-HSA-70326_R-HSA-70171_R-HSA-9634600_P62714	-6.80428	0.00500	0.04608
CID_2801	R-HSA-1430728_R-HSA-71387_R-HSA-70326_R-HSA-70171_R-HSA-9634600_P67775	-7.11360	0.00500	0.04608
CID_2812	R-HSA-1430728_R-HSA-1475029_Q8N1Q1	-0.92048	0.00000	0.00000
CID_2812	R-HSA-1430728_R-HSA-1483249_R-HSA-1855204_P0DP23	-2.01121	0.00000	0.00000
CID_2812	R-HSA-1430728_R-HSA-202131_R-HSA-203615_P0DP23	-1.82138	0.00000	0.00000
CID_2812	R-HSA-1430728_R-HSA-202131_R-HSA-203615_P29474	-1.93043	0.00000	0.00000
CID_2812	R-HSA-1430728_R-HSA-2161522_R-HSA-2161517_P08183	-3.16976	0.00000	0.00000
CID_2812	R-HSA-1430728_R-HSA-2161522_R-HSA-2161517_O75751	-4.98936	0.00000	0.00000
CID_2812	R-HSA-1430728_R-HSA-2161522_R-HSA-2161517_O15245	-3.22558	0.00000	0.00000
CID_2812	R-HSA-1430728_R-HSA-15869_R-HSA-499943_P04818	-1.79886	0.00000	0.00000
CID_2812	R-HSA-1430728_R-HSA-163685_R-HSA-163765_P30613	-1.07057	0.00000	0.00000
CID_2812	R-HSA-1430728_R-HSA-163685_R-HSA-163767_P62714	-1.74564	0.00000	0.00000
CID_2812	R-HSA-1430728_R-HSA-163685_R-HSA-163767_P67775	-1.72953	0.00000	0.00000
CID_2812	R-HSA-1430728_R-HSA-71291_R-HSA-389661_Q02218	-1.80255	0.00000	0.00000
CID_2812	R-HSA-1430728_R-HSA-71291_R-HSA-389661_O14561	-2.78504	0.00000	0.00000
CID_2812	R-HSA-1430728_R-HSA-71291_R-HSA-389661_P11177	-2.86099	0.00000	0.00000
CID_2812	R-HSA-1430728_R-HSA-71291_R-HSA-70895_P54687	-2.01657	0.00000	0.00000
CID_2812	R-HSA-1430728_R-HSA-71291_R-HSA-71288_P48066	-2.05650	0.00000	0.00000
CID_2812	R-HSA-1430728_R-HSA-71291_R-HSA-70921_P50135	-2.41360	0.00000	0.00000
CID_2812	R-HSA-1430728_R-HSA-71291_R-HSA-71064_Q02218	-1.76261	0.00000	0.00000
CID_2812	R-HSA-1430728_R-HSA-211859_R-HSA-5423646_P10620	-4.06995	0.00000	0.00000
CID_2812	R-HSA-1430728_R-HSA-211859_R-HSA-5423646_O14880	-4.05335	0.00000	0.00000
CID_2812	R-HSA-1430728_R-HSA-15869_R-HSA-8956319_R-HSA-73621_P19971	-2.68171	0.00000	0.00000
CID_2812	R-HSA-1430728_R-HSA-15869_R-HSA-8956319_R-HSA-73621_Q16831	-2.93761	0.00000	0.00000
CID_2812	R-HSA-1430728_R-HSA-15869_R-HSA-8956321_R-HSA-74217_P00813	-2.71117	0.00000	0.00000
CID_2812	R-HSA-1430728_R-HSA-15869_R-HSA-8956321_R-HSA-73614_P19971	-3.06506	0.00000	0.00000
CID_2812	R-HSA-1430728_R-HSA-15869_R-HSA-8956321_R-HSA-73614_Q16831	-3.32097	0.00000	0.00000
CID_2812	R-HSA-1430728_R-HSA-163685_R-HSA-422356_R-HSA-400042_Q01668	-0.46373	0.00000	0.00000
CID_2812	R-HSA-1430728_R-HSA-163685_R-HSA-422356_R-HSA-400042_Q13936	-0.61065	0.00000	0.00000
CID_2812	R-HSA-1430728_R-HSA-163685_R-HSA-422356_R-HSA-400042_Q9NY47	-0.38152	0.00000	0.00000
CID_2812	R-HSA-1430728_R-HSA-163685_R-HSA-422356_R-HSA-400042_Q08289	-0.90558	0.00000	0.00000
CID_2812	R-HSA-1430728_R-HSA-163685_R-HSA-422356_R-HSA-381676_Q9BQ31	0.60435	0.00000	0.00000
CID_2812	R-HSA-1430728_R-HSA-71291_R-HSA-209776_R-HSA-209931_P17752	-2.43259	0.00000	0.00000
CID_2812	R-HSA-1430728_R-HSA-71291_R-HSA-2408522_R-HSA-2408557_P39023	-2.18460	0.00000	0.00000
CID_2812	R-HSA-1430728_R-HSA-71291_R-HSA-2408522_R-HSA-2408508_P50135	-3.51692	0.00000	0.00000
CID_2812	R-HSA-1430728_R-HSA-71291_R-HSA-2408522_R-HSA-2408508_P40261	-3.35848	0.00000	0.00000
CID_2812	R-HSA-1430728_R-HSA-71291_R-HSA-351202_R-HSA-350562_P20618	-2.18309	0.00000	0.00000
CID_2812	R-HSA-1430728_R-HSA-71291_R-HSA-351202_R-HSA-350562_P49721	-2.42580	0.00000	0.00000
CID_2812	R-HSA-1430728_R-HSA-71291_R-HSA-351202_R-HSA-350562_P28074	-2.14664	0.00000	0.00000
CID_2812	R-HSA-1430728_R-HSA-71291_R-HSA-351202_R-HSA-350562_P28062	-2.72608	0.00000	0.00000
CID_2812	R-HSA-1430728_R-HSA-71291_R-HSA-351202_R-HSA-350562_P25786	-2.61376	0.00000	0.00000
CID_2812	R-HSA-1430728_R-HSA-71291_R-HSA-351202_R-HSA-350562_Q99460	-2.57720	0.00000	0.00000
CID_2812	R-HSA-1430728_R-HSA-71291_R-HSA-351202_R-HSA-350562_Q13200	-2.64081	0.00000	0.00000
CID_2812	R-HSA-1430728_R-HSA-1428517_R-HSA-163200_R-HSA-163210_P30049	-3.38244	0.00000	0.00000
CID_2812	R-HSA-1430728_R-HSA-1428517_R-HSA-71406_R-HSA-71403_Q02218	-3.08108	0.00000	0.00000
CID_2812	R-HSA-1430728_R-HSA-196854_R-HSA-8978934_R-HSA-1474151_P0DP23	-3.00492	0.00000	0.00000
CID_2812	R-HSA-1430728_R-HSA-196854_R-HSA-8978934_R-HSA-1474151_P29474	-3.11397	0.00000	0.00000
CID_2812	R-HSA-1430728_R-HSA-196854_R-HSA-196849_R-HSA-196741_P33527	-4.28721	0.00000	0.00000
CID_2812	R-HSA-1430728_R-HSA-196854_R-HSA-196849_R-HSA-196741_P22033	-4.03464	0.00000	0.00000
CID_2812	R-HSA-1430728_R-HSA-196854_R-HSA-196849_R-HSA-196741_Q9UBK8	-4.46538	0.00000	0.00000
CID_2812	R-HSA-1430728_R-HSA-196854_R-HSA-196849_R-HSA-196741_O60494	-5.61392	0.00000	0.00000
CID_2812	R-HSA-1430728_R-HSA-196854_R-HSA-196849_R-HSA-196780_P05165	-9.18531	0.00000	0.00000
CID_2812	R-HSA-1430728_R-HSA-196854_R-HSA-196849_R-HSA-196780_P11498	-3.43483	0.00000	0.00000
CID_2812	R-HSA-1430728_R-HSA-196854_R-HSA-196849_R-HSA-196780_Q9Y289	-5.86203	0.00000	0.00000
CID_2812	R-HSA-1430728_R-HSA-196854_R-HSA-196849_R-HSA-196757_Q96NT5	-4.33977	0.00000	0.00000
CID_2812	R-HSA-1430728_R-HSA-196854_R-HSA-196849_R-HSA-196757_P41440	-4.42349	0.00000	0.00000
CID_2812	R-HSA-1430728_R-HSA-196854_R-HSA-196849_R-HSA-196757_P34897	-4.93784	0.00000	0.00000
CID_2812	R-HSA-1430728_R-HSA-196854_R-HSA-196849_R-HSA-196757_P34896	-4.93658	0.00000	0.00000
CID_2812	R-HSA-1430728_R-HSA-196854_R-HSA-196849_R-HSA-196836_P78417	-3.49033	0.00000	0.00000
CID_2812	R-HSA-1430728_R-HSA-196854_R-HSA-196849_R-HSA-196836_Q9UHI7	-3.40886	0.00000	0.00000
CID_2812	R-HSA-1430728_R-HSA-71387_R-HSA-8982491_R-HSA-70221_P0DP23	-1.71948	0.00000	0.00000
CID_2812	R-HSA-1430728_R-HSA-71387_R-HSA-8982491_R-HSA-70221_P06737	-4.21659	0.00000	0.00000
CID_2812	R-HSA-1430728_R-HSA-71387_R-HSA-70326_R-HSA-70263_P11498	-2.93564	0.00000	0.00000
CID_2812	R-HSA-1430728_R-HSA-71387_R-HSA-70326_R-HSA-70263_P00558	-3.14770	0.00000	0.00000
CID_2812	R-HSA-1430728_R-HSA-211859_R-HSA-156580_R-HSA-156588_O60656	-4.81971	0.00000	0.00000
CID_2812	R-HSA-1430728_R-HSA-211859_R-HSA-156580_R-HSA-156588_P22309	-5.73948	0.00000	0.00000
CID_2812	R-HSA-1430728_R-HSA-211859_R-HSA-156580_R-HSA-156581_P21964	-6.73699	0.00000	0.00000
CID_2812	R-HSA-1430728_R-HSA-211859_R-HSA-156580_R-HSA-156581_P40261	-5.10608	0.00000	0.00000
CID_2812	R-HSA-1430728_R-HSA-211859_R-HSA-156580_R-HSA-156581_Q9UBK8	-5.85139	0.00000	0.00000
CID_2812	R-HSA-1430728_R-HSA-211859_R-HSA-156580_R-HSA-156581_P78417	-5.42557	0.00000	0.00000
CID_2812	R-HSA-1430728_R-HSA-556833_R-HSA-9018678_R-HSA-2142700_Q16873	-4.07827	0.00000	0.00000
CID_2812	R-HSA-1430728_R-HSA-556833_R-HSA-8978868_R-HSA-200425_P19793	-3.21107	0.00000	0.00000
CID_2812	R-HSA-1430728_R-HSA-556833_R-HSA-8978868_R-HSA-200425_O43741	-4.53359	0.00000	0.00000
CID_2812	R-HSA-1430728_R-HSA-556833_R-HSA-8957322_R-HSA-196791_Q6VVX0	-1.07743	0.00000	0.00000
CID_2812	R-HSA-1430728_R-HSA-556833_R-HSA-8957322_R-HSA-196791_P02774	-1.07729	0.00000	0.00000
CID_2812	R-HSA-1430728_R-HSA-556833_R-HSA-8957322_R-HSA-196791_O60494	-3.01717	0.00000	0.00000
CID_2812	R-HSA-1430728_R-HSA-556833_R-HSA-8957322_R-HSA-191273_Q16850	1.21525	0.00000	0.00000
CID_2812	R-HSA-1430728_R-HSA-1428517_R-HSA-163200_R-HSA-611105_R-HSA-6799198_P19404	-6.16281	0.00000	0.00000
CID_2812	R-HSA-1430728_R-HSA-1428517_R-HSA-163200_R-HSA-611105_R-HSA-6799198_Q16795	-6.16210	0.00000	0.00000
CID_2812	R-HSA-1430728_R-HSA-1428517_R-HSA-163200_R-HSA-611105_R-HSA-6799198_P51970	-6.16355	0.00000	0.00000
CID_2812	R-HSA-1430728_R-HSA-1428517_R-HSA-163200_R-HSA-611105_R-HSA-6799198_O95182	-6.16364	0.00000	0.00000
CID_2812	R-HSA-1430728_R-HSA-1428517_R-HSA-163200_R-HSA-611105_R-HSA-6799198_P56556	-6.16241	0.00000	0.00000
CID_2812	R-HSA-1430728_R-HSA-1428517_R-HSA-163200_R-HSA-611105_R-HSA-6799198_Q16718	-6.16259	0.00000	0.00000
CID_2812	R-HSA-1430728_R-HSA-1428517_R-HSA-163200_R-HSA-611105_R-HSA-6799198_O95167	-6.16240	0.00000	0.00000
CID_2812	R-HSA-1430728_R-HSA-1428517_R-HSA-163200_R-HSA-611105_R-HSA-6799198_O43678	-6.16217	0.00000	0.00000
CID_2812	R-HSA-1430728_R-HSA-1428517_R-HSA-163200_R-HSA-611105_R-HSA-6799198_O15239	-6.16273	0.00000	0.00000
CID_2812	R-HSA-1430728_R-HSA-1428517_R-HSA-163200_R-HSA-611105_R-HSA-6799198_O95299	-6.16236	0.00000	0.00000
CID_2812	R-HSA-1430728_R-HSA-1428517_R-HSA-163200_R-HSA-611105_R-HSA-6799198_O14561	-5.28838	0.00000	0.00000
CID_2812	R-HSA-1430728_R-HSA-1428517_R-HSA-163200_R-HSA-611105_R-HSA-6799198_O75438	-6.16327	0.00000	0.00000
CID_2812	R-HSA-1430728_R-HSA-1428517_R-HSA-163200_R-HSA-611105_R-HSA-6799198_O95178	-6.16307	0.00000	0.00000
CID_2812	R-HSA-1430728_R-HSA-1428517_R-HSA-163200_R-HSA-611105_R-HSA-6799198_O00217	-6.16251	0.00000	0.00000
CID_2812	R-HSA-1430728_R-HSA-1428517_R-HSA-163200_R-HSA-611105_R-HSA-6799198_O75380	-6.16306	0.00000	0.00000
CID_2812	R-HSA-1430728_R-HSA-1428517_R-HSA-163200_R-HSA-611105_R-HSA-6799198_O43920	-6.16277	0.00000	0.00000
CID_2812	R-HSA-1430728_R-HSA-1428517_R-HSA-163200_R-HSA-611105_R-HSA-6799198_O43181	-6.16211	0.00000	0.00000
CID_2812	R-HSA-1430728_R-HSA-1428517_R-HSA-163200_R-HSA-611105_R-HSA-6799198_P49821	-6.16212	0.00000	0.00000
CID_2812	R-HSA-1430728_R-HSA-1428517_R-HSA-163200_R-HSA-611105_R-HSA-6799198_O75489	-6.16261	0.00000	0.00000
CID_2812	R-HSA-1430728_R-HSA-1428517_R-HSA-163200_R-HSA-611105_R-HSA-6799198_O75306	-6.16339	0.00000	0.00000
CID_2812	R-HSA-1430728_R-HSA-1428517_R-HSA-163200_R-HSA-611105_R-HSA-6799198_P56181	-6.16205	0.00000	0.00000
CID_2812	R-HSA-1430728_R-HSA-1428517_R-HSA-163200_R-HSA-611105_R-HSA-6799198_P28331	-6.16224	0.00000	0.00000
CID_2812	R-HSA-1430728_R-HSA-1428517_R-HSA-163200_R-HSA-611105_R-HSA-6799198_O95298	-6.16254	0.00000	0.00000
CID_2812	R-HSA-1430728_R-HSA-1428517_R-HSA-163200_R-HSA-611105_R-HSA-6799198_O43677	-6.16239	0.00000	0.00000
CID_2812	R-HSA-1430728_R-HSA-1428517_R-HSA-163200_R-HSA-611105_R-HSA-6799198_O96000	-6.16251	0.00000	0.00000
CID_2812	R-HSA-1430728_R-HSA-1428517_R-HSA-163200_R-HSA-611105_R-HSA-6799198_Q9Y6M9	-6.16265	0.00000	0.00000
CID_2812	R-HSA-1430728_R-HSA-1428517_R-HSA-163200_R-HSA-611105_R-HSA-6799198_O95169	-6.16278	0.00000	0.00000
CID_2812	R-HSA-1430728_R-HSA-1428517_R-HSA-163200_R-HSA-611105_R-HSA-6799198_P17568	-6.16265	0.00000	0.00000
CID_2812	R-HSA-1430728_R-HSA-1428517_R-HSA-163200_R-HSA-611105_R-HSA-6799198_O95139	-6.16272	0.00000	0.00000
CID_2812	R-HSA-1430728_R-HSA-1428517_R-HSA-163200_R-HSA-611105_R-HSA-6799198_O43674	-6.16281	0.00000	0.00000
CID_2812	R-HSA-1430728_R-HSA-1428517_R-HSA-163200_R-HSA-611105_R-HSA-6799198_O95168	-6.16266	0.00000	0.00000
CID_2812	R-HSA-1430728_R-HSA-1428517_R-HSA-163200_R-HSA-611105_R-HSA-6799198_O43676	-6.16225	0.00000	0.00000
CID_2812	R-HSA-1430728_R-HSA-1428517_R-HSA-71406_R-HSA-70268_R-HSA-204174_P19793	-3.98594	0.00000	0.00000
CID_2812	R-HSA-1430728_R-HSA-1428517_R-HSA-71406_R-HSA-70268_R-HSA-204174_P11177	-5.53248	0.00000	0.00000
CID_2812	R-HSA-1430728_R-HSA-196854_R-HSA-196849_R-HSA-196807_R-HSA-197264_P40261	-4.23982	0.00000	0.00000
CID_2812	R-HSA-1430728_R-HSA-196854_R-HSA-196849_R-HSA-196807_R-HSA-197264_Q16647	-4.41489	0.00000	0.00000
CID_2812	R-HSA-1430728_R-HSA-71387_R-HSA-70326_R-HSA-70171_R-HSA-9634600_P67775	-3.94381	0.00000	0.00000
CID_2812	R-HSA-1430728_R-HSA-211859_R-HSA-211945_R-HSA-211897_R-HSA-211979_P24557	-9.06555	0.00000	0.00000
CID_2812	R-HSA-1430728_R-HSA-556833_R-HSA-1483257_R-HSA-1483206_R-HSA-1483191_P06276	-8.49569	0.00000	0.00000
CID_2812	R-HSA-1430728_R-HSA-556833_R-HSA-1483257_R-HSA-1483206_R-HSA-1483191_P22303	-9.15985	0.00000	0.00000
CID_2812	R-HSA-1430728_R-HSA-556833_R-HSA-1483257_R-HSA-1483206_R-HSA-1482788_P47712	-7.53297	0.00000	0.00000
CID_2812	R-HSA-1430728_R-HSA-556833_R-HSA-1483257_R-HSA-1483206_R-HSA-1482798_P47712	-8.00699	0.00000	0.00000
CID_2812	R-HSA-1430728_R-HSA-556833_R-HSA-1483257_R-HSA-1483206_R-HSA-1482801_P47712	-7.45326	0.00000	0.00000
CID_2812	R-HSA-1430728_R-HSA-556833_R-HSA-1483257_R-HSA-1483206_R-HSA-1482839_P47712	-7.19926	0.00000	0.00000
CID_2812	R-HSA-1430728_R-HSA-556833_R-HSA-1483257_R-HSA-1483206_R-HSA-1482922_P47712	-7.46833	0.00000	0.00000
CID_2812	R-HSA-1430728_R-HSA-556833_R-HSA-1483257_R-HSA-1483206_R-HSA-1482925_P47712	-7.05306	0.00000	0.00000
CID_2812	R-HSA-1430728_R-HSA-556833_R-HSA-1483257_R-HSA-1483206_R-HSA-1483166_P47712	-7.28747	0.00000	0.00000
CID_2812	R-HSA-1430728_R-HSA-556833_R-HSA-1483257_R-HSA-1483206_R-HSA-1483213_Q99447	-7.82166	0.00000	0.00000
CID_2812	R-HSA-1430728_R-HSA-556833_R-HSA-1483257_R-HSA-1483255_R-HSA-1660499_O00750	-8.56761	0.00000	0.00000
CID_2812	R-HSA-1430728_R-HSA-556833_R-HSA-1483257_R-HSA-1483255_R-HSA-1660499_Q8TBX8	-6.90893	0.00000	0.00000
CID_2812	R-HSA-1430728_R-HSA-556833_R-HSA-1483257_R-HSA-1483255_R-HSA-1660514_Q9UBF8	-8.78182	0.00000	0.00000
CID_2812	R-HSA-1430728_R-HSA-556833_R-HSA-8978868_R-HSA-2046104_R-HSA-2046106_O60427	-5.82202	0.00000	0.00000
CID_2812	R-HSA-1430728_R-HSA-556833_R-HSA-8978868_R-HSA-2046104_R-HSA-2046106_O95864	-7.51932	0.00000	0.00000
CID_2812	R-HSA-1430728_R-HSA-556833_R-HSA-8978868_R-HSA-2142753_R-HSA-2142670_Q16678	-44.63884	0.00000	0.00000
CID_2812	R-HSA-1430728_R-HSA-556833_R-HSA-8978868_R-HSA-2142753_R-HSA-2142670_P04798	-42.06636	0.00000	0.00000
CID_2812	R-HSA-1430728_R-HSA-556833_R-HSA-8978868_R-HSA-2142753_R-HSA-2142816_Q16678	-8.15089	0.00000	0.00000
CID_2812	R-HSA-1430728_R-HSA-556833_R-HSA-8978868_R-HSA-2142753_R-HSA-2142816_P04798	-5.57841	0.00000	0.00000
CID_2812	R-HSA-1430728_R-HSA-556833_R-HSA-8978868_R-HSA-2142753_R-HSA-2142691_P33527	-6.77376	0.00000	0.00000
CID_2812	R-HSA-1430728_R-HSA-556833_R-HSA-8978868_R-HSA-2142753_R-HSA-2142691_P13584	-7.28099	0.00000	0.00000
CID_2812	R-HSA-1430728_R-HSA-556833_R-HSA-8978868_R-HSA-2142753_R-HSA-2142691_Q16873	-6.56821	0.00000	0.00000
CID_2812	R-HSA-1430728_R-HSA-556833_R-HSA-8978868_R-HSA-2142753_R-HSA-2162123_P16152	-9.05797	0.00000	0.00000
CID_2812	R-HSA-1430728_R-HSA-556833_R-HSA-8978868_R-HSA-2142753_R-HSA-2162123_P24557	-8.52258	0.00000	0.00000
CID_2812	R-HSA-1430728_R-HSA-556833_R-HSA-8978868_R-HSA-2142753_R-HSA-2162123_Q16647	-7.18151	0.00000	0.00000
CID_2812	R-HSA-1430728_R-HSA-556833_R-HSA-8978868_R-HSA-2142753_R-HSA-2142688_Q15166	-8.82459	0.00000	0.00000
CID_2812	R-HSA-1430728_R-HSA-556833_R-HSA-8978868_R-HSA-2142753_R-HSA-2142688_Q16873	-7.34673	0.00000	0.00000
CID_2812	R-HSA-1430728_R-HSA-556833_R-HSA-8978868_R-HSA-390918_R-HSA-389599_O14832	-6.60458	0.00000	0.00000
CID_2812	R-HSA-1430728_R-HSA-556833_R-HSA-8978868_R-HSA-75105_R-HSA-75876_Q9GZR5	-8.69841	0.00000	0.00000
CID_2812	R-HSA-1430728_R-HSA-556833_R-HSA-8978868_R-HSA-77289_R-HSA-71032_P05165	-11.09940	0.00000	0.00000
CID_2812	R-HSA-1430728_R-HSA-556833_R-HSA-8978868_R-HSA-77289_R-HSA-71032_P22033	-5.71457	0.00000	0.00000
CID_2812	R-HSA-1430728_R-HSA-556833_R-HSA-8957322_R-HSA-1655829_R-HSA-2426168_P19793	-0.08329	0.00000	0.00000
CID_2812	R-HSA-1430728_R-HSA-556833_R-HSA-8957322_R-HSA-1655829_R-HSA-2426168_Q16850	0.45208	0.00000	0.00000
CID_2812	R-HSA-1430728_R-HSA-211859_R-HSA-156580_R-HSA-156587_R-HSA-159424_R-HSA-177128_Q6IB77	-10.99819	0.00000	0.00000
CID_2812	R-HSA-1430728_R-HSA-163685_R-HSA-163680_O43741	-2.57208	0.00500	0.04608
CID_2812	R-HSA-1430728_R-HSA-211859_R-HSA-211945_R-HSA-71384_P05091	-5.47134	0.00500	0.04608
CID_2812	R-HSA-1430728_R-HSA-211859_R-HSA-156580_R-HSA-156588_P22310	-5.59211	0.00500	0.04608
CID_2812	R-HSA-1430728_R-HSA-71387_R-HSA-70326_R-HSA-70171_R-HSA-9634600_P62714	-3.95993	0.00500	0.04608
CID_2812	R-HSA-1430728_R-HSA-211859_R-HSA-211945_R-HSA-211897_R-HSA-211976_P11511	-7.13977	0.00500	0.04608
CID_2812	R-HSA-1430728_R-HSA-211859_R-HSA-211945_R-HSA-211897_R-HSA-211976_P19793	-5.69069	0.00500	0.04608
CID_2812	R-HSA-1430728_R-HSA-211859_R-HSA-211945_R-HSA-211897_R-HSA-211976_Q16850	-5.15532	0.00500	0.04608
CID_2812	R-HSA-1430728_R-HSA-211859_R-HSA-211945_R-HSA-211897_R-HSA-211976_Q16647	-6.73255	0.00500	0.04608
CID_2812	R-HSA-1430728_R-HSA-211859_R-HSA-211945_R-HSA-211897_R-HSA-211979_Q16647	-7.72448	0.00500	0.04608
CID_2812	R-HSA-1430728_R-HSA-556833_R-HSA-8978868_R-HSA-2142753_R-HSA-2142670_P34913	-82.01919	0.00500	0.04608
CID_2812	R-HSA-1430728_R-HSA-211859_R-HSA-156580_R-HSA-156587_R-HSA-159424_R-HSA-177135_Q6IB77	-12.71131	0.00500	0.04608
CID_2818	R-HSA-1430728_R-HSA-1483249_R-HSA-1855204_P0DP23	-4.07353	0.00000	0.00000
CID_2818	R-HSA-1430728_R-HSA-202131_R-HSA-203615_P0DP23	-3.54313	0.00000	0.00000
CID_2818	R-HSA-1430728_R-HSA-15869_R-HSA-499943_P04818	-4.18317	0.00000	0.00000
CID_2818	R-HSA-1430728_R-HSA-163685_R-HSA-163765_P30613	-3.10061	0.00000	0.00000
CID_2818	R-HSA-1430728_R-HSA-163685_R-HSA-163767_P62714	-4.16540	0.00000	0.00000
CID_2818	R-HSA-1430728_R-HSA-71291_R-HSA-389661_Q02218	-4.25276	0.00000	0.00000
CID_2818	R-HSA-1430728_R-HSA-71291_R-HSA-389661_P11177	-5.29324	0.00000	0.00000
CID_2818	R-HSA-1430728_R-HSA-71291_R-HSA-70895_P54687	-4.44126	0.00000	0.00000
CID_2818	R-HSA-1430728_R-HSA-71291_R-HSA-71288_P48066	-4.46282	0.00000	0.00000
CID_2818	R-HSA-1430728_R-HSA-71291_R-HSA-70921_P50135	-4.84549	0.00000	0.00000
CID_2818	R-HSA-1430728_R-HSA-71291_R-HSA-71064_Q02218	-4.21172	0.00000	0.00000
CID_2818	R-HSA-1430728_R-HSA-211859_R-HSA-5423646_P10620	-4.89904	0.00000	0.00000
CID_2818	R-HSA-1430728_R-HSA-211859_R-HSA-5423646_O14880	-4.88074	0.00000	0.00000
CID_2818	R-HSA-1430728_R-HSA-15869_R-HSA-8956319_R-HSA-73621_P19971	-5.63191	0.00000	0.00000
CID_2818	R-HSA-1430728_R-HSA-15869_R-HSA-8956319_R-HSA-73621_Q16831	-5.88810	0.00000	0.00000
CID_2818	R-HSA-1430728_R-HSA-15869_R-HSA-8956321_R-HSA-73614_P19971	-5.97452	0.00000	0.00000
CID_2818	R-HSA-1430728_R-HSA-15869_R-HSA-8956321_R-HSA-73614_Q16831	-6.23071	0.00000	0.00000
CID_2818	R-HSA-1430728_R-HSA-163685_R-HSA-422356_R-HSA-400042_Q01668	-2.77384	0.00000	0.00000
CID_2818	R-HSA-1430728_R-HSA-163685_R-HSA-422356_R-HSA-400042_Q13936	-2.92073	0.00000	0.00000
CID_2818	R-HSA-1430728_R-HSA-163685_R-HSA-422356_R-HSA-400042_Q9NY47	-2.69161	0.00000	0.00000
CID_2818	R-HSA-1430728_R-HSA-163685_R-HSA-422356_R-HSA-400042_Q08289	-3.21567	0.00000	0.00000
CID_2818	R-HSA-1430728_R-HSA-163685_R-HSA-422356_R-HSA-381676_Q9BQ31	-1.72105	0.00000	0.00000
CID_2818	R-HSA-1430728_R-HSA-71291_R-HSA-209776_R-HSA-209931_P17752	-5.37037	0.00000	0.00000
CID_2818	R-HSA-1430728_R-HSA-71291_R-HSA-2408522_R-HSA-2408508_P50135	-6.49428	0.00000	0.00000
CID_2818	R-HSA-1430728_R-HSA-71291_R-HSA-351202_R-HSA-350562_P20618	-5.03547	0.00000	0.00000
CID_2818	R-HSA-1430728_R-HSA-71291_R-HSA-351202_R-HSA-350562_P49721	-5.27819	0.00000	0.00000
CID_2818	R-HSA-1430728_R-HSA-71291_R-HSA-351202_R-HSA-350562_P28074	-5.00224	0.00000	0.00000
CID_2818	R-HSA-1430728_R-HSA-71291_R-HSA-351202_R-HSA-350562_P28062	-5.55322	0.00000	0.00000
CID_2818	R-HSA-1430728_R-HSA-71291_R-HSA-351202_R-HSA-350562_P25786	-5.51396	0.00000	0.00000
CID_2818	R-HSA-1430728_R-HSA-71291_R-HSA-351202_R-HSA-350562_Q99460	-5.47207	0.00000	0.00000
CID_2818	R-HSA-1430728_R-HSA-71291_R-HSA-351202_R-HSA-350562_Q13200	-5.54548	0.00000	0.00000
CID_2818	R-HSA-1430728_R-HSA-196854_R-HSA-6806667_R-HSA-975634_O95237	-7.49488	0.00000	0.00000
CID_2818	R-HSA-1430728_R-HSA-196854_R-HSA-6806667_R-HSA-975634_P02753	-7.58829	0.00000	0.00000
CID_2818	R-HSA-1430728_R-HSA-196854_R-HSA-6806667_R-HSA-975634_P50120	-7.70142	0.00000	0.00000
CID_2818	R-HSA-1430728_R-HSA-196854_R-HSA-6806667_R-HSA-975634_P09455	-7.54690	0.00000	0.00000
CID_2818	R-HSA-1430728_R-HSA-196854_R-HSA-8978934_R-HSA-1474151_P0DP23	-5.73121	0.00000	0.00000
CID_2818	R-HSA-1430728_R-HSA-196854_R-HSA-8978934_R-HSA-1474151_P29474	-5.92300	0.00000	0.00000
CID_2818	R-HSA-1430728_R-HSA-196854_R-HSA-196849_R-HSA-196741_Q9UBK8	-7.14323	0.00000	0.00000
CID_2818	R-HSA-1430728_R-HSA-196854_R-HSA-196849_R-HSA-196741_O60494	-8.64665	0.00000	0.00000
CID_2818	R-HSA-1430728_R-HSA-196854_R-HSA-196849_R-HSA-196780_Q9Y289	-8.89390	0.00000	0.00000
CID_2818	R-HSA-1430728_R-HSA-71387_R-HSA-8982491_R-HSA-70221_P0DP23	-4.50397	0.00000	0.00000
CID_2818	R-HSA-1430728_R-HSA-71387_R-HSA-8982491_R-HSA-70221_P06737	-7.30309	0.00000	0.00000
CID_2818	R-HSA-1430728_R-HSA-1428517_R-HSA-163200_R-HSA-611105_R-HSA-6799198_P51970	-9.59170	0.00000	0.00000
CID_2818	R-HSA-1430728_R-HSA-1428517_R-HSA-163200_R-HSA-611105_R-HSA-6799198_P17568	-9.59081	0.00000	0.00000
CID_2818	R-HSA-1430728_R-HSA-1428517_R-HSA-71406_R-HSA-70268_R-HSA-204174_P19793	-7.35002	0.00000	0.00000
CID_2818	R-HSA-1430728_R-HSA-1428517_R-HSA-71406_R-HSA-70268_R-HSA-204174_P11177	-9.13689	0.00000	0.00000
CID_2818	R-HSA-1430728_R-HSA-196854_R-HSA-196849_R-HSA-196807_R-HSA-197264_Q16647	-7.99906	0.00000	0.00000
CID_2818	R-HSA-1430728_R-HSA-202131_R-HSA-203615_P29474	-3.73491	0.00500	0.04608
CID_2818	R-HSA-1430728_R-HSA-2161522_R-HSA-2161517_O15245	-6.61377	0.00500	0.04608
CID_2818	R-HSA-1430728_R-HSA-163685_R-HSA-163767_P67775	-4.48078	0.00500	0.04608
CID_2818	R-HSA-1430728_R-HSA-71291_R-HSA-389661_O14561	-5.21371	0.00500	0.04608
CID_2818	R-HSA-1430728_R-HSA-15869_R-HSA-8956321_R-HSA-74217_P00813	-5.60071	0.00500	0.04608
CID_2818	R-HSA-1430728_R-HSA-71291_R-HSA-2408522_R-HSA-2408557_P39023	-5.16429	0.00500	0.04608
CID_2818	R-HSA-1430728_R-HSA-71291_R-HSA-2408522_R-HSA-2408508_P40261	-6.34654	0.00500	0.04608
CID_2818	R-HSA-1430728_R-HSA-1428517_R-HSA-163200_R-HSA-163210_P30049	-6.32831	0.00500	0.04608
CID_2818	R-HSA-1430728_R-HSA-1428517_R-HSA-71406_R-HSA-71403_Q02218	-6.15540	0.00500	0.04608
CID_2818	R-HSA-1430728_R-HSA-196854_R-HSA-196849_R-HSA-196741_P33527	-7.55768	0.00500	0.04608
CID_2818	R-HSA-1430728_R-HSA-196854_R-HSA-196849_R-HSA-196780_P05165	-12.21679	0.00500	0.04608
CID_2818	R-HSA-1430728_R-HSA-196854_R-HSA-196849_R-HSA-196780_P11498	-6.50531	0.00500	0.04608
CID_2818	R-HSA-1430728_R-HSA-196854_R-HSA-196849_R-HSA-196757_Q96NT5	-7.37170	0.00500	0.04608
CID_2818	R-HSA-1430728_R-HSA-196854_R-HSA-196849_R-HSA-196757_P41440	-7.45577	0.00500	0.04608
CID_2818	R-HSA-1430728_R-HSA-196854_R-HSA-196849_R-HSA-196757_P34897	-7.96976	0.00500	0.04608
CID_2818	R-HSA-1430728_R-HSA-196854_R-HSA-196849_R-HSA-196757_P34896	-7.96851	0.00500	0.04608
CID_2818	R-HSA-1430728_R-HSA-196854_R-HSA-196849_R-HSA-196836_P78417	-6.37897	0.00500	0.04608
CID_2818	R-HSA-1430728_R-HSA-196854_R-HSA-196849_R-HSA-196836_Q9UHI7	-6.43886	0.00500	0.04608
CID_2818	R-HSA-1430728_R-HSA-71387_R-HSA-70326_R-HSA-70263_P11498	-6.16180	0.00500	0.04608
CID_2818	R-HSA-1430728_R-HSA-71387_R-HSA-70326_R-HSA-70263_P00558	-6.40550	0.00500	0.04608
CID_2818	R-HSA-1430728_R-HSA-1428517_R-HSA-163200_R-HSA-611105_R-HSA-6799198_P19404	-9.59097	0.00500	0.04608
CID_2818	R-HSA-1430728_R-HSA-1428517_R-HSA-163200_R-HSA-611105_R-HSA-6799198_Q16795	-9.59026	0.00500	0.04608
CID_2818	R-HSA-1430728_R-HSA-1428517_R-HSA-163200_R-HSA-611105_R-HSA-6799198_O95182	-9.59178	0.00500	0.04608
CID_2818	R-HSA-1430728_R-HSA-1428517_R-HSA-163200_R-HSA-611105_R-HSA-6799198_P56556	-9.59057	0.00500	0.04608
CID_2818	R-HSA-1430728_R-HSA-1428517_R-HSA-163200_R-HSA-611105_R-HSA-6799198_Q16718	-9.59075	0.00500	0.04608
CID_2818	R-HSA-1430728_R-HSA-1428517_R-HSA-163200_R-HSA-611105_R-HSA-6799198_O95167	-9.59057	0.00500	0.04608
CID_2818	R-HSA-1430728_R-HSA-1428517_R-HSA-163200_R-HSA-611105_R-HSA-6799198_O43678	-9.59033	0.00500	0.04608
CID_2818	R-HSA-1430728_R-HSA-1428517_R-HSA-163200_R-HSA-611105_R-HSA-6799198_O15239	-9.59089	0.00500	0.04608
CID_2818	R-HSA-1430728_R-HSA-1428517_R-HSA-163200_R-HSA-611105_R-HSA-6799198_O95299	-9.59052	0.00500	0.04608
CID_2818	R-HSA-1430728_R-HSA-1428517_R-HSA-163200_R-HSA-611105_R-HSA-6799198_O14561	-8.73928	0.00500	0.04608
CID_2818	R-HSA-1430728_R-HSA-1428517_R-HSA-163200_R-HSA-611105_R-HSA-6799198_O75438	-9.59142	0.00500	0.04608
CID_2818	R-HSA-1430728_R-HSA-1428517_R-HSA-163200_R-HSA-611105_R-HSA-6799198_O95178	-9.59122	0.00500	0.04608
CID_2818	R-HSA-1430728_R-HSA-1428517_R-HSA-163200_R-HSA-611105_R-HSA-6799198_O00217	-9.59068	0.00500	0.04608
CID_2818	R-HSA-1430728_R-HSA-1428517_R-HSA-163200_R-HSA-611105_R-HSA-6799198_O75380	-9.59121	0.00500	0.04608
CID_2818	R-HSA-1430728_R-HSA-1428517_R-HSA-163200_R-HSA-611105_R-HSA-6799198_O43920	-9.59093	0.00500	0.04608
CID_2818	R-HSA-1430728_R-HSA-1428517_R-HSA-163200_R-HSA-611105_R-HSA-6799198_O43181	-9.59028	0.00500	0.04608
CID_2818	R-HSA-1430728_R-HSA-1428517_R-HSA-163200_R-HSA-611105_R-HSA-6799198_P49821	-9.59029	0.00500	0.04608
CID_2818	R-HSA-1430728_R-HSA-1428517_R-HSA-163200_R-HSA-611105_R-HSA-6799198_O75489	-9.59076	0.00500	0.04608
CID_2818	R-HSA-1430728_R-HSA-1428517_R-HSA-163200_R-HSA-611105_R-HSA-6799198_O75306	-9.59153	0.00500	0.04608
CID_2818	R-HSA-1430728_R-HSA-1428517_R-HSA-163200_R-HSA-611105_R-HSA-6799198_P56181	-9.59022	0.00500	0.04608
CID_2818	R-HSA-1430728_R-HSA-1428517_R-HSA-163200_R-HSA-611105_R-HSA-6799198_P28331	-9.59041	0.00500	0.04608
CID_2818	R-HSA-1430728_R-HSA-1428517_R-HSA-163200_R-HSA-611105_R-HSA-6799198_O95298	-9.59070	0.00500	0.04608
CID_2818	R-HSA-1430728_R-HSA-1428517_R-HSA-163200_R-HSA-611105_R-HSA-6799198_O43677	-9.59055	0.00500	0.04608
CID_2818	R-HSA-1430728_R-HSA-1428517_R-HSA-163200_R-HSA-611105_R-HSA-6799198_O96000	-9.59067	0.00500	0.04608
CID_2818	R-HSA-1430728_R-HSA-1428517_R-HSA-163200_R-HSA-611105_R-HSA-6799198_Q9Y6M9	-9.59080	0.00500	0.04608
CID_2818	R-HSA-1430728_R-HSA-1428517_R-HSA-163200_R-HSA-611105_R-HSA-6799198_O95169	-9.59094	0.00500	0.04608
CID_2818	R-HSA-1430728_R-HSA-1428517_R-HSA-163200_R-HSA-611105_R-HSA-6799198_O95139	-9.59088	0.00500	0.04608
CID_2818	R-HSA-1430728_R-HSA-1428517_R-HSA-163200_R-HSA-611105_R-HSA-6799198_O43674	-9.59097	0.00500	0.04608
CID_2818	R-HSA-1430728_R-HSA-1428517_R-HSA-163200_R-HSA-611105_R-HSA-6799198_O95168	-9.59082	0.00500	0.04608
CID_2818	R-HSA-1430728_R-HSA-1428517_R-HSA-163200_R-HSA-611105_R-HSA-6799198_O43676	-9.59041	0.00500	0.04608
CID_2818	R-HSA-1430728_R-HSA-196854_R-HSA-196849_R-HSA-196807_R-HSA-197264_P40261	-7.81973	0.00500	0.04608
CID_2818	R-HSA-1430728_R-HSA-71387_R-HSA-70326_R-HSA-70171_R-HSA-9634600_P62714	-7.78301	0.00500	0.04608
CID_2818	R-HSA-1430728_R-HSA-71387_R-HSA-70326_R-HSA-70171_R-HSA-9634600_P67775	-8.09839	0.00500	0.04608
CID_28417	R-HSA-162582_R-HSA-372790_R-HSA-388396_R-HSA-418597_P05771	-5.47244	0.00000	0.00000
CID_28417	R-HSA-162582_R-HSA-372790_R-HSA-388396_R-HSA-418597_P17252	-5.98374	0.00000	0.00000
CID_28417	R-HSA-162582_R-HSA-372790_R-HSA-388396_R-HSA-416482_P35348	-5.89473	0.00000	0.00000
CID_28417	R-HSA-162582_R-HSA-9006925_R-HSA-1257604_R-HSA-199418_R-HSA-6811558_P03372	-8.63973	0.00000	0.00000
CID_28417	R-HSA-162582_R-HSA-9006925_R-HSA-1257604_R-HSA-199418_R-HSA-6811558_P51617	-10.43636	0.00000	0.00000
CID_28417	R-HSA-162582_R-HSA-9006925_R-HSA-1257604_R-HSA-199418_R-HSA-6811558_Q15303	-10.78637	0.00000	0.00000
CID_28417	R-HSA-162582_R-HSA-9006925_R-HSA-1257604_R-HSA-199418_R-HSA-6811558_P04626	-9.92971	0.00000	0.00000
CID_28417	R-HSA-162582_R-HSA-9006925_R-HSA-1257604_R-HSA-199418_R-HSA-6811558_Q8TBX8	-9.41134	0.00000	0.00000
CID_28417	R-HSA-162582_R-HSA-9006925_R-HSA-1257604_R-HSA-199418_R-HSA-6811558_P21860	-9.81199	0.00000	0.00000
CID_28417	R-HSA-162582_R-HSA-9006925_R-HSA-1257604_R-HSA-199418_R-HSA-6811558_Q9NWZ3	-10.44005	0.00000	0.00000
CID_28417	R-HSA-162582_R-HSA-9006925_R-HSA-1257604_R-HSA-199418_R-HSA-6811558_P06239	-9.15659	0.00000	0.00000
CID_28417	R-HSA-162582_R-HSA-9006925_R-HSA-1257604_R-HSA-199418_R-HSA-6811558_P10721	-9.16775	0.00000	0.00000
CID_28417	R-HSA-162582_R-HSA-9006925_R-HSA-1257604_R-HSA-199418_R-HSA-6811558_P09619	-9.15492	0.00000	0.00000
CID_28417	R-HSA-162582_R-HSA-9006925_R-HSA-1257604_R-HSA-6807070_R-HSA-8943724_O15379	-8.71920	0.00000	0.00000
CID_28417	R-HSA-162582_R-HSA-9006925_R-HSA-1257604_R-HSA-6807070_R-HSA-8948751_P49721	-10.38423	0.00000	0.00000
CID_28417	R-HSA-162582_R-HSA-9006925_R-HSA-1257604_R-HSA-6807070_R-HSA-8948751_P28062	-9.70409	0.00000	0.00000
CID_28417	R-HSA-162582_R-HSA-372790_R-HSA-500792_R-HSA-373080_R-HSA-420092_Q02643	-5.59953	0.00000	0.00000
CID_28417	R-HSA-162582_R-HSA-372790_R-HSA-500792_R-HSA-373076_R-HSA-375281_P30968	-5.42156	0.00000	0.00000
CID_28417	R-HSA-162582_R-HSA-372790_R-HSA-388396_R-HSA-397795_R-HSA-392451_O15530	-7.19674	0.00000	0.00000
CID_28417	R-HSA-162582_R-HSA-372790_R-HSA-500792_R-HSA-373076_R-HSA-375276_R-HSA-380108_P10145	-6.74928	0.00000	0.00000
CID_28417	R-HSA-162582_R-HSA-372790_R-HSA-500792_R-HSA-373076_R-HSA-375280_R-HSA-390666_P50406	-4.99998	0.00000	0.00000
CID_28417	R-HSA-162582_R-HSA-372790_R-HSA-500792_R-HSA-373076_R-HSA-375280_R-HSA-390666_P28566	-6.46590	0.00000	0.00000
CID_28417	R-HSA-162582_R-HSA-372790_R-HSA-500792_R-HSA-373076_R-HSA-391903_R-HSA-391908_P43088	-9.15107	0.00000	0.00000
CID_28417	R-HSA-162582_R-HSA-372790_R-HSA-500792_R-HSA-373076_R-HSA-391903_R-HSA-391908_P43116	-7.77564	0.00000	0.00000
CID_28417	R-HSA-162582_R-HSA-372790_R-HSA-388396_R-HSA-416476_R-HSA-881907_R-HSA-2179392_P17252	-9.53290	0.00000	0.00000
CID_28417	R-HSA-162582_R-HSA-372790_R-HSA-388396_R-HSA-418594_R-HSA-2187338_R-HSA-2187335_O75911	-11.13911	0.00000	0.00000
CID_28417	R-HSA-162582_R-HSA-372790_R-HSA-388396_R-HSA-418594_R-HSA-2187338_R-HSA-2187335_P12271	-11.11941	0.00000	0.00000
CID_28417	R-HSA-162582_R-HSA-372790_R-HSA-388396_R-HSA-418594_R-HSA-2187338_R-HSA-2187335_P10745	-11.11419	0.00000	0.00000
CID_28417	R-HSA-162582_R-HSA-372790_R-HSA-388396_R-HSA-418594_R-HSA-2187338_R-HSA-2453902_O95237	-10.09952	0.00000	0.00000
CID_28417	R-HSA-162582_R-HSA-372790_R-HSA-388396_R-HSA-418594_R-HSA-2187338_R-HSA-2453902_P12271	-10.35959	0.00000	0.00000
CID_28417	R-HSA-162582_R-HSA-372790_R-HSA-388396_R-HSA-418594_R-HSA-2187338_R-HSA-2453902_Q92781	-10.26256	0.00000	0.00000
CID_28417	R-HSA-162582_R-HSA-372790_R-HSA-388396_R-HSA-418594_R-HSA-2187338_R-HSA-2453902_P02753	-10.17096	0.00000	0.00000
CID_28417	R-HSA-162582_R-HSA-372790_R-HSA-388396_R-HSA-418594_R-HSA-2187338_R-HSA-2453902_P10745	-10.35438	0.00000	0.00000
CID_28417	R-HSA-162582_R-HSA-372790_R-HSA-388396_R-HSA-418594_R-HSA-2187338_R-HSA-2453902_P09455	-10.12795	0.00000	0.00000
CID_28417	R-HSA-162582_R-HSA-372790_R-HSA-388396_R-HSA-418594_R-HSA-2187338_R-HSA-975634_O95237	-10.22499	0.00000	0.00000
CID_28417	R-HSA-162582_R-HSA-372790_R-HSA-388396_R-HSA-418594_R-HSA-2187338_R-HSA-975634_P02753	-10.29644	0.00000	0.00000
CID_28417	R-HSA-162582_R-HSA-372790_R-HSA-388396_R-HSA-418594_R-HSA-2187338_R-HSA-975634_P50120	-10.72941	0.00000	0.00000
CID_28417	R-HSA-162582_R-HSA-372790_R-HSA-388396_R-HSA-418594_R-HSA-2187338_R-HSA-975634_P09455	-10.25343	0.00000	0.00000
CID_28417	R-HSA-162582_R-HSA-372790_R-HSA-388396_R-HSA-418594_R-HSA-111885_R-HSA-202040_P01189	-9.88723	0.00000	0.00000
CID_28417	R-HSA-162582_R-HSA-372790_R-HSA-388396_R-HSA-418594_R-HSA-2187338_R-HSA-2514856_R-HSA-2514859_P50579	-9.83443	0.00000	0.00000
CID_28417	R-HSA-162582_R-HSA-372790_R-HSA-388396_R-HSA-418594_R-HSA-2187338_R-HSA-2514856_R-HSA-2514859_P17252	-10.15091	0.00000	0.00000
CID_28417	R-HSA-162582_R-HSA-372790_R-HSA-388396_R-HSA-418594_R-HSA-2187338_R-HSA-2514856_R-HSA-2514859_P35913	-10.62413	0.00000	0.00000
CID_28417	R-HSA-162582_R-HSA-372790_R-HSA-388396_R-HSA-418594_R-HSA-2187338_R-HSA-2514856_R-HSA-2485179_P35913	-11.59313	0.00000	0.00000
CID_28417	R-HSA-162582_R-HSA-2586552_P40763	-5.49801	0.00500	0.04608
CID_28417	R-HSA-162582_R-HSA-9006931_R-HSA-5362517_R-HSA-5365859_P29762	-9.40849	0.00500	0.04608
CID_28417	R-HSA-162582_R-HSA-9006931_R-HSA-5362517_R-HSA-5365859_O75911	-10.08846	0.00500	0.04608
CID_28417	R-HSA-162582_R-HSA-9006931_R-HSA-5362517_R-HSA-5365859_O94788	-9.65311	0.00500	0.04608
CID_28417	R-HSA-162582_R-HSA-9006931_R-HSA-5362517_R-HSA-5365859_Q92781	-9.97173	0.00500	0.04608
CID_28417	R-HSA-74160_R-HSA-73857_R-HSA-212436_R-HSA-8878159_R-HSA-8951936_P56524	-8.21500	0.00500	0.04608
CID_2913	R-HSA-1430728_R-HSA-1483249_R-HSA-1855204_P0DP23	-3.02006	0.00000	0.00000
CID_2913	R-HSA-1430728_R-HSA-202131_R-HSA-203615_P0DP23	-2.45861	0.00000	0.00000
CID_2913	R-HSA-1430728_R-HSA-202131_R-HSA-203615_P29474	-2.62605	0.00000	0.00000
CID_2913	R-HSA-1430728_R-HSA-15869_R-HSA-499943_P04818	-3.12884	0.00000	0.00000
CID_2913	R-HSA-1430728_R-HSA-163685_R-HSA-163765_P30613	-2.01032	0.00000	0.00000
CID_2913	R-HSA-1430728_R-HSA-163685_R-HSA-163767_P62714	-3.11834	0.00000	0.00000
CID_2913	R-HSA-1430728_R-HSA-71291_R-HSA-389661_Q02218	-3.20369	0.00000	0.00000
CID_2913	R-HSA-1430728_R-HSA-71291_R-HSA-389661_O14561	-4.16136	0.00000	0.00000
CID_2913	R-HSA-1430728_R-HSA-71291_R-HSA-389661_P11177	-4.24129	0.00000	0.00000
CID_2913	R-HSA-1430728_R-HSA-71291_R-HSA-70895_P54687	-3.38829	0.00000	0.00000
CID_2913	R-HSA-1430728_R-HSA-71291_R-HSA-71288_P48066	-3.40799	0.00000	0.00000
CID_2913	R-HSA-1430728_R-HSA-71291_R-HSA-70921_P50135	-3.79322	0.00000	0.00000
CID_2913	R-HSA-1430728_R-HSA-71291_R-HSA-71064_Q02218	-3.16239	0.00000	0.00000
CID_2913	R-HSA-1430728_R-HSA-15869_R-HSA-8956319_R-HSA-73621_P19971	-4.23342	0.00000	0.00000
CID_2913	R-HSA-1430728_R-HSA-15869_R-HSA-8956319_R-HSA-73621_Q16831	-4.48965	0.00000	0.00000
CID_2913	R-HSA-1430728_R-HSA-15869_R-HSA-8956321_R-HSA-74217_P00813	-4.19441	0.00000	0.00000
CID_2913	R-HSA-1430728_R-HSA-15869_R-HSA-8956321_R-HSA-73614_P19971	-4.57076	0.00000	0.00000
CID_2913	R-HSA-1430728_R-HSA-15869_R-HSA-8956321_R-HSA-73614_Q16831	-4.82699	0.00000	0.00000
CID_2913	R-HSA-1430728_R-HSA-163685_R-HSA-422356_R-HSA-400042_Q01668	-1.31069	0.00000	0.00000
CID_2913	R-HSA-1430728_R-HSA-163685_R-HSA-422356_R-HSA-400042_Q13936	-1.45758	0.00000	0.00000
CID_2913	R-HSA-1430728_R-HSA-163685_R-HSA-422356_R-HSA-400042_Q9NY47	-1.22847	0.00000	0.00000
CID_2913	R-HSA-1430728_R-HSA-163685_R-HSA-422356_R-HSA-400042_Q08289	-1.75252	0.00000	0.00000
CID_2913	R-HSA-1430728_R-HSA-163685_R-HSA-422356_R-HSA-381676_Q9BQ31	-0.25922	0.00000	0.00000
CID_2913	R-HSA-1430728_R-HSA-71291_R-HSA-209776_R-HSA-209931_P17752	-3.96540	0.00000	0.00000
CID_2913	R-HSA-1430728_R-HSA-71291_R-HSA-2408522_R-HSA-2408557_P39023	-3.76376	0.00000	0.00000
CID_2913	R-HSA-1430728_R-HSA-71291_R-HSA-2408522_R-HSA-2408508_P50135	-5.09357	0.00000	0.00000
CID_2913	R-HSA-1430728_R-HSA-71291_R-HSA-2408522_R-HSA-2408508_P40261	-4.94822	0.00000	0.00000
CID_2913	R-HSA-1430728_R-HSA-71291_R-HSA-351202_R-HSA-350562_P20618	-3.62536	0.00000	0.00000
CID_2913	R-HSA-1430728_R-HSA-71291_R-HSA-351202_R-HSA-350562_P49721	-3.86922	0.00000	0.00000
CID_2913	R-HSA-1430728_R-HSA-71291_R-HSA-351202_R-HSA-350562_P28074	-3.59202	0.00000	0.00000
CID_2913	R-HSA-1430728_R-HSA-71291_R-HSA-351202_R-HSA-350562_P28062	-4.14666	0.00000	0.00000
CID_2913	R-HSA-1430728_R-HSA-71291_R-HSA-351202_R-HSA-350562_P25786	-4.10427	0.00000	0.00000
CID_2913	R-HSA-1430728_R-HSA-71291_R-HSA-351202_R-HSA-350562_Q99460	-4.06220	0.00000	0.00000
CID_2913	R-HSA-1430728_R-HSA-71291_R-HSA-351202_R-HSA-350562_Q13200	-4.13593	0.00000	0.00000
CID_2913	R-HSA-1430728_R-HSA-1428517_R-HSA-71406_R-HSA-71403_Q02218	-4.77209	0.00000	0.00000
CID_2913	R-HSA-1430728_R-HSA-196854_R-HSA-6806667_R-HSA-975634_O95237	-6.11448	0.00000	0.00000
CID_2913	R-HSA-1430728_R-HSA-196854_R-HSA-6806667_R-HSA-975634_P02753	-6.20794	0.00000	0.00000
CID_2913	R-HSA-1430728_R-HSA-196854_R-HSA-6806667_R-HSA-975634_P50120	-6.32057	0.00000	0.00000
CID_2913	R-HSA-1430728_R-HSA-196854_R-HSA-6806667_R-HSA-975634_P09455	-6.16655	0.00000	0.00000
CID_2913	R-HSA-1430728_R-HSA-196854_R-HSA-8978934_R-HSA-1474151_P0DP23	-4.34714	0.00000	0.00000
CID_2913	R-HSA-1430728_R-HSA-196854_R-HSA-8978934_R-HSA-1474151_P29474	-4.51458	0.00000	0.00000
CID_2913	R-HSA-1430728_R-HSA-196854_R-HSA-196849_R-HSA-196741_P33527	-6.28058	0.00000	0.00000
CID_2913	R-HSA-1430728_R-HSA-196854_R-HSA-196849_R-HSA-196741_Q9UBK8	-7.37691	0.00000	0.00000
CID_2913	R-HSA-1430728_R-HSA-196854_R-HSA-196849_R-HSA-196741_O60494	-7.26031	0.00000	0.00000
CID_2913	R-HSA-1430728_R-HSA-196854_R-HSA-196849_R-HSA-196780_P11498	-5.12366	0.00000	0.00000
CID_2913	R-HSA-1430728_R-HSA-196854_R-HSA-196849_R-HSA-196780_Q9Y289	-7.50750	0.00000	0.00000
CID_2913	R-HSA-1430728_R-HSA-196854_R-HSA-196849_R-HSA-196757_Q96NT5	-5.98533	0.00000	0.00000
CID_2913	R-HSA-1430728_R-HSA-196854_R-HSA-196849_R-HSA-196757_P41440	-6.06945	0.00000	0.00000
CID_2913	R-HSA-1430728_R-HSA-196854_R-HSA-196849_R-HSA-196757_P34897	-6.58340	0.00000	0.00000
CID_2913	R-HSA-1430728_R-HSA-196854_R-HSA-196849_R-HSA-196757_P34896	-6.58214	0.00000	0.00000
CID_2913	R-HSA-1430728_R-HSA-196854_R-HSA-196849_R-HSA-196836_P78417	-5.24786	0.00000	0.00000
CID_2913	R-HSA-1430728_R-HSA-196854_R-HSA-196849_R-HSA-196836_Q9UHI7	-5.05238	0.00000	0.00000
CID_2913	R-HSA-1430728_R-HSA-71387_R-HSA-8982491_R-HSA-70221_P0DP23	-3.12450	0.00000	0.00000
CID_2913	R-HSA-1430728_R-HSA-71387_R-HSA-8982491_R-HSA-70221_P06737	-5.92038	0.00000	0.00000
CID_2913	R-HSA-1430728_R-HSA-71387_R-HSA-70326_R-HSA-70263_P11498	-4.79897	0.00000	0.00000
CID_2913	R-HSA-1430728_R-HSA-71387_R-HSA-70326_R-HSA-70263_P00558	-5.04693	0.00000	0.00000
CID_2913	R-HSA-1430728_R-HSA-1428517_R-HSA-163200_R-HSA-611105_R-HSA-6799198_P19404	-7.83351	0.00000	0.00000
CID_2913	R-HSA-1430728_R-HSA-1428517_R-HSA-163200_R-HSA-611105_R-HSA-6799198_Q16795	-7.83280	0.00000	0.00000
CID_2913	R-HSA-1430728_R-HSA-1428517_R-HSA-163200_R-HSA-611105_R-HSA-6799198_P51970	-7.83423	0.00000	0.00000
CID_2913	R-HSA-1430728_R-HSA-1428517_R-HSA-163200_R-HSA-611105_R-HSA-6799198_O95182	-7.83432	0.00000	0.00000
CID_2913	R-HSA-1430728_R-HSA-1428517_R-HSA-163200_R-HSA-611105_R-HSA-6799198_P56556	-7.83311	0.00000	0.00000
CID_2913	R-HSA-1430728_R-HSA-1428517_R-HSA-163200_R-HSA-611105_R-HSA-6799198_Q16718	-7.83328	0.00000	0.00000
CID_2913	R-HSA-1430728_R-HSA-1428517_R-HSA-163200_R-HSA-611105_R-HSA-6799198_O95167	-7.83310	0.00000	0.00000
CID_2913	R-HSA-1430728_R-HSA-1428517_R-HSA-163200_R-HSA-611105_R-HSA-6799198_O15239	-7.83343	0.00000	0.00000
CID_2913	R-HSA-1430728_R-HSA-1428517_R-HSA-163200_R-HSA-611105_R-HSA-6799198_O95299	-7.83306	0.00000	0.00000
CID_2913	R-HSA-1430728_R-HSA-1428517_R-HSA-163200_R-HSA-611105_R-HSA-6799198_O75438	-7.83396	0.00000	0.00000
CID_2913	R-HSA-1430728_R-HSA-1428517_R-HSA-163200_R-HSA-611105_R-HSA-6799198_O95178	-7.83376	0.00000	0.00000
CID_2913	R-HSA-1430728_R-HSA-1428517_R-HSA-163200_R-HSA-611105_R-HSA-6799198_O00217	-7.83322	0.00000	0.00000
CID_2913	R-HSA-1430728_R-HSA-1428517_R-HSA-163200_R-HSA-611105_R-HSA-6799198_O75380	-7.83375	0.00000	0.00000
CID_2913	R-HSA-1430728_R-HSA-1428517_R-HSA-163200_R-HSA-611105_R-HSA-6799198_O43920	-7.83346	0.00000	0.00000
CID_2913	R-HSA-1430728_R-HSA-1428517_R-HSA-163200_R-HSA-611105_R-HSA-6799198_O43181	-7.83282	0.00000	0.00000
CID_2913	R-HSA-1430728_R-HSA-1428517_R-HSA-163200_R-HSA-611105_R-HSA-6799198_P49821	-7.83283	0.00000	0.00000
CID_2913	R-HSA-1430728_R-HSA-1428517_R-HSA-163200_R-HSA-611105_R-HSA-6799198_O75489	-7.83330	0.00000	0.00000
CID_2913	R-HSA-1430728_R-HSA-1428517_R-HSA-163200_R-HSA-611105_R-HSA-6799198_O75306	-7.83407	0.00000	0.00000
CID_2913	R-HSA-1430728_R-HSA-1428517_R-HSA-163200_R-HSA-611105_R-HSA-6799198_P56181	-7.83276	0.00000	0.00000
CID_2913	R-HSA-1430728_R-HSA-1428517_R-HSA-163200_R-HSA-611105_R-HSA-6799198_P28331	-7.83294	0.00000	0.00000
CID_2913	R-HSA-1430728_R-HSA-1428517_R-HSA-163200_R-HSA-611105_R-HSA-6799198_O43677	-7.83309	0.00000	0.00000
CID_2913	R-HSA-1430728_R-HSA-1428517_R-HSA-163200_R-HSA-611105_R-HSA-6799198_Q9Y6M9	-7.83334	0.00000	0.00000
CID_2913	R-HSA-1430728_R-HSA-1428517_R-HSA-163200_R-HSA-611105_R-HSA-6799198_O95169	-7.83348	0.00000	0.00000
CID_2913	R-HSA-1430728_R-HSA-1428517_R-HSA-163200_R-HSA-611105_R-HSA-6799198_P17568	-7.83335	0.00000	0.00000
CID_2913	R-HSA-1430728_R-HSA-1428517_R-HSA-163200_R-HSA-611105_R-HSA-6799198_O95139	-7.83341	0.00000	0.00000
CID_2913	R-HSA-1430728_R-HSA-1428517_R-HSA-163200_R-HSA-611105_R-HSA-6799198_O43674	-7.83351	0.00000	0.00000
CID_2913	R-HSA-1430728_R-HSA-1428517_R-HSA-163200_R-HSA-611105_R-HSA-6799198_O95168	-7.83336	0.00000	0.00000
CID_2913	R-HSA-1430728_R-HSA-1428517_R-HSA-163200_R-HSA-611105_R-HSA-6799198_O43676	-7.83295	0.00000	0.00000
CID_2913	R-HSA-1430728_R-HSA-1428517_R-HSA-71406_R-HSA-70268_R-HSA-204174_P19793	-6.10769	0.00000	0.00000
CID_2913	R-HSA-1430728_R-HSA-1428517_R-HSA-71406_R-HSA-70268_R-HSA-204174_P11177	-7.40330	0.00000	0.00000
CID_2913	R-HSA-1430728_R-HSA-196854_R-HSA-196849_R-HSA-196807_R-HSA-197264_P40261	-6.08650	0.00000	0.00000
CID_2913	R-HSA-1430728_R-HSA-196854_R-HSA-196849_R-HSA-196807_R-HSA-197264_Q16647	-6.26709	0.00000	0.00000
CID_2913	R-HSA-1430728_R-HSA-1475029_Q8N1Q1	-2.62766	0.00500	0.04608
CID_2913	R-HSA-1430728_R-HSA-163685_R-HSA-163767_P67775	-3.43555	0.00500	0.04608
CID_2913	R-HSA-1430728_R-HSA-1428517_R-HSA-163200_R-HSA-163210_P30049	-4.92628	0.00500	0.04608
CID_2913	R-HSA-1430728_R-HSA-196854_R-HSA-196849_R-HSA-196780_P05165	-10.83035	0.00500	0.04608
CID_2913	R-HSA-1430728_R-HSA-1428517_R-HSA-163200_R-HSA-611105_R-HSA-6799198_O43678	-7.83287	0.00500	0.04608
CID_2913	R-HSA-1430728_R-HSA-1428517_R-HSA-163200_R-HSA-611105_R-HSA-6799198_O14561	-6.98429	0.00500	0.04608
CID_2913	R-HSA-1430728_R-HSA-1428517_R-HSA-163200_R-HSA-611105_R-HSA-6799198_O95298	-7.83324	0.00500	0.04608
CID_2913	R-HSA-1430728_R-HSA-1428517_R-HSA-163200_R-HSA-611105_R-HSA-6799198_O96000	-7.83321	0.00500	0.04608
CID_2913	R-HSA-1430728_R-HSA-71387_R-HSA-70326_R-HSA-70171_R-HSA-9634600_P62714	-6.07785	0.00500	0.04608
CID_2913	R-HSA-1430728_R-HSA-71387_R-HSA-70326_R-HSA-70171_R-HSA-9634600_P67775	-6.39506	0.00500	0.04608
CID_3025	R-HSA-162582_R-HSA-2586552_P40763	-4.64397	0.00000	0.00000
CID_3025	R-HSA-162582_R-HSA-195721_R-HSA-3858494_R-HSA-4086398_P17252	-5.44223	0.00000	0.00000
CID_3025	R-HSA-162582_R-HSA-195721_R-HSA-3858494_R-HSA-4086398_P35913	-5.98389	0.00000	0.00000
CID_3025	R-HSA-162582_R-HSA-9006931_R-HSA-8939211_R-HSA-9018519_P03372	-6.76530	0.00000	0.00000
CID_3025	R-HSA-162582_R-HSA-9006931_R-HSA-8939211_R-HSA-9018519_Q15303	-7.00716	0.00000	0.00000
CID_3025	R-HSA-162582_R-HSA-372790_R-HSA-388396_R-HSA-418597_P05771	-4.40820	0.00000	0.00000
CID_3025	R-HSA-162582_R-HSA-372790_R-HSA-388396_R-HSA-418597_P17252	-4.32095	0.00000	0.00000
CID_3025	R-HSA-162582_R-HSA-372790_R-HSA-388396_R-HSA-416482_P35348	-4.69461	0.00000	0.00000
CID_3025	R-HSA-162582_R-HSA-9006925_R-HSA-1257604_R-HSA-199418_R-HSA-6811558_P03372	-7.41193	0.00000	0.00000
CID_3025	R-HSA-162582_R-HSA-9006925_R-HSA-1257604_R-HSA-199418_R-HSA-6811558_P51617	-7.74191	0.00000	0.00000
CID_3025	R-HSA-162582_R-HSA-9006925_R-HSA-1257604_R-HSA-199418_R-HSA-6811558_Q15303	-7.65380	0.00000	0.00000
CID_3025	R-HSA-162582_R-HSA-9006925_R-HSA-1257604_R-HSA-199418_R-HSA-6811558_P04626	-7.71749	0.00000	0.00000
CID_3025	R-HSA-162582_R-HSA-9006925_R-HSA-1257604_R-HSA-199418_R-HSA-6811558_P21860	-8.06793	0.00000	0.00000
CID_3025	R-HSA-162582_R-HSA-9006925_R-HSA-1257604_R-HSA-199418_R-HSA-6811558_Q9NWZ3	-8.16567	0.00000	0.00000
CID_3025	R-HSA-162582_R-HSA-9006925_R-HSA-1257604_R-HSA-199418_R-HSA-6811558_P67775	-8.09830	0.00000	0.00000
CID_3025	R-HSA-162582_R-HSA-372790_R-HSA-500792_R-HSA-373080_R-HSA-420092_Q02643	-3.97200	0.00000	0.00000
CID_3025	R-HSA-162582_R-HSA-372790_R-HSA-500792_R-HSA-373076_R-HSA-375281_P30968	-3.68195	0.00000	0.00000
CID_3025	R-HSA-162582_R-HSA-372790_R-HSA-388396_R-HSA-397795_R-HSA-392451_O15530	-5.75775	0.00000	0.00000
CID_3025	R-HSA-162582_R-HSA-372790_R-HSA-500792_R-HSA-373076_R-HSA-375276_R-HSA-380108_P10145	-4.84930	0.00000	0.00000
CID_3025	R-HSA-162582_R-HSA-372790_R-HSA-500792_R-HSA-373076_R-HSA-375280_R-HSA-390666_P50406	-3.09957	0.00000	0.00000
CID_3025	R-HSA-162582_R-HSA-372790_R-HSA-500792_R-HSA-373076_R-HSA-375280_R-HSA-390666_P28566	-4.56550	0.00000	0.00000
CID_3025	R-HSA-162582_R-HSA-372790_R-HSA-500792_R-HSA-373076_R-HSA-391903_R-HSA-391908_P43088	-7.25091	0.00000	0.00000
CID_3025	R-HSA-162582_R-HSA-372790_R-HSA-500792_R-HSA-373076_R-HSA-391903_R-HSA-391908_P43116	-5.87548	0.00000	0.00000
CID_3025	R-HSA-162582_R-HSA-372790_R-HSA-388396_R-HSA-416476_R-HSA-881907_R-HSA-2179392_P17252	-7.31113	0.00000	0.00000
CID_3025	R-HSA-162582_R-HSA-372790_R-HSA-388396_R-HSA-418594_R-HSA-111885_R-HSA-202040_P01189	-4.59965	0.00000	0.00000
CID_3025	R-HSA-162582_R-HSA-372790_R-HSA-388396_R-HSA-418594_R-HSA-111885_R-HSA-180024_P67775	-6.50648	0.00000	0.00000
CID_3025	R-HSA-162582_R-HSA-9006335_R-HSA-9027276_P07948	-7.49542	0.00500	0.04608
CID_3025	R-HSA-162582_R-HSA-9006335_R-HSA-9027277_P07948	-7.63337	0.00500	0.04608
CID_3025	R-HSA-162582_R-HSA-195721_R-HSA-3858494_R-HSA-4086398_P16499	-11.93967	0.00500	0.04608
CID_30323	R-HSA-162582_R-HSA-372790_R-HSA-388396_R-HSA-418597_P05771	-6.09744	0.00000	0.00000
CID_30323	R-HSA-162582_R-HSA-372790_R-HSA-388396_R-HSA-418597_P17252	-6.16696	0.00000	0.00000
CID_30323	R-HSA-162582_R-HSA-372790_R-HSA-388396_R-HSA-416482_P35348	-6.48098	0.00000	0.00000
CID_30323	R-HSA-162582_R-HSA-372790_R-HSA-500792_R-HSA-373080_R-HSA-420092_Q02643	-6.31517	0.00000	0.00000
CID_30323	R-HSA-162582_R-HSA-372790_R-HSA-500792_R-HSA-373076_R-HSA-375281_P30968	-6.02518	0.00000	0.00000
CID_30323	R-HSA-162582_R-HSA-372790_R-HSA-388396_R-HSA-397795_R-HSA-392451_O15530	-7.96108	0.00000	0.00000
CID_30323	R-HSA-162582_R-HSA-372790_R-HSA-500792_R-HSA-373076_R-HSA-375276_R-HSA-380108_P10145	-7.59468	0.00000	0.00000
CID_30323	R-HSA-162582_R-HSA-372790_R-HSA-500792_R-HSA-373076_R-HSA-375280_R-HSA-390666_P50406	-5.84514	0.00000	0.00000
CID_30323	R-HSA-162582_R-HSA-372790_R-HSA-500792_R-HSA-373076_R-HSA-375280_R-HSA-390666_P28566	-7.31107	0.00000	0.00000
CID_30323	R-HSA-162582_R-HSA-372790_R-HSA-500792_R-HSA-373076_R-HSA-391903_R-HSA-391908_P43088	-9.99664	0.00000	0.00000
CID_30323	R-HSA-162582_R-HSA-372790_R-HSA-500792_R-HSA-373076_R-HSA-391903_R-HSA-391908_P43116	-8.62122	0.00000	0.00000
CID_30323	R-HSA-162582_R-HSA-372790_R-HSA-388396_R-HSA-416476_R-HSA-881907_R-HSA-2179392_P17252	-9.97561	0.00000	0.00000
CID_30323	R-HSA-162582_R-HSA-372790_R-HSA-388396_R-HSA-418594_R-HSA-2187338_R-HSA-2187335_O75911	-12.53716	0.00000	0.00000
CID_30323	R-HSA-162582_R-HSA-372790_R-HSA-388396_R-HSA-418594_R-HSA-2187338_R-HSA-2187335_P12271	-11.96505	0.00000	0.00000
CID_30323	R-HSA-162582_R-HSA-372790_R-HSA-388396_R-HSA-418594_R-HSA-2187338_R-HSA-2187335_P10745	-11.95984	0.00000	0.00000
CID_30323	R-HSA-162582_R-HSA-372790_R-HSA-388396_R-HSA-418594_R-HSA-2187338_R-HSA-2453902_O95237	-10.93944	0.00000	0.00000
CID_30323	R-HSA-162582_R-HSA-372790_R-HSA-388396_R-HSA-418594_R-HSA-2187338_R-HSA-2453902_P12271	-11.20523	0.00000	0.00000
CID_30323	R-HSA-162582_R-HSA-372790_R-HSA-388396_R-HSA-418594_R-HSA-2187338_R-HSA-2453902_Q92781	-11.46420	0.00000	0.00000
CID_30323	R-HSA-162582_R-HSA-372790_R-HSA-388396_R-HSA-418594_R-HSA-2187338_R-HSA-2453902_P02753	-11.01116	0.00000	0.00000
CID_30323	R-HSA-162582_R-HSA-372790_R-HSA-388396_R-HSA-418594_R-HSA-2187338_R-HSA-2453902_P10745	-11.20002	0.00000	0.00000
CID_30323	R-HSA-162582_R-HSA-372790_R-HSA-388396_R-HSA-418594_R-HSA-2187338_R-HSA-2453902_P09455	-10.96817	0.00000	0.00000
CID_30323	R-HSA-162582_R-HSA-372790_R-HSA-388396_R-HSA-418594_R-HSA-2187338_R-HSA-975634_O95237	-11.05446	0.00000	0.00000
CID_30323	R-HSA-162582_R-HSA-372790_R-HSA-388396_R-HSA-418594_R-HSA-2187338_R-HSA-975634_P02753	-11.12618	0.00000	0.00000
CID_30323	R-HSA-162582_R-HSA-372790_R-HSA-388396_R-HSA-418594_R-HSA-2187338_R-HSA-975634_P50120	-11.55332	0.00000	0.00000
CID_30323	R-HSA-162582_R-HSA-372790_R-HSA-388396_R-HSA-418594_R-HSA-2187338_R-HSA-975634_P09455	-11.08319	0.00000	0.00000
CID_30323	R-HSA-162582_R-HSA-372790_R-HSA-388396_R-HSA-418594_R-HSA-111885_R-HSA-202040_P01189	-10.73286	0.00000	0.00000
CID_30323	R-HSA-162582_R-HSA-372790_R-HSA-388396_R-HSA-418594_R-HSA-2187338_R-HSA-2514856_R-HSA-2514859_P50579	-10.80976	0.00000	0.00000
CID_30323	R-HSA-162582_R-HSA-372790_R-HSA-388396_R-HSA-418594_R-HSA-2187338_R-HSA-2514856_R-HSA-2514859_P17252	-10.72321	0.00000	0.00000
CID_30323	R-HSA-162582_R-HSA-372790_R-HSA-388396_R-HSA-418594_R-HSA-2187338_R-HSA-2514856_R-HSA-2514859_P35913	-11.59946	0.00000	0.00000
CID_30323	R-HSA-162582_R-HSA-372790_R-HSA-388396_R-HSA-418594_R-HSA-2187338_R-HSA-2514856_R-HSA-2485179_P35913	-12.56847	0.00000	0.00000
CID_30323	R-HSA-162582_R-HSA-2586552_P40763	-5.82529	0.00500	0.04608
CID_3033825	R-HSA-162582_R-HSA-372790_R-HSA-388396_R-HSA-418597_P05771	-7.96362	0.00000	0.00000
CID_3033825	R-HSA-162582_R-HSA-372790_R-HSA-388396_R-HSA-416476_R-HSA-881907_R-HSA-2179392_P17252	-12.58826	0.00000	0.00000
CID_3033825	R-HSA-162582_R-HSA-372790_R-HSA-388396_R-HSA-418594_R-HSA-2187338_R-HSA-2187335_P12271	-14.57770	0.00000	0.00000
CID_3033825	R-HSA-162582_R-HSA-372790_R-HSA-388396_R-HSA-418594_R-HSA-2187338_R-HSA-2187335_P10745	-14.57249	0.00000	0.00000
CID_3033825	R-HSA-162582_R-HSA-372790_R-HSA-388396_R-HSA-418594_R-HSA-2187338_R-HSA-2453902_O95237	-13.54238	0.00000	0.00000
CID_3033825	R-HSA-162582_R-HSA-372790_R-HSA-388396_R-HSA-418594_R-HSA-2187338_R-HSA-2453902_P12271	-13.81788	0.00000	0.00000
CID_3033825	R-HSA-162582_R-HSA-372790_R-HSA-388396_R-HSA-418594_R-HSA-2187338_R-HSA-2453902_P10745	-13.81267	0.00000	0.00000
CID_3033825	R-HSA-162582_R-HSA-372790_R-HSA-388396_R-HSA-418594_R-HSA-2187338_R-HSA-975634_O95237	-13.63989	0.00000	0.00000
CID_3033825	R-HSA-162582_R-HSA-372790_R-HSA-388396_R-HSA-418597_P17252	-8.03314	0.00500	0.04608
CID_3033825	R-HSA-162582_R-HSA-372790_R-HSA-500792_R-HSA-373076_R-HSA-375281_P30968	-8.26460	0.00500	0.04608
CID_3033825	R-HSA-162582_R-HSA-372790_R-HSA-388396_R-HSA-397795_R-HSA-392451_O15530	-10.20049	0.00500	0.04608
CID_3033825	R-HSA-162582_R-HSA-372790_R-HSA-500792_R-HSA-373076_R-HSA-375276_R-HSA-380108_P10145	-10.20733	0.00500	0.04608
CID_3033825	R-HSA-162582_R-HSA-372790_R-HSA-500792_R-HSA-373076_R-HSA-375280_R-HSA-390666_P50406	-8.45779	0.00500	0.04608
CID_3033825	R-HSA-162582_R-HSA-372790_R-HSA-500792_R-HSA-373076_R-HSA-391903_R-HSA-391908_P43088	-12.60929	0.00500	0.04608
CID_3033825	R-HSA-162582_R-HSA-372790_R-HSA-500792_R-HSA-373076_R-HSA-391903_R-HSA-391908_P43116	-11.23387	0.00500	0.04608
CID_3033825	R-HSA-162582_R-HSA-372790_R-HSA-388396_R-HSA-418594_R-HSA-2187338_R-HSA-2187335_O75911	-15.14981	0.00500	0.04608
CID_3033825	R-HSA-162582_R-HSA-372790_R-HSA-388396_R-HSA-418594_R-HSA-2187338_R-HSA-2453902_P02753	-13.61457	0.00500	0.04608
CID_3033825	R-HSA-162582_R-HSA-372790_R-HSA-388396_R-HSA-418594_R-HSA-2187338_R-HSA-2453902_P09455	-13.57161	0.00500	0.04608
CID_3033825	R-HSA-162582_R-HSA-372790_R-HSA-388396_R-HSA-418594_R-HSA-2187338_R-HSA-975634_P02753	-13.71208	0.00500	0.04608
CID_3033825	R-HSA-162582_R-HSA-372790_R-HSA-388396_R-HSA-418594_R-HSA-2187338_R-HSA-975634_P50120	-14.12966	0.00500	0.04608
CID_3033825	R-HSA-162582_R-HSA-372790_R-HSA-388396_R-HSA-418594_R-HSA-2187338_R-HSA-975634_P09455	-13.66912	0.00500	0.04608
CID_3033825	R-HSA-162582_R-HSA-372790_R-HSA-388396_R-HSA-418594_R-HSA-111885_R-HSA-202040_P01189	-13.34551	0.00500	0.04608
CID_3033825	R-HSA-162582_R-HSA-372790_R-HSA-388396_R-HSA-418594_R-HSA-2187338_R-HSA-2514856_R-HSA-2514859_P50579	-13.79565	0.00500	0.04608
CID_3033825	R-HSA-162582_R-HSA-372790_R-HSA-388396_R-HSA-418594_R-HSA-2187338_R-HSA-2514856_R-HSA-2514859_P17252	-13.70909	0.00500	0.04608
CID_3033825	R-HSA-162582_R-HSA-372790_R-HSA-388396_R-HSA-418594_R-HSA-2187338_R-HSA-2514856_R-HSA-2514859_P35913	-14.58535	0.00500	0.04608
CID_3033825	R-HSA-162582_R-HSA-372790_R-HSA-388396_R-HSA-418594_R-HSA-2187338_R-HSA-2514856_R-HSA-2485179_P35913	-15.55435	0.00500	0.04608
CID_3036780	R-HSA-1430728_R-HSA-1483249_R-HSA-1855204_P0DP23	-3.16454	0.00000	0.00000
CID_3036780	R-HSA-1430728_R-HSA-202131_R-HSA-203615_P0DP23	-2.60514	0.00000	0.00000
CID_3036780	R-HSA-1430728_R-HSA-202131_R-HSA-203615_P29474	-2.77474	0.00000	0.00000
CID_3036780	R-HSA-1430728_R-HSA-15869_R-HSA-499943_P04818	-3.27394	0.00000	0.00000
CID_3036780	R-HSA-1430728_R-HSA-163685_R-HSA-163765_P30613	-2.15786	0.00000	0.00000
CID_3036780	R-HSA-1430728_R-HSA-163685_R-HSA-163767_P62714	-3.26293	0.00000	0.00000
CID_3036780	R-HSA-1430728_R-HSA-71291_R-HSA-389661_Q02218	-3.34851	0.00000	0.00000
CID_3036780	R-HSA-1430728_R-HSA-71291_R-HSA-389661_O14561	-4.30640	0.00000	0.00000
CID_3036780	R-HSA-1430728_R-HSA-71291_R-HSA-389661_P11177	-4.38630	0.00000	0.00000
CID_3036780	R-HSA-1430728_R-HSA-71291_R-HSA-70895_P54687	-3.53338	0.00000	0.00000
CID_3036780	R-HSA-1430728_R-HSA-71291_R-HSA-71288_P48066	-3.55320	0.00000	0.00000
CID_3036780	R-HSA-1430728_R-HSA-71291_R-HSA-70921_P50135	-3.93825	0.00000	0.00000
CID_3036780	R-HSA-1430728_R-HSA-71291_R-HSA-71064_Q02218	-3.30724	0.00000	0.00000
CID_3036780	R-HSA-1430728_R-HSA-15869_R-HSA-8956319_R-HSA-73621_P19971	-4.42293	0.00000	0.00000
CID_3036780	R-HSA-1430728_R-HSA-15869_R-HSA-8956319_R-HSA-73621_Q16831	-4.67915	0.00000	0.00000
CID_3036780	R-HSA-1430728_R-HSA-15869_R-HSA-8956321_R-HSA-74217_P00813	-4.38446	0.00000	0.00000
CID_3036780	R-HSA-1430728_R-HSA-15869_R-HSA-8956321_R-HSA-73614_P19971	-4.76063	0.00000	0.00000
CID_3036780	R-HSA-1430728_R-HSA-15869_R-HSA-8956321_R-HSA-73614_Q16831	-5.01686	0.00000	0.00000
CID_3036780	R-HSA-1430728_R-HSA-163685_R-HSA-422356_R-HSA-400042_Q01668	-1.50452	0.00000	0.00000
CID_3036780	R-HSA-1430728_R-HSA-163685_R-HSA-422356_R-HSA-400042_Q13936	-1.65141	0.00000	0.00000
CID_3036780	R-HSA-1430728_R-HSA-163685_R-HSA-422356_R-HSA-400042_Q9NY47	-1.42229	0.00000	0.00000
CID_3036780	R-HSA-1430728_R-HSA-163685_R-HSA-422356_R-HSA-400042_Q08289	-1.94635	0.00000	0.00000
CID_3036780	R-HSA-1430728_R-HSA-163685_R-HSA-422356_R-HSA-381676_Q9BQ31	-0.45297	0.00000	0.00000
CID_3036780	R-HSA-1430728_R-HSA-71291_R-HSA-209776_R-HSA-209931_P17752	-4.15546	0.00000	0.00000
CID_3036780	R-HSA-1430728_R-HSA-71291_R-HSA-2408522_R-HSA-2408557_P39023	-3.95350	0.00000	0.00000
CID_3036780	R-HSA-1430728_R-HSA-71291_R-HSA-2408522_R-HSA-2408508_P50135	-5.28333	0.00000	0.00000
CID_3036780	R-HSA-1430728_R-HSA-71291_R-HSA-2408522_R-HSA-2408508_P40261	-5.13782	0.00000	0.00000
CID_3036780	R-HSA-1430728_R-HSA-71291_R-HSA-351202_R-HSA-350562_P20618	-3.81569	0.00000	0.00000
CID_3036780	R-HSA-1430728_R-HSA-71291_R-HSA-351202_R-HSA-350562_P49721	-4.05947	0.00000	0.00000
CID_3036780	R-HSA-1430728_R-HSA-71291_R-HSA-351202_R-HSA-350562_P28074	-3.78236	0.00000	0.00000
CID_3036780	R-HSA-1430728_R-HSA-71291_R-HSA-351202_R-HSA-350562_P28062	-4.33671	0.00000	0.00000
CID_3036780	R-HSA-1430728_R-HSA-71291_R-HSA-351202_R-HSA-350562_P25786	-4.29463	0.00000	0.00000
CID_3036780	R-HSA-1430728_R-HSA-71291_R-HSA-351202_R-HSA-350562_Q99460	-4.25256	0.00000	0.00000
CID_3036780	R-HSA-1430728_R-HSA-71291_R-HSA-351202_R-HSA-350562_Q13200	-4.32629	0.00000	0.00000
CID_3036780	R-HSA-1430728_R-HSA-1428517_R-HSA-71406_R-HSA-71403_Q02218	-4.96078	0.00000	0.00000
CID_3036780	R-HSA-1430728_R-HSA-196854_R-HSA-6806667_R-HSA-975634_O95237	-6.30072	0.00000	0.00000
CID_3036780	R-HSA-1430728_R-HSA-196854_R-HSA-6806667_R-HSA-975634_P02753	-6.39414	0.00000	0.00000
CID_3036780	R-HSA-1430728_R-HSA-196854_R-HSA-6806667_R-HSA-975634_P50120	-6.50722	0.00000	0.00000
CID_3036780	R-HSA-1430728_R-HSA-196854_R-HSA-6806667_R-HSA-975634_P09455	-6.35275	0.00000	0.00000
CID_3036780	R-HSA-1430728_R-HSA-196854_R-HSA-8978934_R-HSA-1474151_P0DP23	-4.53522	0.00000	0.00000
CID_3036780	R-HSA-1430728_R-HSA-196854_R-HSA-8978934_R-HSA-1474151_P29474	-4.70482	0.00000	0.00000
CID_3036780	R-HSA-1430728_R-HSA-196854_R-HSA-196849_R-HSA-196741_P33527	-6.46762	0.00000	0.00000
CID_3036780	R-HSA-1430728_R-HSA-196854_R-HSA-196849_R-HSA-196741_O60494	-7.44912	0.00000	0.00000
CID_3036780	R-HSA-1430728_R-HSA-196854_R-HSA-196849_R-HSA-196780_P11498	-5.31213	0.00000	0.00000
CID_3036780	R-HSA-1430728_R-HSA-196854_R-HSA-196849_R-HSA-196780_Q9Y289	-7.69631	0.00000	0.00000
CID_3036780	R-HSA-1430728_R-HSA-196854_R-HSA-196849_R-HSA-196757_Q96NT5	-6.17414	0.00000	0.00000
CID_3036780	R-HSA-1430728_R-HSA-196854_R-HSA-196849_R-HSA-196757_P41440	-6.25825	0.00000	0.00000
CID_3036780	R-HSA-1430728_R-HSA-196854_R-HSA-196849_R-HSA-196757_P34897	-6.77220	0.00000	0.00000
CID_3036780	R-HSA-1430728_R-HSA-196854_R-HSA-196849_R-HSA-196757_P34896	-6.77095	0.00000	0.00000
CID_3036780	R-HSA-1430728_R-HSA-196854_R-HSA-196849_R-HSA-196836_P78417	-5.53868	0.00000	0.00000
CID_3036780	R-HSA-1430728_R-HSA-196854_R-HSA-196849_R-HSA-196836_Q9UHI7	-5.24119	0.00000	0.00000
CID_3036780	R-HSA-1430728_R-HSA-71387_R-HSA-8982491_R-HSA-70221_P0DP23	-3.31221	0.00000	0.00000
CID_3036780	R-HSA-1430728_R-HSA-71387_R-HSA-8982491_R-HSA-70221_P06737	-6.10887	0.00000	0.00000
CID_3036780	R-HSA-1430728_R-HSA-71387_R-HSA-70326_R-HSA-70263_P11498	-4.98609	0.00000	0.00000
CID_3036780	R-HSA-1430728_R-HSA-71387_R-HSA-70326_R-HSA-70263_P00558	-5.23375	0.00000	0.00000
CID_3036780	R-HSA-1430728_R-HSA-1428517_R-HSA-163200_R-HSA-611105_R-HSA-6799198_P19404	-8.06874	0.00000	0.00000
CID_3036780	R-HSA-1430728_R-HSA-1428517_R-HSA-163200_R-HSA-611105_R-HSA-6799198_Q16795	-8.06804	0.00000	0.00000
CID_3036780	R-HSA-1430728_R-HSA-1428517_R-HSA-163200_R-HSA-611105_R-HSA-6799198_P51970	-8.06947	0.00000	0.00000
CID_3036780	R-HSA-1430728_R-HSA-1428517_R-HSA-163200_R-HSA-611105_R-HSA-6799198_O95182	-8.06956	0.00000	0.00000
CID_3036780	R-HSA-1430728_R-HSA-1428517_R-HSA-163200_R-HSA-611105_R-HSA-6799198_P56556	-8.06835	0.00000	0.00000
CID_3036780	R-HSA-1430728_R-HSA-1428517_R-HSA-163200_R-HSA-611105_R-HSA-6799198_Q16718	-8.06852	0.00000	0.00000
CID_3036780	R-HSA-1430728_R-HSA-1428517_R-HSA-163200_R-HSA-611105_R-HSA-6799198_O95167	-8.06834	0.00000	0.00000
CID_3036780	R-HSA-1430728_R-HSA-1428517_R-HSA-163200_R-HSA-611105_R-HSA-6799198_O95299	-8.06830	0.00000	0.00000
CID_3036780	R-HSA-1430728_R-HSA-1428517_R-HSA-163200_R-HSA-611105_R-HSA-6799198_O75438	-8.06920	0.00000	0.00000
CID_3036780	R-HSA-1430728_R-HSA-1428517_R-HSA-163200_R-HSA-611105_R-HSA-6799198_O95178	-8.06899	0.00000	0.00000
CID_3036780	R-HSA-1430728_R-HSA-1428517_R-HSA-163200_R-HSA-611105_R-HSA-6799198_O00217	-8.06845	0.00000	0.00000
CID_3036780	R-HSA-1430728_R-HSA-1428517_R-HSA-163200_R-HSA-611105_R-HSA-6799198_O75380	-8.06899	0.00000	0.00000
CID_3036780	R-HSA-1430728_R-HSA-1428517_R-HSA-163200_R-HSA-611105_R-HSA-6799198_O43920	-8.06870	0.00000	0.00000
CID_3036780	R-HSA-1430728_R-HSA-1428517_R-HSA-163200_R-HSA-611105_R-HSA-6799198_O75489	-8.06854	0.00000	0.00000
CID_3036780	R-HSA-1430728_R-HSA-1428517_R-HSA-163200_R-HSA-611105_R-HSA-6799198_O75306	-8.06930	0.00000	0.00000
CID_3036780	R-HSA-1430728_R-HSA-1428517_R-HSA-163200_R-HSA-611105_R-HSA-6799198_P56181	-8.06799	0.00000	0.00000
CID_3036780	R-HSA-1430728_R-HSA-1428517_R-HSA-163200_R-HSA-611105_R-HSA-6799198_P28331	-8.06818	0.00000	0.00000
CID_3036780	R-HSA-1430728_R-HSA-1428517_R-HSA-163200_R-HSA-611105_R-HSA-6799198_O43677	-8.06833	0.00000	0.00000
CID_3036780	R-HSA-1430728_R-HSA-1428517_R-HSA-163200_R-HSA-611105_R-HSA-6799198_Q9Y6M9	-8.06858	0.00000	0.00000
CID_3036780	R-HSA-1430728_R-HSA-1428517_R-HSA-163200_R-HSA-611105_R-HSA-6799198_O95169	-8.06872	0.00000	0.00000
CID_3036780	R-HSA-1430728_R-HSA-1428517_R-HSA-163200_R-HSA-611105_R-HSA-6799198_P17568	-8.06859	0.00000	0.00000
CID_3036780	R-HSA-1430728_R-HSA-1428517_R-HSA-163200_R-HSA-611105_R-HSA-6799198_O95139	-8.06865	0.00000	0.00000
CID_3036780	R-HSA-1430728_R-HSA-1428517_R-HSA-163200_R-HSA-611105_R-HSA-6799198_O43674	-8.06875	0.00000	0.00000
CID_3036780	R-HSA-1430728_R-HSA-1428517_R-HSA-163200_R-HSA-611105_R-HSA-6799198_O95168	-8.06860	0.00000	0.00000
CID_3036780	R-HSA-1430728_R-HSA-1428517_R-HSA-71406_R-HSA-70268_R-HSA-204174_P19793	-6.34545	0.00000	0.00000
CID_3036780	R-HSA-1430728_R-HSA-1428517_R-HSA-71406_R-HSA-70268_R-HSA-204174_P11177	-7.63686	0.00000	0.00000
CID_3036780	R-HSA-1430728_R-HSA-196854_R-HSA-196849_R-HSA-196807_R-HSA-197264_P40261	-6.31993	0.00000	0.00000
CID_3036780	R-HSA-1430728_R-HSA-196854_R-HSA-196849_R-HSA-196807_R-HSA-197264_Q16647	-6.50044	0.00000	0.00000
CID_3036780	R-HSA-1430728_R-HSA-1475029_Q8N1Q1	-2.72265	0.00500	0.04608
CID_3036780	R-HSA-1430728_R-HSA-163685_R-HSA-163767_P67775	-3.57980	0.00500	0.04608
CID_3036780	R-HSA-1430728_R-HSA-1428517_R-HSA-163200_R-HSA-163210_P30049	-5.11629	0.00500	0.04608
CID_3036780	R-HSA-1430728_R-HSA-196854_R-HSA-196849_R-HSA-196780_P05165	-11.01916	0.00500	0.04608
CID_3036780	R-HSA-1430728_R-HSA-1428517_R-HSA-163200_R-HSA-611105_R-HSA-6799198_O43678	-8.06811	0.00500	0.04608
CID_3036780	R-HSA-1430728_R-HSA-1428517_R-HSA-163200_R-HSA-611105_R-HSA-6799198_O15239	-8.06866	0.00500	0.04608
CID_3036780	R-HSA-1430728_R-HSA-1428517_R-HSA-163200_R-HSA-611105_R-HSA-6799198_O14561	-7.21933	0.00500	0.04608
CID_3036780	R-HSA-1430728_R-HSA-1428517_R-HSA-163200_R-HSA-611105_R-HSA-6799198_O43181	-8.06806	0.00500	0.04608
CID_3036780	R-HSA-1430728_R-HSA-1428517_R-HSA-163200_R-HSA-611105_R-HSA-6799198_P49821	-8.06806	0.00500	0.04608
CID_3036780	R-HSA-1430728_R-HSA-1428517_R-HSA-163200_R-HSA-611105_R-HSA-6799198_O95298	-8.06848	0.00500	0.04608
CID_3036780	R-HSA-1430728_R-HSA-1428517_R-HSA-163200_R-HSA-611105_R-HSA-6799198_O96000	-8.06845	0.00500	0.04608
CID_3036780	R-HSA-1430728_R-HSA-1428517_R-HSA-163200_R-HSA-611105_R-HSA-6799198_O43676	-8.06819	0.00500	0.04608
CID_3036780	R-HSA-1430728_R-HSA-71387_R-HSA-70326_R-HSA-70171_R-HSA-9634600_P62714	-6.30923	0.00500	0.04608
CID_3036780	R-HSA-1430728_R-HSA-71387_R-HSA-70326_R-HSA-70171_R-HSA-9634600_P67775	-6.62610	0.00500	0.04608
CID_3042	R-HSA-162582_R-HSA-2586552_P40763	-3.59948	0.00000	0.00000
CID_3042	R-HSA-162582_R-HSA-165159_R-HSA-380972_Q13131	-7.20588	0.00000	0.00000
CID_3042	R-HSA-162582_R-HSA-9006335_R-HSA-9027276_P07948	-5.98966	0.00000	0.00000
CID_3042	R-HSA-162582_R-HSA-9006335_R-HSA-9027277_P07948	-6.12364	0.00000	0.00000
CID_3042	R-HSA-162582_R-HSA-5358351_R-HSA-5632684_R-HSA-5635838_Q99835	-7.05684	0.00000	0.00000
CID_3042	R-HSA-162582_R-HSA-9006931_R-HSA-8939211_R-HSA-9018519_P03372	-5.11877	0.00000	0.00000
CID_3042	R-HSA-162582_R-HSA-9006931_R-HSA-8939211_R-HSA-9018519_Q15303	-5.37333	0.00000	0.00000
CID_3042	R-HSA-162582_R-HSA-9006931_R-HSA-8939211_R-HSA-9018519_P10415	-6.06191	0.00000	0.00000
CID_3042	R-HSA-162582_R-HSA-372790_R-HSA-388396_R-HSA-418597_P05771	-2.53652	0.00000	0.00000
CID_3042	R-HSA-162582_R-HSA-372790_R-HSA-388396_R-HSA-418597_P17252	-2.60832	0.00000	0.00000
CID_3042	R-HSA-162582_R-HSA-372790_R-HSA-388396_R-HSA-416482_P35348	-0.60277	0.00000	0.00000
CID_3042	R-HSA-74160_R-HSA-73857_R-HSA-212436_R-HSA-8878159_R-HSA-8951936_P56524	-4.40030	0.00000	0.00000
CID_3042	R-HSA-162582_R-HSA-372790_R-HSA-500792_R-HSA-373080_R-HSA-420092_Q02643	-1.47656	0.00000	0.00000
CID_3042	R-HSA-162582_R-HSA-372790_R-HSA-388396_R-HSA-397795_R-HSA-392451_O15530	-3.55289	0.00000	0.00000
CID_3042	R-HSA-74160_R-HSA-73857_R-HSA-212436_R-HSA-8878166_R-HSA-8941326_R-HSA-8941284_P56524	-6.48066	0.00000	0.00000
CID_3042	R-HSA-162582_R-HSA-372790_R-HSA-388396_R-HSA-416476_R-HSA-881907_R-HSA-2179392_P17252	-4.72034	0.00000	0.00000
CID_3042	R-HSA-162582_R-HSA-372790_R-HSA-388396_R-HSA-418594_R-HSA-2187338_R-HSA-2187335_O75911	-7.27283	0.00000	0.00000
CID_3042	R-HSA-162582_R-HSA-372790_R-HSA-388396_R-HSA-418594_R-HSA-2187338_R-HSA-2187335_P12271	-6.70373	0.00000	0.00000
CID_3042	R-HSA-162582_R-HSA-372790_R-HSA-388396_R-HSA-418594_R-HSA-2187338_R-HSA-2187335_P10745	-6.69852	0.00000	0.00000
CID_3042	R-HSA-162582_R-HSA-372790_R-HSA-388396_R-HSA-418594_R-HSA-2187338_R-HSA-2453902_O95237	-5.69628	0.00000	0.00000
CID_3042	R-HSA-162582_R-HSA-372790_R-HSA-388396_R-HSA-418594_R-HSA-2187338_R-HSA-2453902_P12271	-5.94318	0.00000	0.00000
CID_3042	R-HSA-162582_R-HSA-372790_R-HSA-388396_R-HSA-418594_R-HSA-2187338_R-HSA-2453902_Q92781	-6.20024	0.00000	0.00000
CID_3042	R-HSA-162582_R-HSA-372790_R-HSA-388396_R-HSA-418594_R-HSA-2187338_R-HSA-2453902_P02753	-5.76696	0.00000	0.00000
CID_3042	R-HSA-162582_R-HSA-372790_R-HSA-388396_R-HSA-418594_R-HSA-2187338_R-HSA-2453902_P10745	-5.93798	0.00000	0.00000
CID_3042	R-HSA-162582_R-HSA-372790_R-HSA-388396_R-HSA-418594_R-HSA-2187338_R-HSA-2453902_P09455	-5.72407	0.00000	0.00000
CID_3042	R-HSA-162582_R-HSA-372790_R-HSA-388396_R-HSA-418594_R-HSA-2187338_R-HSA-975634_O95237	-5.84662	0.00000	0.00000
CID_3042	R-HSA-162582_R-HSA-372790_R-HSA-388396_R-HSA-418594_R-HSA-2187338_R-HSA-975634_P02753	-5.91731	0.00000	0.00000
CID_3042	R-HSA-162582_R-HSA-372790_R-HSA-388396_R-HSA-418594_R-HSA-2187338_R-HSA-975634_P50120	-6.36435	0.00000	0.00000
CID_3042	R-HSA-162582_R-HSA-372790_R-HSA-388396_R-HSA-418594_R-HSA-2187338_R-HSA-975634_P09455	-5.87441	0.00000	0.00000
CID_3042	R-HSA-162582_R-HSA-372790_R-HSA-388396_R-HSA-418594_R-HSA-111885_R-HSA-202040_P01189	-5.47413	0.00000	0.00000
CID_3042	R-HSA-162582_R-HSA-372790_R-HSA-388396_R-HSA-418594_R-HSA-2187338_R-HSA-2514856_R-HSA-2514859_P50579	-4.69669	0.00000	0.00000
CID_3042	R-HSA-162582_R-HSA-372790_R-HSA-388396_R-HSA-418594_R-HSA-2187338_R-HSA-2514856_R-HSA-2514859_P17252	-4.61150	0.00000	0.00000
CID_3042	R-HSA-162582_R-HSA-372790_R-HSA-388396_R-HSA-418594_R-HSA-2187338_R-HSA-2514856_R-HSA-2514859_P35913	-5.48644	0.00000	0.00000
CID_3042	R-HSA-162582_R-HSA-372790_R-HSA-388396_R-HSA-418594_R-HSA-2187338_R-HSA-2514856_R-HSA-2485179_P35913	-6.45549	0.00000	0.00000
CID_3042	R-HSA-162582_R-HSA-165159_R-HSA-380972_Q9Y478	-6.98163	0.00500	0.04608
CID_3042	R-HSA-162582_R-HSA-194315_R-HSA-195258_R-HSA-5668599_P05771	-7.15666	0.00500	0.04608
CID_3042	R-HSA-74160_R-HSA-73857_R-HSA-212436_R-HSA-8986944_R-HSA-9022692_O15379	-5.37546	0.00500	0.04608
CID_3042	R-HSA-74160_R-HSA-73857_R-HSA-212436_R-HSA-8878166_R-HSA-8939902_P03372	-3.84460	0.00500	0.04608
CID_3042	R-HSA-162582_R-HSA-9006931_R-HSA-8939211_R-HSA-9009391_R-HSA-9634638_P10415	-9.62665	0.00500	0.04608
CID_3042	R-HSA-74160_R-HSA-73857_R-HSA-212436_R-HSA-8878166_R-HSA-8941326_R-HSA-8940973_O15379	-6.21904	0.00500	0.04608
CID_3062316	R-HSA-162582_R-HSA-372790_R-HSA-388396_R-HSA-416476_R-HSA-881907_R-HSA-2179392_P17252	-11.89319	0.00000	0.00000
CID_3062316	R-HSA-162582_R-HSA-372790_R-HSA-388396_R-HSA-418594_R-HSA-2187338_R-HSA-2187335_O75911	-14.52153	0.00000	0.00000
CID_3062316	R-HSA-162582_R-HSA-372790_R-HSA-388396_R-HSA-418594_R-HSA-2187338_R-HSA-2187335_P12271	-13.94941	0.00000	0.00000
CID_3062316	R-HSA-162582_R-HSA-372790_R-HSA-388396_R-HSA-418594_R-HSA-2187338_R-HSA-2187335_P10745	-13.94419	0.00000	0.00000
CID_3062316	R-HSA-162582_R-HSA-372790_R-HSA-388396_R-HSA-418594_R-HSA-2187338_R-HSA-2453902_O95237	-12.92143	0.00000	0.00000
CID_3062316	R-HSA-162582_R-HSA-372790_R-HSA-388396_R-HSA-418594_R-HSA-2187338_R-HSA-2453902_P02753	-12.99327	0.00000	0.00000
CID_3062316	R-HSA-162582_R-HSA-372790_R-HSA-388396_R-HSA-418594_R-HSA-2187338_R-HSA-2453902_P09455	-12.95029	0.00000	0.00000
CID_3062316	R-HSA-162582_R-HSA-372790_R-HSA-388396_R-HSA-418594_R-HSA-2187338_R-HSA-975634_O95237	-13.03215	0.00000	0.00000
CID_3062316	R-HSA-162582_R-HSA-372790_R-HSA-388396_R-HSA-418594_R-HSA-2187338_R-HSA-975634_P02753	-13.10399	0.00000	0.00000
CID_3062316	R-HSA-162582_R-HSA-372790_R-HSA-388396_R-HSA-418594_R-HSA-2187338_R-HSA-975634_P50120	-13.52877	0.00000	0.00000
CID_3062316	R-HSA-162582_R-HSA-372790_R-HSA-388396_R-HSA-418594_R-HSA-2187338_R-HSA-975634_P09455	-13.06101	0.00000	0.00000
CID_3062316	R-HSA-162582_R-HSA-372790_R-HSA-500792_R-HSA-373076_R-HSA-375280_R-HSA-390666_P50406	-7.82937	0.00500	0.04608
CID_3062316	R-HSA-162582_R-HSA-372790_R-HSA-500792_R-HSA-373076_R-HSA-391903_R-HSA-391908_P43088	-11.98087	0.00500	0.04608
CID_3062316	R-HSA-162582_R-HSA-372790_R-HSA-388396_R-HSA-418594_R-HSA-2187338_R-HSA-2453902_P12271	-13.18958	0.00500	0.04608
CID_3062316	R-HSA-162582_R-HSA-372790_R-HSA-388396_R-HSA-418594_R-HSA-2187338_R-HSA-2453902_Q92781	-13.44857	0.00500	0.04608
CID_3062316	R-HSA-162582_R-HSA-372790_R-HSA-388396_R-HSA-418594_R-HSA-2187338_R-HSA-2453902_P10745	-13.18437	0.00500	0.04608
CID_3062316	R-HSA-162582_R-HSA-372790_R-HSA-388396_R-HSA-418594_R-HSA-2187338_R-HSA-2514856_R-HSA-2514859_P50579	-13.08553	0.00500	0.04608
CID_3062316	R-HSA-162582_R-HSA-372790_R-HSA-388396_R-HSA-418594_R-HSA-2187338_R-HSA-2514856_R-HSA-2514859_P17252	-12.93212	0.00500	0.04608
CID_3062316	R-HSA-162582_R-HSA-372790_R-HSA-388396_R-HSA-418594_R-HSA-2187338_R-HSA-2514856_R-HSA-2514859_P35913	-13.87523	0.00500	0.04608
CID_3062316	R-HSA-162582_R-HSA-372790_R-HSA-388396_R-HSA-418594_R-HSA-2187338_R-HSA-2514856_R-HSA-2485179_P35913	-14.84423	0.00500	0.04608
CID_3108	R-HSA-162582_R-HSA-372790_R-HSA-388396_R-HSA-418597_P05771	-7.41289	0.00000	0.00000
CID_3108	R-HSA-162582_R-HSA-372790_R-HSA-388396_R-HSA-416482_P35348	-7.79643	0.00000	0.00000
CID_3108	R-HSA-162582_R-HSA-372790_R-HSA-500792_R-HSA-373076_R-HSA-375280_R-HSA-390666_P50406	-7.68677	0.00000	0.00000
CID_3108	R-HSA-162582_R-HSA-372790_R-HSA-388396_R-HSA-416476_R-HSA-881907_R-HSA-2179392_P17252	-12.00748	0.00000	0.00000
CID_3108	R-HSA-162582_R-HSA-372790_R-HSA-388396_R-HSA-418594_R-HSA-2187338_R-HSA-2187335_O75911	-14.37879	0.00000	0.00000
CID_3108	R-HSA-162582_R-HSA-372790_R-HSA-388396_R-HSA-418594_R-HSA-2187338_R-HSA-2187335_P12271	-13.80668	0.00000	0.00000
CID_3108	R-HSA-162582_R-HSA-372790_R-HSA-388396_R-HSA-418594_R-HSA-2187338_R-HSA-2187335_P10745	-13.80146	0.00000	0.00000
CID_3108	R-HSA-162582_R-HSA-372790_R-HSA-388396_R-HSA-418594_R-HSA-2187338_R-HSA-2453902_O95237	-12.77325	0.00000	0.00000
CID_3108	R-HSA-162582_R-HSA-372790_R-HSA-388396_R-HSA-418594_R-HSA-2187338_R-HSA-2453902_P12271	-13.04686	0.00000	0.00000
CID_3108	R-HSA-162582_R-HSA-372790_R-HSA-388396_R-HSA-418594_R-HSA-2187338_R-HSA-2453902_Q92781	-13.30582	0.00000	0.00000
CID_3108	R-HSA-162582_R-HSA-372790_R-HSA-388396_R-HSA-418594_R-HSA-2187338_R-HSA-2453902_P02753	-12.84535	0.00000	0.00000
CID_3108	R-HSA-162582_R-HSA-372790_R-HSA-388396_R-HSA-418594_R-HSA-2187338_R-HSA-2453902_P10745	-13.04164	0.00000	0.00000
CID_3108	R-HSA-162582_R-HSA-372790_R-HSA-388396_R-HSA-418594_R-HSA-2187338_R-HSA-2453902_P09455	-12.80238	0.00000	0.00000
CID_3108	R-HSA-162582_R-HSA-372790_R-HSA-388396_R-HSA-418594_R-HSA-2187338_R-HSA-975634_O95237	-12.87415	0.00000	0.00000
CID_3108	R-HSA-162582_R-HSA-372790_R-HSA-388396_R-HSA-418594_R-HSA-2187338_R-HSA-975634_P02753	-12.94624	0.00000	0.00000
CID_3108	R-HSA-162582_R-HSA-372790_R-HSA-388396_R-HSA-418594_R-HSA-2187338_R-HSA-975634_P50120	-13.36566	0.00000	0.00000
CID_3108	R-HSA-162582_R-HSA-372790_R-HSA-388396_R-HSA-418594_R-HSA-2187338_R-HSA-975634_P09455	-12.90328	0.00000	0.00000
CID_3108	R-HSA-162582_R-HSA-372790_R-HSA-388396_R-HSA-418594_R-HSA-111885_R-HSA-202040_P01189	-12.57449	0.00000	0.00000
CID_3108	R-HSA-162582_R-HSA-372790_R-HSA-388396_R-HSA-418594_R-HSA-2187338_R-HSA-2514856_R-HSA-2514859_P50579	-12.91448	0.00000	0.00000
CID_3108	R-HSA-162582_R-HSA-372790_R-HSA-388396_R-HSA-418594_R-HSA-2187338_R-HSA-2514856_R-HSA-2514859_P17252	-13.01816	0.00000	0.00000
CID_3108	R-HSA-162582_R-HSA-372790_R-HSA-388396_R-HSA-418594_R-HSA-2187338_R-HSA-2514856_R-HSA-2514859_P16499	-13.59309	0.00000	0.00000
CID_3108	R-HSA-162582_R-HSA-372790_R-HSA-388396_R-HSA-418594_R-HSA-2187338_R-HSA-2514856_R-HSA-2485179_P16499	-14.56209	0.00000	0.00000
CID_3108	R-HSA-162582_R-HSA-372790_R-HSA-388396_R-HSA-418597_P17252	-7.67264	0.00500	0.04608
CID_3108	R-HSA-162582_R-HSA-372790_R-HSA-500792_R-HSA-373080_R-HSA-420092_Q02643	-7.89371	0.00500	0.04608
CID_3108	R-HSA-162582_R-HSA-372790_R-HSA-500792_R-HSA-373076_R-HSA-375281_P30968	-7.60372	0.00500	0.04608
CID_3108	R-HSA-162582_R-HSA-372790_R-HSA-388396_R-HSA-397795_R-HSA-392451_O15530	-9.53961	0.00500	0.04608
CID_3108	R-HSA-162582_R-HSA-372790_R-HSA-500792_R-HSA-373076_R-HSA-375276_R-HSA-380108_P10145	-9.43631	0.00500	0.04608
CID_3108	R-HSA-162582_R-HSA-372790_R-HSA-500792_R-HSA-373076_R-HSA-375280_R-HSA-390666_P28566	-9.15269	0.00500	0.04608
CID_3108	R-HSA-162582_R-HSA-372790_R-HSA-500792_R-HSA-373076_R-HSA-391903_R-HSA-391908_P43088	-11.83827	0.00500	0.04608
CID_3108	R-HSA-162582_R-HSA-372790_R-HSA-500792_R-HSA-373076_R-HSA-391903_R-HSA-391908_P43116	-10.46285	0.00500	0.04608
CID_3117	R-HSA-162582_R-HSA-372790_R-HSA-388396_R-HSA-418597_P05771	-7.94240	0.00000	0.00000
CID_3117	R-HSA-162582_R-HSA-372790_R-HSA-388396_R-HSA-416476_R-HSA-881907_R-HSA-2179392_P17252	-12.55856	0.00000	0.00000
CID_3117	R-HSA-162582_R-HSA-372790_R-HSA-388396_R-HSA-418594_R-HSA-2187338_R-HSA-2187335_P12271	-14.54800	0.00000	0.00000
CID_3117	R-HSA-162582_R-HSA-372790_R-HSA-388396_R-HSA-418594_R-HSA-2187338_R-HSA-2187335_P10745	-14.54279	0.00000	0.00000
CID_3117	R-HSA-162582_R-HSA-372790_R-HSA-388396_R-HSA-418594_R-HSA-2187338_R-HSA-2453902_O95237	-13.51282	0.00000	0.00000
CID_3117	R-HSA-162582_R-HSA-372790_R-HSA-388396_R-HSA-418594_R-HSA-2187338_R-HSA-2453902_P12271	-13.78818	0.00000	0.00000
CID_3117	R-HSA-162582_R-HSA-372790_R-HSA-388396_R-HSA-418594_R-HSA-2187338_R-HSA-2453902_P10745	-13.78297	0.00000	0.00000
CID_3117	R-HSA-162582_R-HSA-372790_R-HSA-388396_R-HSA-418594_R-HSA-2187338_R-HSA-975634_O95237	-13.61057	0.00000	0.00000
CID_3117	R-HSA-162582_R-HSA-372790_R-HSA-388396_R-HSA-418597_P17252	-8.01192	0.00500	0.04608
CID_3117	R-HSA-162582_R-HSA-372790_R-HSA-500792_R-HSA-373076_R-HSA-375281_P30968	-8.23914	0.00500	0.04608
CID_3117	R-HSA-162582_R-HSA-372790_R-HSA-388396_R-HSA-397795_R-HSA-392451_O15530	-10.17503	0.00500	0.04608
CID_3117	R-HSA-162582_R-HSA-372790_R-HSA-500792_R-HSA-373076_R-HSA-375276_R-HSA-380108_P10145	-10.17763	0.00500	0.04608
CID_3117	R-HSA-162582_R-HSA-372790_R-HSA-500792_R-HSA-373076_R-HSA-375280_R-HSA-390666_P50406	-8.42809	0.00500	0.04608
CID_3117	R-HSA-162582_R-HSA-372790_R-HSA-500792_R-HSA-373076_R-HSA-391903_R-HSA-391908_P43088	-12.57959	0.00500	0.04608
CID_3117	R-HSA-162582_R-HSA-372790_R-HSA-500792_R-HSA-373076_R-HSA-391903_R-HSA-391908_P43116	-11.20417	0.00500	0.04608
CID_3117	R-HSA-162582_R-HSA-372790_R-HSA-388396_R-HSA-418594_R-HSA-2187338_R-HSA-2187335_O75911	-15.12011	0.00500	0.04608
CID_3117	R-HSA-162582_R-HSA-372790_R-HSA-388396_R-HSA-418594_R-HSA-2187338_R-HSA-2453902_P02753	-13.58500	0.00500	0.04608
CID_3117	R-HSA-162582_R-HSA-372790_R-HSA-388396_R-HSA-418594_R-HSA-2187338_R-HSA-2453902_P09455	-13.54204	0.00500	0.04608
CID_3117	R-HSA-162582_R-HSA-372790_R-HSA-388396_R-HSA-418594_R-HSA-2187338_R-HSA-975634_P02753	-13.68275	0.00500	0.04608
CID_3117	R-HSA-162582_R-HSA-372790_R-HSA-388396_R-HSA-418594_R-HSA-2187338_R-HSA-975634_P50120	-14.10047	0.00500	0.04608
CID_3117	R-HSA-162582_R-HSA-372790_R-HSA-388396_R-HSA-418594_R-HSA-2187338_R-HSA-975634_P09455	-13.63980	0.00500	0.04608
CID_3117	R-HSA-162582_R-HSA-372790_R-HSA-388396_R-HSA-418594_R-HSA-111885_R-HSA-202040_P01189	-13.31581	0.00500	0.04608
CID_3117	R-HSA-162582_R-HSA-372790_R-HSA-388396_R-HSA-418594_R-HSA-2187338_R-HSA-2514856_R-HSA-2514859_P50579	-13.76170	0.00500	0.04608
CID_3117	R-HSA-162582_R-HSA-372790_R-HSA-388396_R-HSA-418594_R-HSA-2187338_R-HSA-2514856_R-HSA-2514859_P17252	-13.67515	0.00500	0.04608
CID_3117	R-HSA-162582_R-HSA-372790_R-HSA-388396_R-HSA-418594_R-HSA-2187338_R-HSA-2514856_R-HSA-2514859_P35913	-14.55140	0.00500	0.04608
CID_3117	R-HSA-162582_R-HSA-372790_R-HSA-388396_R-HSA-418594_R-HSA-2187338_R-HSA-2514856_R-HSA-2485179_P35913	-15.52041	0.00500	0.04608
CID_31307	R-HSA-1430728_R-HSA-1483249_R-HSA-1855204_P0DP23	-5.52864	0.00000	0.00000
CID_31307	R-HSA-1430728_R-HSA-202131_R-HSA-203615_P29474	-5.18832	0.00000	0.00000
CID_31307	R-HSA-1430728_R-HSA-15869_R-HSA-499943_P04818	-5.69106	0.00000	0.00000
CID_31307	R-HSA-1430728_R-HSA-71291_R-HSA-389661_Q02218	-5.76589	0.00000	0.00000
CID_31307	R-HSA-1430728_R-HSA-71291_R-HSA-389661_O14561	-6.72357	0.00000	0.00000
CID_31307	R-HSA-1430728_R-HSA-71291_R-HSA-389661_P11177	-6.80350	0.00000	0.00000
CID_31307	R-HSA-1430728_R-HSA-71291_R-HSA-70895_P54687	-5.95049	0.00000	0.00000
CID_31307	R-HSA-1430728_R-HSA-71291_R-HSA-71288_P48066	-5.97020	0.00000	0.00000
CID_31307	R-HSA-1430728_R-HSA-71291_R-HSA-70921_P50135	-6.35543	0.00000	0.00000
CID_31307	R-HSA-1430728_R-HSA-71291_R-HSA-71064_Q02218	-5.72459	0.00000	0.00000
CID_31307	R-HSA-1430728_R-HSA-15869_R-HSA-8956319_R-HSA-73621_P19971	-7.43632	0.00000	0.00000
CID_31307	R-HSA-1430728_R-HSA-15869_R-HSA-8956319_R-HSA-73621_Q16831	-7.69255	0.00000	0.00000
CID_31307	R-HSA-1430728_R-HSA-15869_R-HSA-8956321_R-HSA-74217_P00813	-7.39731	0.00000	0.00000
CID_31307	R-HSA-1430728_R-HSA-15869_R-HSA-8956321_R-HSA-73614_P19971	-7.77366	0.00000	0.00000
CID_31307	R-HSA-1430728_R-HSA-15869_R-HSA-8956321_R-HSA-73614_Q16831	-8.02989	0.00000	0.00000
CID_31307	R-HSA-1430728_R-HSA-163685_R-HSA-422356_R-HSA-400042_Q01668	-4.51365	0.00000	0.00000
CID_31307	R-HSA-1430728_R-HSA-163685_R-HSA-422356_R-HSA-400042_Q13936	-4.66055	0.00000	0.00000
CID_31307	R-HSA-1430728_R-HSA-163685_R-HSA-422356_R-HSA-400042_Q9NY47	-4.43143	0.00000	0.00000
CID_31307	R-HSA-1430728_R-HSA-71291_R-HSA-209776_R-HSA-209931_P17752	-7.16829	0.00000	0.00000
CID_31307	R-HSA-1430728_R-HSA-71291_R-HSA-2408522_R-HSA-2408557_P39023	-6.96664	0.00000	0.00000
CID_31307	R-HSA-1430728_R-HSA-71291_R-HSA-2408522_R-HSA-2408508_P50135	-8.29646	0.00000	0.00000
CID_31307	R-HSA-1430728_R-HSA-71291_R-HSA-2408522_R-HSA-2408508_P40261	-8.15110	0.00000	0.00000
CID_31307	R-HSA-1430728_R-HSA-71291_R-HSA-351202_R-HSA-350562_P20618	-6.60722	0.00000	0.00000
CID_31307	R-HSA-1430728_R-HSA-71291_R-HSA-351202_R-HSA-350562_P49721	-6.81250	0.00000	0.00000
CID_31307	R-HSA-1430728_R-HSA-71291_R-HSA-351202_R-HSA-350562_P28074	-6.57305	0.00000	0.00000
CID_31307	R-HSA-1430728_R-HSA-71291_R-HSA-351202_R-HSA-350562_P28062	-6.96465	0.00000	0.00000
CID_31307	R-HSA-1430728_R-HSA-71291_R-HSA-351202_R-HSA-350562_P25786	-7.13572	0.00000	0.00000
CID_31307	R-HSA-1430728_R-HSA-71291_R-HSA-351202_R-HSA-350562_Q99460	-7.09660	0.00000	0.00000
CID_31307	R-HSA-1430728_R-HSA-71291_R-HSA-351202_R-HSA-350562_Q13200	-7.16537	0.00000	0.00000
CID_31307	R-HSA-1430728_R-HSA-1428517_R-HSA-163200_R-HSA-163210_P30049	-8.12915	0.00000	0.00000
CID_31307	R-HSA-1430728_R-HSA-1428517_R-HSA-71406_R-HSA-71403_Q02218	-7.97494	0.00000	0.00000
CID_31307	R-HSA-1430728_R-HSA-196854_R-HSA-6806667_R-HSA-975634_O95237	-9.37804	0.00000	0.00000
CID_31307	R-HSA-1430728_R-HSA-196854_R-HSA-6806667_R-HSA-975634_P02753	-9.47259	0.00000	0.00000
CID_31307	R-HSA-1430728_R-HSA-196854_R-HSA-6806667_R-HSA-975634_P50120	-9.57364	0.00000	0.00000
CID_31307	R-HSA-1430728_R-HSA-196854_R-HSA-6806667_R-HSA-975634_P09455	-9.43131	0.00000	0.00000
CID_31307	R-HSA-1430728_R-HSA-196854_R-HSA-8978934_R-HSA-1474151_P0DP23	-7.49638	0.00000	0.00000
CID_31307	R-HSA-1430728_R-HSA-196854_R-HSA-8978934_R-HSA-1474151_P29474	-7.71748	0.00000	0.00000
CID_31307	R-HSA-1430728_R-HSA-196854_R-HSA-196849_R-HSA-196741_P33527	-9.48635	0.00000	0.00000
CID_31307	R-HSA-1430728_R-HSA-196854_R-HSA-196849_R-HSA-196741_Q9UBK8	-10.57914	0.00000	0.00000
CID_31307	R-HSA-1430728_R-HSA-196854_R-HSA-196849_R-HSA-196741_O60494	-10.46319	0.00000	0.00000
CID_31307	R-HSA-1430728_R-HSA-196854_R-HSA-196849_R-HSA-196780_P11498	-8.32652	0.00000	0.00000
CID_31307	R-HSA-1430728_R-HSA-196854_R-HSA-196849_R-HSA-196780_Q9Y289	-10.71038	0.00000	0.00000
CID_31307	R-HSA-1430728_R-HSA-196854_R-HSA-196849_R-HSA-196757_Q96NT5	-9.18820	0.00000	0.00000
CID_31307	R-HSA-1430728_R-HSA-196854_R-HSA-196849_R-HSA-196757_P41440	-9.27232	0.00000	0.00000
CID_31307	R-HSA-1430728_R-HSA-196854_R-HSA-196849_R-HSA-196757_P34897	-9.78627	0.00000	0.00000
CID_31307	R-HSA-1430728_R-HSA-196854_R-HSA-196849_R-HSA-196757_P34896	-9.78502	0.00000	0.00000
CID_31307	R-HSA-1430728_R-HSA-196854_R-HSA-196849_R-HSA-196836_P78417	-8.45072	0.00000	0.00000
CID_31307	R-HSA-1430728_R-HSA-196854_R-HSA-196849_R-HSA-196836_Q9UHI7	-8.25525	0.00000	0.00000
CID_31307	R-HSA-1430728_R-HSA-71387_R-HSA-8982491_R-HSA-70221_P0DP23	-6.27374	0.00000	0.00000
CID_31307	R-HSA-1430728_R-HSA-71387_R-HSA-70326_R-HSA-70263_P11498	-8.00182	0.00000	0.00000
CID_31307	R-HSA-74160_R-HSA-73857_R-HSA-212436_R-HSA-350054_Q9UBN7	-4.65156	0.00000	0.00000
CID_31307	R-HSA-74160_R-HSA-73857_R-HSA-212436_R-HSA-383280_P04150	-1.83755	0.00000	0.00000
CID_31307	R-HSA-74160_R-HSA-73857_R-HSA-212436_R-HSA-383280_P10275	-2.68329	0.00000	0.00000
CID_31307	R-HSA-74160_R-HSA-73857_R-HSA-212436_R-HSA-383280_P08235	-2.47543	0.00000	0.00000
CID_31307	R-HSA-74160_R-HSA-73857_R-HSA-212436_R-HSA-383280_P03372	-2.88565	0.00000	0.00000
CID_31307	R-HSA-74160_R-HSA-73857_R-HSA-212436_R-HSA-383280_P48443	-3.08189	0.00000	0.00000
CID_31307	R-HSA-74160_R-HSA-73857_R-HSA-212436_R-HSA-383280_P19793	-2.45495	0.00000	0.00000
CID_31307	R-HSA-74160_R-HSA-73857_R-HSA-212436_R-HSA-383280_P06401	-2.33397	0.00000	0.00000
CID_31307	R-HSA-74160_R-HSA-73857_R-HSA-212436_R-HSA-383280_P62508	-2.54815	0.00000	0.00000
CID_31307	R-HSA-74160_R-HSA-73857_R-HSA-212436_R-HSA-383280_P10827	-3.44175	0.00000	0.00000
CID_31307	R-HSA-74160_R-HSA-73857_R-HSA-212436_R-HSA-383280_P10828	-3.43904	0.00000	0.00000
CID_31307	R-HSA-74160_R-HSA-73857_R-HSA-212436_R-HSA-383280_P51843	-2.34568	0.00000	0.00000
CID_31307	R-HSA-74160_R-HSA-73857_R-HSA-212436_R-HSA-383280_O75376	-2.67260	0.00000	0.00000
CID_31307	R-HSA-1430728_R-HSA-1428517_R-HSA-163200_R-HSA-611105_R-HSA-6799198_P19404	-11.67705	0.00000	0.00000
CID_31307	R-HSA-1430728_R-HSA-1428517_R-HSA-163200_R-HSA-611105_R-HSA-6799198_Q16795	-11.67634	0.00000	0.00000
CID_31307	R-HSA-1430728_R-HSA-1428517_R-HSA-163200_R-HSA-611105_R-HSA-6799198_P51970	-11.67777	0.00000	0.00000
CID_31307	R-HSA-1430728_R-HSA-1428517_R-HSA-163200_R-HSA-611105_R-HSA-6799198_O95182	-11.67786	0.00000	0.00000
CID_31307	R-HSA-1430728_R-HSA-1428517_R-HSA-163200_R-HSA-611105_R-HSA-6799198_P56556	-11.67665	0.00000	0.00000
CID_31307	R-HSA-1430728_R-HSA-1428517_R-HSA-163200_R-HSA-611105_R-HSA-6799198_Q16718	-11.67682	0.00000	0.00000
CID_31307	R-HSA-1430728_R-HSA-1428517_R-HSA-163200_R-HSA-611105_R-HSA-6799198_O95167	-11.67665	0.00000	0.00000
CID_31307	R-HSA-1430728_R-HSA-1428517_R-HSA-163200_R-HSA-611105_R-HSA-6799198_O43678	-11.67641	0.00000	0.00000
CID_31307	R-HSA-1430728_R-HSA-1428517_R-HSA-163200_R-HSA-611105_R-HSA-6799198_O15239	-11.67697	0.00000	0.00000
CID_31307	R-HSA-1430728_R-HSA-1428517_R-HSA-163200_R-HSA-611105_R-HSA-6799198_O95299	-11.67660	0.00000	0.00000
CID_31307	R-HSA-1430728_R-HSA-1428517_R-HSA-163200_R-HSA-611105_R-HSA-6799198_O14561	-10.82784	0.00000	0.00000
CID_31307	R-HSA-1430728_R-HSA-1428517_R-HSA-163200_R-HSA-611105_R-HSA-6799198_O75438	-11.67750	0.00000	0.00000
CID_31307	R-HSA-1430728_R-HSA-1428517_R-HSA-163200_R-HSA-611105_R-HSA-6799198_O95178	-11.67730	0.00000	0.00000
CID_31307	R-HSA-1430728_R-HSA-1428517_R-HSA-163200_R-HSA-611105_R-HSA-6799198_O00217	-11.67676	0.00000	0.00000
CID_31307	R-HSA-1430728_R-HSA-1428517_R-HSA-163200_R-HSA-611105_R-HSA-6799198_O75380	-11.67729	0.00000	0.00000
CID_31307	R-HSA-1430728_R-HSA-1428517_R-HSA-163200_R-HSA-611105_R-HSA-6799198_O43920	-11.67700	0.00000	0.00000
CID_31307	R-HSA-1430728_R-HSA-1428517_R-HSA-163200_R-HSA-611105_R-HSA-6799198_O43181	-11.67636	0.00000	0.00000
CID_31307	R-HSA-1430728_R-HSA-1428517_R-HSA-163200_R-HSA-611105_R-HSA-6799198_P49821	-11.67637	0.00000	0.00000
CID_31307	R-HSA-1430728_R-HSA-1428517_R-HSA-163200_R-HSA-611105_R-HSA-6799198_O75489	-11.67684	0.00000	0.00000
CID_31307	R-HSA-1430728_R-HSA-1428517_R-HSA-163200_R-HSA-611105_R-HSA-6799198_O75306	-11.67761	0.00000	0.00000
CID_31307	R-HSA-1430728_R-HSA-1428517_R-HSA-163200_R-HSA-611105_R-HSA-6799198_P56181	-11.67630	0.00000	0.00000
CID_31307	R-HSA-1430728_R-HSA-1428517_R-HSA-163200_R-HSA-611105_R-HSA-6799198_P28331	-11.67648	0.00000	0.00000
CID_31307	R-HSA-1430728_R-HSA-1428517_R-HSA-163200_R-HSA-611105_R-HSA-6799198_O95298	-11.67678	0.00000	0.00000
CID_31307	R-HSA-1430728_R-HSA-1428517_R-HSA-163200_R-HSA-611105_R-HSA-6799198_O43677	-11.67663	0.00000	0.00000
CID_31307	R-HSA-1430728_R-HSA-1428517_R-HSA-163200_R-HSA-611105_R-HSA-6799198_O96000	-11.67675	0.00000	0.00000
CID_31307	R-HSA-1430728_R-HSA-1428517_R-HSA-163200_R-HSA-611105_R-HSA-6799198_Q9Y6M9	-11.67688	0.00000	0.00000
CID_31307	R-HSA-1430728_R-HSA-1428517_R-HSA-163200_R-HSA-611105_R-HSA-6799198_O95169	-11.67702	0.00000	0.00000
CID_31307	R-HSA-1430728_R-HSA-1428517_R-HSA-163200_R-HSA-611105_R-HSA-6799198_P17568	-11.67689	0.00000	0.00000
CID_31307	R-HSA-1430728_R-HSA-1428517_R-HSA-163200_R-HSA-611105_R-HSA-6799198_O95139	-11.67696	0.00000	0.00000
CID_31307	R-HSA-1430728_R-HSA-1428517_R-HSA-163200_R-HSA-611105_R-HSA-6799198_O43674	-11.67705	0.00000	0.00000
CID_31307	R-HSA-1430728_R-HSA-1428517_R-HSA-163200_R-HSA-611105_R-HSA-6799198_O95168	-11.67690	0.00000	0.00000
CID_31307	R-HSA-1430728_R-HSA-1428517_R-HSA-163200_R-HSA-611105_R-HSA-6799198_O43676	-11.67649	0.00000	0.00000
CID_31307	R-HSA-1430728_R-HSA-1428517_R-HSA-71406_R-HSA-70268_R-HSA-204174_P19793	-9.80916	0.00000	0.00000
CID_31307	R-HSA-1430728_R-HSA-196854_R-HSA-196849_R-HSA-196807_R-HSA-197264_P40261	-9.93005	0.00000	0.00000
CID_31307	R-HSA-1430728_R-HSA-196854_R-HSA-196849_R-HSA-196807_R-HSA-197264_Q16647	-10.11064	0.00000	0.00000
CID_31307	R-HSA-74160_R-HSA-73857_R-HSA-212436_R-HSA-8878159_R-HSA-8941858_P20618	-4.46374	0.00000	0.00000
CID_31307	R-HSA-74160_R-HSA-73857_R-HSA-212436_R-HSA-8878159_R-HSA-8941858_P49721	-4.66903	0.00000	0.00000
CID_31307	R-HSA-74160_R-HSA-73857_R-HSA-212436_R-HSA-8878159_R-HSA-8941858_P28074	-4.42957	0.00000	0.00000
CID_31307	R-HSA-74160_R-HSA-73857_R-HSA-212436_R-HSA-8878159_R-HSA-8941858_P28062	-4.82117	0.00000	0.00000
CID_31307	R-HSA-74160_R-HSA-73857_R-HSA-212436_R-HSA-9614085_R-HSA-9617629_Q96EB6	-6.87188	0.00000	0.00000
CID_31307	R-HSA-74160_R-HSA-73857_R-HSA-212436_R-HSA-8878166_R-HSA-8939902_P03372	-4.52054	0.00000	0.00000
CID_31307	R-HSA-74160_R-HSA-73857_R-HSA-212436_R-HSA-8878166_R-HSA-8939902_P20618	-4.07817	0.00000	0.00000
CID_31307	R-HSA-74160_R-HSA-73857_R-HSA-212436_R-HSA-8878166_R-HSA-8939902_P49721	-4.28346	0.00000	0.00000
CID_31307	R-HSA-74160_R-HSA-73857_R-HSA-212436_R-HSA-8878166_R-HSA-8939902_P28074	-4.04400	0.00000	0.00000
CID_31307	R-HSA-74160_R-HSA-73857_R-HSA-212436_R-HSA-8878166_R-HSA-8939902_P28062	-4.43560	0.00000	0.00000
CID_31307	R-HSA-74160_R-HSA-73857_R-HSA-212436_R-HSA-3700989_R-HSA-5633008_R-HSA-6803204_P04637	-11.26093	0.00000	0.00000
CID_31307	R-HSA-1430728_R-HSA-202131_R-HSA-203615_P0DP23	-4.96722	0.00500	0.04608
CID_31307	R-HSA-1430728_R-HSA-163685_R-HSA-163767_P62714	-5.67888	0.00500	0.04608
CID_31307	R-HSA-1430728_R-HSA-163685_R-HSA-422356_R-HSA-400042_Q08289	-4.95549	0.00500	0.04608
CID_31307	R-HSA-1430728_R-HSA-163685_R-HSA-422356_R-HSA-381676_Q9BQ31	-3.46218	0.00500	0.04608
CID_31307	R-HSA-74160_R-HSA-73857_R-HSA-212436_R-HSA-350054_O75376	-3.99070	0.00500	0.04608
CID_31307	R-HSA-1430728_R-HSA-1428517_R-HSA-71406_R-HSA-70268_R-HSA-204174_P11177	-11.24683	0.00500	0.04608
CID_31307	R-HSA-1430728_R-HSA-71387_R-HSA-70326_R-HSA-70171_R-HSA-9634600_P62714	-9.91972	0.00500	0.04608
CID_31307	R-HSA-1430728_R-HSA-71387_R-HSA-70326_R-HSA-70171_R-HSA-9634600_P67775	-10.22119	0.00500	0.04608
CID_31307	R-HSA-74160_R-HSA-73857_R-HSA-212436_R-HSA-8878159_R-HSA-8941855_P04637	-5.29967	0.00500	0.04608
CID_31307	R-HSA-74160_R-HSA-73857_R-HSA-212436_R-HSA-8878159_R-HSA-8941858_P25786	-4.99224	0.00500	0.04608
CID_31307	R-HSA-74160_R-HSA-73857_R-HSA-212436_R-HSA-8878159_R-HSA-8941858_Q99460	-4.95312	0.00500	0.04608
CID_31307	R-HSA-74160_R-HSA-73857_R-HSA-212436_R-HSA-8878159_R-HSA-8941858_Q13200	-5.02189	0.00500	0.04608
CID_31307	R-HSA-74160_R-HSA-73857_R-HSA-212436_R-HSA-8878171_R-HSA-8939236_P20618	-6.16486	0.00500	0.04608
CID_31307	R-HSA-74160_R-HSA-73857_R-HSA-212436_R-HSA-8878171_R-HSA-8939236_P49721	-6.37015	0.00500	0.04608
CID_31307	R-HSA-74160_R-HSA-73857_R-HSA-212436_R-HSA-8878171_R-HSA-8939236_P28074	-6.13069	0.00500	0.04608
CID_31307	R-HSA-74160_R-HSA-73857_R-HSA-212436_R-HSA-8878171_R-HSA-8939236_P28062	-6.52230	0.00500	0.04608
CID_31307	R-HSA-74160_R-HSA-73857_R-HSA-212436_R-HSA-8878171_R-HSA-8931987_P03372	-6.41538	0.00500	0.04608
CID_31307	R-HSA-74160_R-HSA-73857_R-HSA-212436_R-HSA-8878166_R-HSA-8939902_P04150	-3.47243	0.00500	0.04608
CID_31307	R-HSA-74160_R-HSA-73857_R-HSA-212436_R-HSA-8878166_R-HSA-8939902_P25786	-4.60668	0.00500	0.04608
CID_31307	R-HSA-74160_R-HSA-73857_R-HSA-212436_R-HSA-8878166_R-HSA-8939902_Q99460	-4.56756	0.00500	0.04608
CID_31307	R-HSA-74160_R-HSA-73857_R-HSA-212436_R-HSA-8878166_R-HSA-8939902_Q13200	-4.63632	0.00500	0.04608
CID_31307	R-HSA-74160_R-HSA-73857_R-HSA-212436_R-HSA-8878166_R-HSA-8941326_R-HSA-8940973_Q9UBN7	-8.04669	0.00500	0.04608
CID_31307	R-HSA-74160_R-HSA-73857_R-HSA-212436_R-HSA-3700989_R-HSA-5633008_R-HSA-6803207_P04637	-10.71200	0.00500	0.04608
CID_31307	R-HSA-74160_R-HSA-73857_R-HSA-212436_R-HSA-3700989_R-HSA-5633008_R-HSA-6803211_P04637	-11.00167	0.00500	0.04608
CID_31307	R-HSA-74160_R-HSA-73857_R-HSA-212436_R-HSA-3700989_R-HSA-6791312_R-HSA-6804115_P04637	-7.51172	0.00500	0.04608
CID_31378	R-HSA-1430728_R-HSA-1483249_R-HSA-1855204_P0DP23	-5.26978	0.00000	0.00000
CID_31378	R-HSA-1430728_R-HSA-163685_R-HSA-163767_P62714	-5.41519	0.00000	0.00000
CID_31378	R-HSA-1430728_R-HSA-71291_R-HSA-389661_Q02218	-5.50220	0.00000	0.00000
CID_31378	R-HSA-1430728_R-HSA-71291_R-HSA-70895_P54687	-5.68680	0.00000	0.00000
CID_31378	R-HSA-1430728_R-HSA-71291_R-HSA-71288_P48066	-5.70650	0.00000	0.00000
CID_31378	R-HSA-1430728_R-HSA-71291_R-HSA-71064_Q02218	-5.46091	0.00000	0.00000
CID_31378	R-HSA-1430728_R-HSA-163685_R-HSA-422356_R-HSA-400042_Q01668	-4.18383	0.00000	0.00000
CID_31378	R-HSA-1430728_R-HSA-163685_R-HSA-422356_R-HSA-400042_Q13936	-4.33072	0.00000	0.00000
CID_31378	R-HSA-1430728_R-HSA-163685_R-HSA-422356_R-HSA-400042_Q9NY47	-4.10160	0.00000	0.00000
CID_31378	R-HSA-1430728_R-HSA-163685_R-HSA-422356_R-HSA-400042_Q08289	-4.62566	0.00000	0.00000
CID_31378	R-HSA-1430728_R-HSA-71291_R-HSA-209776_R-HSA-209931_P17752	-6.83854	0.00000	0.00000
CID_31378	R-HSA-1430728_R-HSA-71291_R-HSA-2408522_R-HSA-2408508_P50135	-7.96671	0.00000	0.00000
CID_31378	R-HSA-1430728_R-HSA-71291_R-HSA-351202_R-HSA-350562_P20618	-6.25355	0.00000	0.00000
CID_31378	R-HSA-1430728_R-HSA-71291_R-HSA-351202_R-HSA-350562_P49721	-6.46167	0.00000	0.00000
CID_31378	R-HSA-1430728_R-HSA-71291_R-HSA-351202_R-HSA-350562_P28074	-6.21897	0.00000	0.00000
CID_31378	R-HSA-1430728_R-HSA-71291_R-HSA-351202_R-HSA-350562_P28062	-6.61700	0.00000	0.00000
CID_31378	R-HSA-1430728_R-HSA-71291_R-HSA-351202_R-HSA-350562_P25786	-6.78137	0.00000	0.00000
CID_31378	R-HSA-1430728_R-HSA-71291_R-HSA-351202_R-HSA-350562_Q99460	-6.74185	0.00000	0.00000
CID_31378	R-HSA-1430728_R-HSA-71291_R-HSA-351202_R-HSA-350562_Q13200	-6.81139	0.00000	0.00000
CID_31378	R-HSA-1430728_R-HSA-196854_R-HSA-8978934_R-HSA-1474151_P0DP23	-7.17149	0.00000	0.00000
CID_31378	R-HSA-1430728_R-HSA-196854_R-HSA-8978934_R-HSA-1474151_P29474	-7.38772	0.00000	0.00000
CID_31378	R-HSA-1430728_R-HSA-196854_R-HSA-196849_R-HSA-196741_O60494	-10.13345	0.00000	0.00000
CID_31378	R-HSA-1430728_R-HSA-71387_R-HSA-8982491_R-HSA-70221_P0DP23	-5.94885	0.00000	0.00000
CID_31378	R-HSA-1430728_R-HSA-71387_R-HSA-70326_R-HSA-70263_P11498	-7.67211	0.00000	0.00000
CID_31378	R-HSA-74160_R-HSA-73857_R-HSA-212436_R-HSA-383280_P04150	-2.17918	0.00000	0.00000
CID_31378	R-HSA-74160_R-HSA-73857_R-HSA-212436_R-HSA-383280_P10275	-2.99866	0.00000	0.00000
CID_31378	R-HSA-74160_R-HSA-73857_R-HSA-212436_R-HSA-383280_P03372	-3.27253	0.00000	0.00000
CID_31378	R-HSA-74160_R-HSA-73857_R-HSA-212436_R-HSA-383280_P19793	-2.84724	0.00000	0.00000
CID_31378	R-HSA-74160_R-HSA-73857_R-HSA-212436_R-HSA-383280_P06401	-2.65606	0.00000	0.00000
CID_31378	R-HSA-74160_R-HSA-73857_R-HSA-212436_R-HSA-383280_P62508	-2.95569	0.00000	0.00000
CID_31378	R-HSA-74160_R-HSA-73857_R-HSA-212436_R-HSA-383280_P10828	-4.63418	0.00000	0.00000
CID_31378	R-HSA-74160_R-HSA-73857_R-HSA-212436_R-HSA-383280_P51843	-2.66337	0.00000	0.00000
CID_31378	R-HSA-74160_R-HSA-73857_R-HSA-212436_R-HSA-383280_O75376	-3.34497	0.00000	0.00000
CID_31378	R-HSA-1430728_R-HSA-1428517_R-HSA-163200_R-HSA-611105_R-HSA-6799198_O14561	-10.43206	0.00000	0.00000
CID_31378	R-HSA-1430728_R-HSA-1428517_R-HSA-71406_R-HSA-70268_R-HSA-204174_P19793	-9.49817	0.00000	0.00000
CID_31378	R-HSA-74160_R-HSA-73857_R-HSA-212436_R-HSA-8878159_R-HSA-8941858_P28062	-4.80046	0.00000	0.00000
CID_31378	R-HSA-74160_R-HSA-73857_R-HSA-212436_R-HSA-9614085_R-HSA-9617629_Q96EB6	-8.62278	0.00000	0.00000
CID_31378	R-HSA-74160_R-HSA-73857_R-HSA-212436_R-HSA-8878166_R-HSA-8939902_P04150	-3.46394	0.00000	0.00000
CID_31378	R-HSA-74160_R-HSA-73857_R-HSA-212436_R-HSA-8878166_R-HSA-8939902_P20618	-4.01165	0.00000	0.00000
CID_31378	R-HSA-74160_R-HSA-73857_R-HSA-212436_R-HSA-8878166_R-HSA-8939902_P49721	-4.21977	0.00000	0.00000
CID_31378	R-HSA-74160_R-HSA-73857_R-HSA-212436_R-HSA-8878166_R-HSA-8939902_P28074	-3.97707	0.00000	0.00000
CID_31378	R-HSA-74160_R-HSA-73857_R-HSA-212436_R-HSA-8878166_R-HSA-8939902_P28062	-4.37510	0.00000	0.00000
CID_31378	R-HSA-74160_R-HSA-73857_R-HSA-212436_R-HSA-8878166_R-HSA-8941326_R-HSA-8940973_P10275	-8.39708	0.00000	0.00000
CID_31378	R-HSA-74160_R-HSA-73857_R-HSA-212436_R-HSA-3700989_R-HSA-6791312_R-HSA-6804115_P04637	-7.56865	0.00000	0.00000
CID_31378	R-HSA-1430728_R-HSA-202131_R-HSA-203615_P0DP23	-4.70833	0.00500	0.04608
CID_31378	R-HSA-1430728_R-HSA-202131_R-HSA-203615_P29474	-4.92456	0.00500	0.04608
CID_31378	R-HSA-1430728_R-HSA-163685_R-HSA-163765_P30613	-4.30883	0.00500	0.04608
CID_31378	R-HSA-1430728_R-HSA-71291_R-HSA-389661_O14561	-6.45987	0.00500	0.04608
CID_31378	R-HSA-1430728_R-HSA-71291_R-HSA-389661_P11177	-6.53981	0.00500	0.04608
CID_31378	R-HSA-1430728_R-HSA-71291_R-HSA-70921_P50135	-6.09173	0.00500	0.04608
CID_31378	R-HSA-1430728_R-HSA-163685_R-HSA-422356_R-HSA-381676_Q9BQ31	-3.13236	0.00500	0.04608
CID_31378	R-HSA-1430728_R-HSA-71291_R-HSA-2408522_R-HSA-2408557_P39023	-6.63690	0.00500	0.04608
CID_31378	R-HSA-1430728_R-HSA-71291_R-HSA-2408522_R-HSA-2408508_P40261	-7.82136	0.00500	0.04608
CID_31378	R-HSA-1430728_R-HSA-1428517_R-HSA-163200_R-HSA-163210_P30049	-7.79942	0.00500	0.04608
CID_31378	R-HSA-1430728_R-HSA-1428517_R-HSA-71406_R-HSA-71403_Q02218	-7.64523	0.00500	0.04608
CID_31378	R-HSA-1430728_R-HSA-196854_R-HSA-6806667_R-HSA-975634_P02753	-9.14287	0.00500	0.04608
CID_31378	R-HSA-1430728_R-HSA-196854_R-HSA-6806667_R-HSA-975634_P09455	-9.10160	0.00500	0.04608
CID_31378	R-HSA-1430728_R-HSA-196854_R-HSA-196849_R-HSA-196741_P33527	-9.15372	0.00500	0.04608
CID_31378	R-HSA-1430728_R-HSA-196854_R-HSA-196849_R-HSA-196741_Q9UBK8	-10.25005	0.00500	0.04608
CID_31378	R-HSA-1430728_R-HSA-196854_R-HSA-196849_R-HSA-196780_P11498	-7.99680	0.00500	0.04608
CID_31378	R-HSA-1430728_R-HSA-196854_R-HSA-196849_R-HSA-196780_Q9Y289	-10.38064	0.00500	0.04608
CID_31378	R-HSA-1430728_R-HSA-196854_R-HSA-196849_R-HSA-196757_Q96NT5	-8.85847	0.00500	0.04608
CID_31378	R-HSA-1430728_R-HSA-196854_R-HSA-196849_R-HSA-196757_P41440	-8.94259	0.00500	0.04608
CID_31378	R-HSA-1430728_R-HSA-196854_R-HSA-196849_R-HSA-196836_P78417	-8.12100	0.00500	0.04608
CID_31378	R-HSA-1430728_R-HSA-196854_R-HSA-196849_R-HSA-196836_Q9UHI7	-7.92552	0.00500	0.04608
CID_31378	R-HSA-1430728_R-HSA-1428517_R-HSA-163200_R-HSA-611105_R-HSA-6799198_P19404	-11.28127	0.00500	0.04608
CID_31378	R-HSA-1430728_R-HSA-1428517_R-HSA-163200_R-HSA-611105_R-HSA-6799198_Q16795	-11.28057	0.00500	0.04608
CID_31378	R-HSA-1430728_R-HSA-1428517_R-HSA-163200_R-HSA-611105_R-HSA-6799198_P51970	-11.28200	0.00500	0.04608
CID_31378	R-HSA-1430728_R-HSA-1428517_R-HSA-163200_R-HSA-611105_R-HSA-6799198_O95182	-11.28208	0.00500	0.04608
CID_31378	R-HSA-1430728_R-HSA-1428517_R-HSA-163200_R-HSA-611105_R-HSA-6799198_P56556	-11.28088	0.00500	0.04608
CID_31378	R-HSA-1430728_R-HSA-1428517_R-HSA-163200_R-HSA-611105_R-HSA-6799198_Q16718	-11.28105	0.00500	0.04608
CID_31378	R-HSA-1430728_R-HSA-1428517_R-HSA-163200_R-HSA-611105_R-HSA-6799198_O95167	-11.28087	0.00500	0.04608
CID_31378	R-HSA-1430728_R-HSA-1428517_R-HSA-163200_R-HSA-611105_R-HSA-6799198_O43678	-11.28063	0.00500	0.04608
CID_31378	R-HSA-1430728_R-HSA-1428517_R-HSA-163200_R-HSA-611105_R-HSA-6799198_O15239	-11.28119	0.00500	0.04608
CID_31378	R-HSA-1430728_R-HSA-1428517_R-HSA-163200_R-HSA-611105_R-HSA-6799198_O95299	-11.28083	0.00500	0.04608
CID_31378	R-HSA-1430728_R-HSA-1428517_R-HSA-163200_R-HSA-611105_R-HSA-6799198_O75438	-11.28172	0.00500	0.04608
CID_31378	R-HSA-1430728_R-HSA-1428517_R-HSA-163200_R-HSA-611105_R-HSA-6799198_O95178	-11.28152	0.00500	0.04608
CID_31378	R-HSA-1430728_R-HSA-1428517_R-HSA-163200_R-HSA-611105_R-HSA-6799198_O00217	-11.28098	0.00500	0.04608
CID_31378	R-HSA-1430728_R-HSA-1428517_R-HSA-163200_R-HSA-611105_R-HSA-6799198_O75380	-11.28152	0.00500	0.04608
CID_31378	R-HSA-1430728_R-HSA-1428517_R-HSA-163200_R-HSA-611105_R-HSA-6799198_O43920	-11.28123	0.00500	0.04608
CID_31378	R-HSA-1430728_R-HSA-1428517_R-HSA-163200_R-HSA-611105_R-HSA-6799198_O43181	-11.28058	0.00500	0.04608
CID_31378	R-HSA-1430728_R-HSA-1428517_R-HSA-163200_R-HSA-611105_R-HSA-6799198_P49821	-11.28059	0.00500	0.04608
CID_31378	R-HSA-1430728_R-HSA-1428517_R-HSA-163200_R-HSA-611105_R-HSA-6799198_O75489	-11.28107	0.00500	0.04608
CID_31378	R-HSA-1430728_R-HSA-1428517_R-HSA-163200_R-HSA-611105_R-HSA-6799198_O75306	-11.28183	0.00500	0.04608
CID_31378	R-HSA-1430728_R-HSA-1428517_R-HSA-163200_R-HSA-611105_R-HSA-6799198_P56181	-11.28052	0.00500	0.04608
CID_31378	R-HSA-1430728_R-HSA-1428517_R-HSA-163200_R-HSA-611105_R-HSA-6799198_P28331	-11.28071	0.00500	0.04608
CID_31378	R-HSA-1430728_R-HSA-1428517_R-HSA-163200_R-HSA-611105_R-HSA-6799198_O95298	-11.28101	0.00500	0.04608
CID_31378	R-HSA-1430728_R-HSA-1428517_R-HSA-163200_R-HSA-611105_R-HSA-6799198_O43677	-11.28086	0.00500	0.04608
CID_31378	R-HSA-1430728_R-HSA-1428517_R-HSA-163200_R-HSA-611105_R-HSA-6799198_O96000	-11.28098	0.00500	0.04608
CID_31378	R-HSA-1430728_R-HSA-1428517_R-HSA-163200_R-HSA-611105_R-HSA-6799198_Q9Y6M9	-11.28111	0.00500	0.04608
CID_31378	R-HSA-1430728_R-HSA-1428517_R-HSA-163200_R-HSA-611105_R-HSA-6799198_O95169	-11.28125	0.00500	0.04608
CID_31378	R-HSA-1430728_R-HSA-1428517_R-HSA-163200_R-HSA-611105_R-HSA-6799198_P17568	-11.28112	0.00500	0.04608
CID_31378	R-HSA-1430728_R-HSA-1428517_R-HSA-163200_R-HSA-611105_R-HSA-6799198_O95139	-11.28118	0.00500	0.04608
CID_31378	R-HSA-1430728_R-HSA-1428517_R-HSA-163200_R-HSA-611105_R-HSA-6799198_O43674	-11.28128	0.00500	0.04608
CID_31378	R-HSA-1430728_R-HSA-1428517_R-HSA-163200_R-HSA-611105_R-HSA-6799198_O95168	-11.28113	0.00500	0.04608
CID_31378	R-HSA-1430728_R-HSA-1428517_R-HSA-163200_R-HSA-611105_R-HSA-6799198_O43676	-11.28072	0.00500	0.04608
CID_31378	R-HSA-1430728_R-HSA-1428517_R-HSA-71406_R-HSA-70268_R-HSA-204174_P11177	-10.85107	0.00500	0.04608
CID_31378	R-HSA-1430728_R-HSA-196854_R-HSA-196849_R-HSA-196807_R-HSA-197264_P40261	-9.53427	0.00500	0.04608
CID_31378	R-HSA-1430728_R-HSA-196854_R-HSA-196849_R-HSA-196807_R-HSA-197264_Q16647	-9.71486	0.00500	0.04608
CID_31378	R-HSA-1430728_R-HSA-71387_R-HSA-70326_R-HSA-70171_R-HSA-9634600_P62714	-9.52395	0.00500	0.04608
CID_31378	R-HSA-74160_R-HSA-73857_R-HSA-212436_R-HSA-8864260_R-HSA-8866910_P10721	-6.54027	0.00500	0.04608
CID_31378	R-HSA-74160_R-HSA-73857_R-HSA-212436_R-HSA-8878159_R-HSA-8941855_P04637	-5.30190	0.00500	0.04608
CID_31378	R-HSA-74160_R-HSA-73857_R-HSA-212436_R-HSA-8878159_R-HSA-8941858_P20618	-4.43701	0.00500	0.04608
CID_31378	R-HSA-74160_R-HSA-73857_R-HSA-212436_R-HSA-8878159_R-HSA-8941858_P49721	-4.64513	0.00500	0.04608
CID_31378	R-HSA-74160_R-HSA-73857_R-HSA-212436_R-HSA-8878159_R-HSA-8941858_P28074	-4.40243	0.00500	0.04608
CID_31378	R-HSA-74160_R-HSA-73857_R-HSA-212436_R-HSA-8878171_R-HSA-8939236_P28062	-6.63350	0.00500	0.04608
CID_31378	R-HSA-74160_R-HSA-73857_R-HSA-212436_R-HSA-8878166_R-HSA-8939902_P03372	-4.55729	0.00500	0.04608
CID_31378	R-HSA-74160_R-HSA-73857_R-HSA-212436_R-HSA-3700989_R-HSA-5633008_R-HSA-6803204_P04637	-10.52779	0.00500	0.04608
CID_3151	R-HSA-162582_R-HSA-372790_R-HSA-388396_R-HSA-418597_P05771	-7.42189	0.00000	0.00000
CID_3151	R-HSA-162582_R-HSA-372790_R-HSA-388396_R-HSA-418597_P17252	-7.49141	0.00000	0.00000
CID_3151	R-HSA-162582_R-HSA-372790_R-HSA-388396_R-HSA-416482_P35348	-7.80543	0.00000	0.00000
CID_3151	R-HSA-162582_R-HSA-372790_R-HSA-500792_R-HSA-373076_R-HSA-375280_R-HSA-390666_P50406	-7.69937	0.00000	0.00000
CID_3151	R-HSA-162582_R-HSA-372790_R-HSA-388396_R-HSA-416476_R-HSA-881907_R-HSA-2179392_P17252	-11.82984	0.00000	0.00000
CID_3151	R-HSA-162582_R-HSA-372790_R-HSA-388396_R-HSA-418594_R-HSA-2187338_R-HSA-2187335_O75911	-14.39139	0.00000	0.00000
CID_3151	R-HSA-162582_R-HSA-372790_R-HSA-388396_R-HSA-418594_R-HSA-2187338_R-HSA-2187335_P12271	-13.81928	0.00000	0.00000
CID_3151	R-HSA-162582_R-HSA-372790_R-HSA-388396_R-HSA-418594_R-HSA-2187338_R-HSA-2187335_P10745	-13.81407	0.00000	0.00000
CID_3151	R-HSA-162582_R-HSA-372790_R-HSA-388396_R-HSA-418594_R-HSA-2187338_R-HSA-2453902_O95237	-12.78587	0.00000	0.00000
CID_3151	R-HSA-162582_R-HSA-372790_R-HSA-388396_R-HSA-418594_R-HSA-2187338_R-HSA-2453902_P12271	-13.05946	0.00000	0.00000
CID_3151	R-HSA-162582_R-HSA-372790_R-HSA-388396_R-HSA-418594_R-HSA-2187338_R-HSA-2453902_Q92781	-13.31842	0.00000	0.00000
CID_3151	R-HSA-162582_R-HSA-372790_R-HSA-388396_R-HSA-418594_R-HSA-2187338_R-HSA-2453902_P02753	-12.85797	0.00000	0.00000
CID_3151	R-HSA-162582_R-HSA-372790_R-HSA-388396_R-HSA-418594_R-HSA-2187338_R-HSA-2453902_P10745	-13.05425	0.00000	0.00000
CID_3151	R-HSA-162582_R-HSA-372790_R-HSA-388396_R-HSA-418594_R-HSA-2187338_R-HSA-2453902_P09455	-12.81501	0.00000	0.00000
CID_3151	R-HSA-162582_R-HSA-372790_R-HSA-388396_R-HSA-418594_R-HSA-2187338_R-HSA-975634_O95237	-12.88681	0.00000	0.00000
CID_3151	R-HSA-162582_R-HSA-372790_R-HSA-388396_R-HSA-418594_R-HSA-2187338_R-HSA-975634_P02753	-12.95890	0.00000	0.00000
CID_3151	R-HSA-162582_R-HSA-372790_R-HSA-388396_R-HSA-418594_R-HSA-2187338_R-HSA-975634_P50120	-13.37834	0.00000	0.00000
CID_3151	R-HSA-162582_R-HSA-372790_R-HSA-388396_R-HSA-418594_R-HSA-2187338_R-HSA-975634_P09455	-12.91594	0.00000	0.00000
CID_3151	R-HSA-162582_R-HSA-372790_R-HSA-388396_R-HSA-418594_R-HSA-111885_R-HSA-202040_P01189	-12.58709	0.00000	0.00000
CID_3151	R-HSA-162582_R-HSA-372790_R-HSA-388396_R-HSA-418594_R-HSA-2187338_R-HSA-2514856_R-HSA-2514859_P50579	-12.92888	0.00000	0.00000
CID_3151	R-HSA-162582_R-HSA-372790_R-HSA-388396_R-HSA-418594_R-HSA-2187338_R-HSA-2514856_R-HSA-2514859_P17252	-12.84233	0.00000	0.00000
CID_3151	R-HSA-162582_R-HSA-372790_R-HSA-388396_R-HSA-418594_R-HSA-2187338_R-HSA-2514856_R-HSA-2514859_P35913	-13.71858	0.00000	0.00000
CID_3151	R-HSA-162582_R-HSA-372790_R-HSA-388396_R-HSA-418594_R-HSA-2187338_R-HSA-2514856_R-HSA-2485179_P35913	-14.68758	0.00000	0.00000
CID_3151	R-HSA-162582_R-HSA-372790_R-HSA-500792_R-HSA-373080_R-HSA-420092_Q02643	-7.90451	0.00500	0.04608
CID_3151	R-HSA-162582_R-HSA-372790_R-HSA-500792_R-HSA-373076_R-HSA-375281_P30968	-7.61452	0.00500	0.04608
CID_3151	R-HSA-162582_R-HSA-372790_R-HSA-388396_R-HSA-397795_R-HSA-392451_O15530	-9.55041	0.00500	0.04608
CID_3151	R-HSA-162582_R-HSA-372790_R-HSA-500792_R-HSA-373076_R-HSA-375276_R-HSA-380108_P10145	-9.44891	0.00500	0.04608
CID_3151	R-HSA-162582_R-HSA-372790_R-HSA-500792_R-HSA-373076_R-HSA-375280_R-HSA-390666_P28566	-9.16530	0.00500	0.04608
CID_3151	R-HSA-162582_R-HSA-372790_R-HSA-500792_R-HSA-373076_R-HSA-391903_R-HSA-391908_P43088	-11.85087	0.00500	0.04608
CID_3151	R-HSA-162582_R-HSA-372790_R-HSA-500792_R-HSA-373076_R-HSA-391903_R-HSA-391908_P43116	-10.47545	0.00500	0.04608
CID_3325	R-HSA-162582_R-HSA-372790_R-HSA-388396_R-HSA-418597_P05771	-7.46901	0.00000	0.00000
CID_3325	R-HSA-162582_R-HSA-372790_R-HSA-388396_R-HSA-418597_P17252	-7.53853	0.00000	0.00000
CID_3325	R-HSA-162582_R-HSA-372790_R-HSA-388396_R-HSA-416476_R-HSA-881907_R-HSA-2179392_P17252	-11.89581	0.00000	0.00000
CID_3325	R-HSA-162582_R-HSA-372790_R-HSA-388396_R-HSA-418594_R-HSA-2187338_R-HSA-2187335_O75911	-14.45736	0.00000	0.00000
CID_3325	R-HSA-162582_R-HSA-372790_R-HSA-388396_R-HSA-418594_R-HSA-2187338_R-HSA-2187335_P12271	-13.88525	0.00000	0.00000
CID_3325	R-HSA-162582_R-HSA-372790_R-HSA-388396_R-HSA-418594_R-HSA-2187338_R-HSA-2187335_P10745	-13.88004	0.00000	0.00000
CID_3325	R-HSA-162582_R-HSA-372790_R-HSA-388396_R-HSA-418594_R-HSA-2187338_R-HSA-2453902_O95237	-12.85167	0.00000	0.00000
CID_3325	R-HSA-162582_R-HSA-372790_R-HSA-388396_R-HSA-418594_R-HSA-2187338_R-HSA-2453902_P12271	-13.12543	0.00000	0.00000
CID_3325	R-HSA-162582_R-HSA-372790_R-HSA-388396_R-HSA-418594_R-HSA-2187338_R-HSA-2453902_P02753	-12.92377	0.00000	0.00000
CID_3325	R-HSA-162582_R-HSA-372790_R-HSA-388396_R-HSA-418594_R-HSA-2187338_R-HSA-2453902_P10745	-13.12022	0.00000	0.00000
CID_3325	R-HSA-162582_R-HSA-372790_R-HSA-388396_R-HSA-418594_R-HSA-2187338_R-HSA-2453902_P09455	-12.88081	0.00000	0.00000
CID_3325	R-HSA-162582_R-HSA-372790_R-HSA-388396_R-HSA-418594_R-HSA-2187338_R-HSA-975634_O95237	-12.95229	0.00000	0.00000
CID_3325	R-HSA-162582_R-HSA-372790_R-HSA-388396_R-HSA-418594_R-HSA-2187338_R-HSA-975634_P09455	-12.98143	0.00000	0.00000
CID_3325	R-HSA-162582_R-HSA-372790_R-HSA-388396_R-HSA-418594_R-HSA-2187338_R-HSA-2514856_R-HSA-2514859_P17252	-12.91772	0.00000	0.00000
CID_3325	R-HSA-162582_R-HSA-372790_R-HSA-388396_R-HSA-416482_P35348	-7.85255	0.00500	0.04608
CID_3325	R-HSA-162582_R-HSA-372790_R-HSA-500792_R-HSA-373076_R-HSA-375281_P30968	-7.67106	0.00500	0.04608
CID_3325	R-HSA-162582_R-HSA-372790_R-HSA-388396_R-HSA-397795_R-HSA-392451_O15530	-9.60696	0.00500	0.04608
CID_3325	R-HSA-162582_R-HSA-372790_R-HSA-500792_R-HSA-373076_R-HSA-375276_R-HSA-380108_P10145	-9.51488	0.00500	0.04608
CID_3325	R-HSA-162582_R-HSA-372790_R-HSA-500792_R-HSA-373076_R-HSA-375280_R-HSA-390666_P50406	-7.76534	0.00500	0.04608
CID_3325	R-HSA-162582_R-HSA-372790_R-HSA-500792_R-HSA-373076_R-HSA-375280_R-HSA-390666_P28566	-9.23127	0.00500	0.04608
CID_3325	R-HSA-162582_R-HSA-372790_R-HSA-500792_R-HSA-373076_R-HSA-391903_R-HSA-391908_P43088	-11.91684	0.00500	0.04608
CID_3325	R-HSA-162582_R-HSA-372790_R-HSA-500792_R-HSA-373076_R-HSA-391903_R-HSA-391908_P43116	-10.54142	0.00500	0.04608
CID_3325	R-HSA-162582_R-HSA-372790_R-HSA-388396_R-HSA-418594_R-HSA-2187338_R-HSA-2453902_Q92781	-13.38439	0.00500	0.04608
CID_3325	R-HSA-162582_R-HSA-372790_R-HSA-388396_R-HSA-418594_R-HSA-2187338_R-HSA-975634_P02753	-13.02439	0.00500	0.04608
CID_3325	R-HSA-162582_R-HSA-372790_R-HSA-388396_R-HSA-418594_R-HSA-2187338_R-HSA-975634_P50120	-13.44366	0.00500	0.04608
CID_3325	R-HSA-162582_R-HSA-372790_R-HSA-388396_R-HSA-418594_R-HSA-111885_R-HSA-202040_P01189	-12.65306	0.00500	0.04608
CID_3325	R-HSA-162582_R-HSA-372790_R-HSA-388396_R-HSA-418594_R-HSA-2187338_R-HSA-2514856_R-HSA-2514859_P50579	-13.00427	0.00500	0.04608
CID_3325	R-HSA-162582_R-HSA-372790_R-HSA-388396_R-HSA-418594_R-HSA-2187338_R-HSA-2514856_R-HSA-2514859_P35913	-13.79397	0.00500	0.04608
CID_3325	R-HSA-162582_R-HSA-372790_R-HSA-388396_R-HSA-418594_R-HSA-2187338_R-HSA-2514856_R-HSA-2485179_P35913	-14.76298	0.00500	0.04608
CID_3333	R-HSA-1430728_R-HSA-163685_R-HSA-163767_P62714	-3.71153	0.00000	0.00000
CID_3333	R-HSA-1430728_R-HSA-71291_R-HSA-389661_P11177	-5.71838	0.00000	0.00000
CID_3333	R-HSA-1430728_R-HSA-71291_R-HSA-70921_P50135	-5.26538	0.00000	0.00000
CID_3333	R-HSA-1430728_R-HSA-71291_R-HSA-71064_Q02218	-4.61227	0.00000	0.00000
CID_3333	R-HSA-1430728_R-HSA-163685_R-HSA-422356_R-HSA-400042_Q01668	0.18628	0.00000	0.00000
CID_3333	R-HSA-1430728_R-HSA-163685_R-HSA-422356_R-HSA-400042_Q13936	0.07723	0.00000	0.00000
CID_3333	R-HSA-1430728_R-HSA-163685_R-HSA-422356_R-HSA-400042_Q9NY47	0.29752	0.00000	0.00000
CID_3333	R-HSA-1430728_R-HSA-163685_R-HSA-422356_R-HSA-400042_Q08289	-0.24892	0.00000	0.00000
CID_3333	R-HSA-1430728_R-HSA-163685_R-HSA-422356_R-HSA-381676_Q9BQ31	-1.35752	0.00000	0.00000
CID_3333	R-HSA-1430728_R-HSA-71291_R-HSA-2408522_R-HSA-2408508_P50135	-7.15351	0.00000	0.00000
CID_3333	R-HSA-1430728_R-HSA-71291_R-HSA-351202_R-HSA-350562_P20618	-5.66605	0.00000	0.00000
CID_3333	R-HSA-1430728_R-HSA-71291_R-HSA-351202_R-HSA-350562_P49721	-5.82205	0.00000	0.00000
CID_3333	R-HSA-1430728_R-HSA-71291_R-HSA-351202_R-HSA-350562_P28074	-5.63919	0.00000	0.00000
CID_3333	R-HSA-1430728_R-HSA-71291_R-HSA-351202_R-HSA-350562_P28062	-5.97171	0.00000	0.00000
CID_3333	R-HSA-1430728_R-HSA-71291_R-HSA-351202_R-HSA-350562_P25786	-6.14870	0.00000	0.00000
CID_3333	R-HSA-1430728_R-HSA-71291_R-HSA-351202_R-HSA-350562_Q99460	-6.11894	0.00000	0.00000
CID_3333	R-HSA-1430728_R-HSA-71291_R-HSA-351202_R-HSA-350562_Q13200	-6.17071	0.00000	0.00000
CID_3333	R-HSA-1430728_R-HSA-71387_R-HSA-8982491_R-HSA-70221_P06737	-6.51144	0.00000	0.00000
CID_3333	R-HSA-1430728_R-HSA-1428517_R-HSA-71406_R-HSA-70268_R-HSA-204174_P19793	-8.70634	0.00000	0.00000
CID_3333	R-HSA-1430728_R-HSA-1428517_R-HSA-71406_R-HSA-70268_R-HSA-204174_P11177	-9.87856	0.00000	0.00000
CID_3333	R-HSA-1430728_R-HSA-202131_R-HSA-203615_P29474	-5.35292	0.00500	0.04608
CID_3333	R-HSA-1430728_R-HSA-163685_R-HSA-163680_O43741	-4.79166	0.00500	0.04608
CID_3333	R-HSA-1430728_R-HSA-163685_R-HSA-163765_P30613	-3.13337	0.00500	0.04608
CID_3333	R-HSA-1430728_R-HSA-71291_R-HSA-389661_Q02218	-4.65397	0.00500	0.04608
CID_3333	R-HSA-1430728_R-HSA-71291_R-HSA-389661_O14561	-5.63539	0.00500	0.04608
CID_3333	R-HSA-1430728_R-HSA-71291_R-HSA-70895_P54687	-4.86089	0.00500	0.04608
CID_3333	R-HSA-1430728_R-HSA-71291_R-HSA-71288_P48066	-4.89690	0.00500	0.04608
CID_3333	R-HSA-1430728_R-HSA-71291_R-HSA-209776_R-HSA-209931_P17752	-6.04900	0.00500	0.04608
CID_3333	R-HSA-1430728_R-HSA-71291_R-HSA-2408522_R-HSA-2408557_P39023	-5.82270	0.00500	0.04608
CID_3333	R-HSA-1430728_R-HSA-71291_R-HSA-2408522_R-HSA-2408508_P40261	-6.98997	0.00500	0.04608
CID_3333	R-HSA-1430728_R-HSA-1428517_R-HSA-163200_R-HSA-163210_P30049	-6.84807	0.00500	0.04608
CID_3333	R-HSA-1430728_R-HSA-1428517_R-HSA-71406_R-HSA-71403_Q02218	-6.66051	0.00500	0.04608
CID_3333	R-HSA-1430728_R-HSA-196854_R-HSA-6806667_R-HSA-975634_O95237	-5.28632	0.00500	0.04608
CID_3333	R-HSA-1430728_R-HSA-196854_R-HSA-6806667_R-HSA-975634_P02753	-5.40342	0.00500	0.04608
CID_3333	R-HSA-1430728_R-HSA-196854_R-HSA-6806667_R-HSA-975634_P50120	-5.63973	0.00500	0.04608
CID_3333	R-HSA-1430728_R-HSA-196854_R-HSA-6806667_R-HSA-975634_P09455	-5.30463	0.00500	0.04608
CID_3333	R-HSA-1430728_R-HSA-1428517_R-HSA-163200_R-HSA-611105_R-HSA-6799198_P19404	-10.35955	0.00500	0.04608
CID_3333	R-HSA-1430728_R-HSA-1428517_R-HSA-163200_R-HSA-611105_R-HSA-6799198_Q16795	-10.35885	0.00500	0.04608
CID_3333	R-HSA-1430728_R-HSA-1428517_R-HSA-163200_R-HSA-611105_R-HSA-6799198_P51970	-10.36029	0.00500	0.04608
CID_3333	R-HSA-1430728_R-HSA-1428517_R-HSA-163200_R-HSA-611105_R-HSA-6799198_O95182	-10.36039	0.00500	0.04608
CID_3333	R-HSA-1430728_R-HSA-1428517_R-HSA-163200_R-HSA-611105_R-HSA-6799198_P56556	-10.35916	0.00500	0.04608
CID_3333	R-HSA-1430728_R-HSA-1428517_R-HSA-163200_R-HSA-611105_R-HSA-6799198_Q16718	-10.35934	0.00500	0.04608
CID_3333	R-HSA-1430728_R-HSA-1428517_R-HSA-163200_R-HSA-611105_R-HSA-6799198_O95167	-10.35915	0.00500	0.04608
CID_3333	R-HSA-1430728_R-HSA-1428517_R-HSA-163200_R-HSA-611105_R-HSA-6799198_O43678	-10.35891	0.00500	0.04608
CID_3333	R-HSA-1430728_R-HSA-1428517_R-HSA-163200_R-HSA-611105_R-HSA-6799198_O15239	-10.35948	0.00500	0.04608
CID_3333	R-HSA-1430728_R-HSA-1428517_R-HSA-163200_R-HSA-611105_R-HSA-6799198_O95299	-10.35911	0.00500	0.04608
CID_3333	R-HSA-1430728_R-HSA-1428517_R-HSA-163200_R-HSA-611105_R-HSA-6799198_O14561	-9.52814	0.00500	0.04608
CID_3333	R-HSA-1430728_R-HSA-1428517_R-HSA-163200_R-HSA-611105_R-HSA-6799198_O75438	-10.36002	0.00500	0.04608
CID_3333	R-HSA-1430728_R-HSA-1428517_R-HSA-163200_R-HSA-611105_R-HSA-6799198_O95178	-10.35981	0.00500	0.04608
CID_3333	R-HSA-1430728_R-HSA-1428517_R-HSA-163200_R-HSA-611105_R-HSA-6799198_O00217	-10.35926	0.00500	0.04608
CID_3333	R-HSA-1430728_R-HSA-1428517_R-HSA-163200_R-HSA-611105_R-HSA-6799198_O75380	-10.35981	0.00500	0.04608
CID_3333	R-HSA-1430728_R-HSA-1428517_R-HSA-163200_R-HSA-611105_R-HSA-6799198_O43920	-10.35951	0.00500	0.04608
CID_3333	R-HSA-1430728_R-HSA-1428517_R-HSA-163200_R-HSA-611105_R-HSA-6799198_O43181	-10.35886	0.00500	0.04608
CID_3333	R-HSA-1430728_R-HSA-1428517_R-HSA-163200_R-HSA-611105_R-HSA-6799198_P49821	-10.35887	0.00500	0.04608
CID_3333	R-HSA-1430728_R-HSA-1428517_R-HSA-163200_R-HSA-611105_R-HSA-6799198_O75489	-10.35935	0.00500	0.04608
CID_3333	R-HSA-1430728_R-HSA-1428517_R-HSA-163200_R-HSA-611105_R-HSA-6799198_O75306	-10.36013	0.00500	0.04608
CID_3333	R-HSA-1430728_R-HSA-1428517_R-HSA-163200_R-HSA-611105_R-HSA-6799198_P56181	-10.35880	0.00500	0.04608
CID_3333	R-HSA-1430728_R-HSA-1428517_R-HSA-163200_R-HSA-611105_R-HSA-6799198_P28331	-10.35899	0.00500	0.04608
CID_3333	R-HSA-1430728_R-HSA-1428517_R-HSA-163200_R-HSA-611105_R-HSA-6799198_O95298	-10.35929	0.00500	0.04608
CID_3333	R-HSA-1430728_R-HSA-1428517_R-HSA-163200_R-HSA-611105_R-HSA-6799198_O43677	-10.35914	0.00500	0.04608
CID_3333	R-HSA-1430728_R-HSA-1428517_R-HSA-163200_R-HSA-611105_R-HSA-6799198_O96000	-10.35926	0.00500	0.04608
CID_3333	R-HSA-1430728_R-HSA-1428517_R-HSA-163200_R-HSA-611105_R-HSA-6799198_Q9Y6M9	-10.35939	0.00500	0.04608
CID_3333	R-HSA-1430728_R-HSA-1428517_R-HSA-163200_R-HSA-611105_R-HSA-6799198_O95169	-10.35953	0.00500	0.04608
CID_3333	R-HSA-1430728_R-HSA-1428517_R-HSA-163200_R-HSA-611105_R-HSA-6799198_P17568	-10.35939	0.00500	0.04608
CID_3333	R-HSA-1430728_R-HSA-1428517_R-HSA-163200_R-HSA-611105_R-HSA-6799198_O95139	-10.35947	0.00500	0.04608
CID_3333	R-HSA-1430728_R-HSA-1428517_R-HSA-163200_R-HSA-611105_R-HSA-6799198_O43674	-10.35955	0.00500	0.04608
CID_3333	R-HSA-1430728_R-HSA-1428517_R-HSA-163200_R-HSA-611105_R-HSA-6799198_O95168	-10.35941	0.00500	0.04608
CID_3333	R-HSA-1430728_R-HSA-1428517_R-HSA-163200_R-HSA-611105_R-HSA-6799198_O43676	-10.35900	0.00500	0.04608
CID_3333	R-HSA-1430728_R-HSA-71387_R-HSA-70326_R-HSA-70171_R-HSA-9634600_P62714	-8.62665	0.00500	0.04608
CID_3372	R-HSA-1430728_R-HSA-1483249_R-HSA-1855204_P0DP23	-4.15060	0.00000	0.00000
CID_3372	R-HSA-1430728_R-HSA-202131_R-HSA-203615_P0DP23	-3.38726	0.00000	0.00000
CID_3372	R-HSA-1430728_R-HSA-163685_R-HSA-163767_P62714	-4.94540	0.00000	0.00000
CID_3372	R-HSA-1430728_R-HSA-71291_R-HSA-389661_P11177	-6.09250	0.00000	0.00000
CID_3372	R-HSA-1430728_R-HSA-71291_R-HSA-71064_Q02218	-5.01290	0.00000	0.00000
CID_3372	R-HSA-1430728_R-HSA-163685_R-HSA-422356_R-HSA-400042_Q01668	-3.67066	0.00000	0.00000
CID_3372	R-HSA-1430728_R-HSA-163685_R-HSA-422356_R-HSA-400042_Q13936	-3.81755	0.00000	0.00000
CID_3372	R-HSA-1430728_R-HSA-163685_R-HSA-422356_R-HSA-400042_Q9NY47	-3.58843	0.00000	0.00000
CID_3372	R-HSA-1430728_R-HSA-163685_R-HSA-422356_R-HSA-400042_Q08289	-4.11249	0.00000	0.00000
CID_3372	R-HSA-1430728_R-HSA-71291_R-HSA-351202_R-HSA-350562_P20618	-5.63644	0.00000	0.00000
CID_3372	R-HSA-1430728_R-HSA-71291_R-HSA-351202_R-HSA-350562_P49721	-5.86548	0.00000	0.00000
CID_3372	R-HSA-1430728_R-HSA-71291_R-HSA-351202_R-HSA-350562_P28074	-5.60048	0.00000	0.00000
CID_3372	R-HSA-1430728_R-HSA-71291_R-HSA-351202_R-HSA-350562_P28062	-6.09956	0.00000	0.00000
CID_3372	R-HSA-1430728_R-HSA-71291_R-HSA-351202_R-HSA-350562_P25786	-6.14689	0.00000	0.00000
CID_3372	R-HSA-1430728_R-HSA-71291_R-HSA-351202_R-HSA-350562_Q99460	-6.10485	0.00000	0.00000
CID_3372	R-HSA-1430728_R-HSA-71291_R-HSA-351202_R-HSA-350562_Q13200	-6.17924	0.00000	0.00000
CID_3372	R-HSA-1430728_R-HSA-196854_R-HSA-6806667_R-HSA-975634_P02753	-8.47919	0.00000	0.00000
CID_3372	R-HSA-1430728_R-HSA-196854_R-HSA-6806667_R-HSA-975634_P09455	-8.43062	0.00000	0.00000
CID_3372	R-HSA-1430728_R-HSA-196854_R-HSA-8978934_R-HSA-1474151_P0DP23	-6.73901	0.00000	0.00000
CID_3372	R-HSA-1430728_R-HSA-71387_R-HSA-8982491_R-HSA-70221_P06737	-6.71133	0.00000	0.00000
CID_3372	R-HSA-1430728_R-HSA-1428517_R-HSA-163200_R-HSA-611105_R-HSA-6799198_P51970	-10.67490	0.00000	0.00000
CID_3372	R-HSA-1430728_R-HSA-1428517_R-HSA-163200_R-HSA-611105_R-HSA-6799198_P17568	-10.67401	0.00000	0.00000
CID_3372	R-HSA-1430728_R-HSA-1428517_R-HSA-71406_R-HSA-70268_R-HSA-204174_P19793	-8.90368	0.00000	0.00000
CID_3372	R-HSA-1430728_R-HSA-1428517_R-HSA-71406_R-HSA-70268_R-HSA-204174_P11177	-10.23820	0.00000	0.00000
CID_3372	R-HSA-1430728_R-HSA-196854_R-HSA-196849_R-HSA-196807_R-HSA-197264_Q16647	-9.12739	0.00000	0.00000
CID_3372	R-HSA-1430728_R-HSA-71387_R-HSA-70326_R-HSA-70171_R-HSA-9634600_P67775	-9.27186	0.00000	0.00000
CID_3372	R-HSA-74160_R-HSA-73857_R-HSA-212436_R-HSA-8878159_R-HSA-8941858_P20618	-5.22502	0.00000	0.00000
CID_3372	R-HSA-74160_R-HSA-73857_R-HSA-212436_R-HSA-8878159_R-HSA-8941858_P49721	-5.45407	0.00000	0.00000
CID_3372	R-HSA-74160_R-HSA-73857_R-HSA-212436_R-HSA-8878159_R-HSA-8941858_P28074	-5.18907	0.00000	0.00000
CID_3372	R-HSA-74160_R-HSA-73857_R-HSA-212436_R-HSA-8878159_R-HSA-8941858_P28062	-5.68815	0.00000	0.00000
CID_3372	R-HSA-74160_R-HSA-73857_R-HSA-212436_R-HSA-8878159_R-HSA-8941858_P25786	-5.73548	0.00000	0.00000
CID_3372	R-HSA-74160_R-HSA-73857_R-HSA-212436_R-HSA-8878159_R-HSA-8941858_Q99460	-5.69343	0.00000	0.00000
CID_3372	R-HSA-74160_R-HSA-73857_R-HSA-212436_R-HSA-8878159_R-HSA-8941858_Q13200	-5.76783	0.00000	0.00000
CID_3372	R-HSA-74160_R-HSA-73857_R-HSA-212436_R-HSA-8986944_R-HSA-9022692_P0DP23	-3.11385	0.00000	0.00000
CID_3372	R-HSA-74160_R-HSA-73857_R-HSA-212436_R-HSA-8986944_R-HSA-9022702_P61278	-6.54565	0.00000	0.00000
CID_3372	R-HSA-74160_R-HSA-73857_R-HSA-212436_R-HSA-3700989_R-HSA-5633008_R-HSA-6803204_P04637	-10.32118	0.00000	0.00000
CID_3372	R-HSA-74160_R-HSA-73857_R-HSA-212436_R-HSA-3700989_R-HSA-5633008_R-HSA-6803207_P04637	-9.77225	0.00000	0.00000
CID_3372	R-HSA-74160_R-HSA-73857_R-HSA-212436_R-HSA-3700989_R-HSA-5633008_R-HSA-6803211_P04637	-10.06192	0.00000	0.00000
CID_3372	R-HSA-1430728_R-HSA-163685_R-HSA-163765_P30613	-3.87043	0.00500	0.04608
CID_3372	R-HSA-1430728_R-HSA-163685_R-HSA-163767_P67775	-5.31760	0.00500	0.04608
CID_3372	R-HSA-1430728_R-HSA-71291_R-HSA-389661_Q02218	-5.05413	0.00500	0.04608
CID_3372	R-HSA-1430728_R-HSA-71291_R-HSA-389661_O14561	-6.01265	0.00500	0.04608
CID_3372	R-HSA-1430728_R-HSA-71291_R-HSA-70895_P54687	-5.23971	0.00500	0.04608
CID_3372	R-HSA-1430728_R-HSA-71291_R-HSA-71288_P48066	-5.25985	0.00500	0.04608
CID_3372	R-HSA-1430728_R-HSA-71291_R-HSA-70921_P50135	-5.64455	0.00500	0.04608
CID_3372	R-HSA-1430728_R-HSA-15869_R-HSA-8956319_R-HSA-73621_P19971	-6.57793	0.00500	0.04608
CID_3372	R-HSA-1430728_R-HSA-15869_R-HSA-8956319_R-HSA-73621_Q16831	-6.83415	0.00500	0.04608
CID_3372	R-HSA-1430728_R-HSA-15869_R-HSA-8956321_R-HSA-73614_P19971	-6.91649	0.00500	0.04608
CID_3372	R-HSA-1430728_R-HSA-15869_R-HSA-8956321_R-HSA-73614_Q16831	-7.17271	0.00500	0.04608
CID_3372	R-HSA-1430728_R-HSA-163685_R-HSA-422356_R-HSA-381676_Q9BQ31	-2.61885	0.00500	0.04608
CID_3372	R-HSA-1430728_R-HSA-71291_R-HSA-209776_R-HSA-209931_P17752	-6.31163	0.00500	0.04608
CID_3372	R-HSA-1430728_R-HSA-71291_R-HSA-2408522_R-HSA-2408557_P39023	-6.10896	0.00500	0.04608
CID_3372	R-HSA-1430728_R-HSA-71291_R-HSA-2408522_R-HSA-2408508_P50135	-7.43884	0.00500	0.04608
CID_3372	R-HSA-1430728_R-HSA-71291_R-HSA-2408522_R-HSA-2408508_P40261	-7.28970	0.00500	0.04608
CID_3372	R-HSA-1430728_R-HSA-1428517_R-HSA-163200_R-HSA-163210_P30049	-7.27140	0.00500	0.04608
CID_3372	R-HSA-1430728_R-HSA-1428517_R-HSA-71406_R-HSA-71403_Q02218	-7.11260	0.00500	0.04608
CID_3372	R-HSA-1430728_R-HSA-196854_R-HSA-6806667_R-HSA-975634_O95237	-8.38297	0.00500	0.04608
CID_3372	R-HSA-1430728_R-HSA-196854_R-HSA-6806667_R-HSA-975634_P50120	-8.60573	0.00500	0.04608
CID_3372	R-HSA-1430728_R-HSA-196854_R-HSA-8978934_R-HSA-1474151_P29474	-8.60781	0.00500	0.04608
CID_3372	R-HSA-1430728_R-HSA-196854_R-HSA-196849_R-HSA-196741_P33527	-8.64363	0.00500	0.04608
CID_3372	R-HSA-1430728_R-HSA-196854_R-HSA-196849_R-HSA-196741_O60494	-9.63252	0.00500	0.04608
CID_3372	R-HSA-1430728_R-HSA-196854_R-HSA-196849_R-HSA-196780_P11498	-7.48725	0.00500	0.04608
CID_3372	R-HSA-1430728_R-HSA-196854_R-HSA-196849_R-HSA-196780_Q9Y289	-9.87975	0.00500	0.04608
CID_3372	R-HSA-1430728_R-HSA-196854_R-HSA-196849_R-HSA-196757_Q96NT5	-8.35759	0.00500	0.04608
CID_3372	R-HSA-1430728_R-HSA-196854_R-HSA-196849_R-HSA-196757_P41440	-8.44170	0.00500	0.04608
CID_3372	R-HSA-1430728_R-HSA-196854_R-HSA-196849_R-HSA-196836_P78417	-7.61721	0.00500	0.04608
CID_3372	R-HSA-1430728_R-HSA-196854_R-HSA-196849_R-HSA-196836_Q9UHI7	-7.42473	0.00500	0.04608
CID_3372	R-HSA-74160_R-HSA-73857_R-HSA-212436_R-HSA-383280_P51843	-5.12152	0.00500	0.04608
CID_3372	R-HSA-1430728_R-HSA-1428517_R-HSA-163200_R-HSA-611105_R-HSA-6799198_P19404	-10.67417	0.00500	0.04608
CID_3372	R-HSA-1430728_R-HSA-1428517_R-HSA-163200_R-HSA-611105_R-HSA-6799198_Q16795	-10.67347	0.00500	0.04608
CID_3372	R-HSA-1430728_R-HSA-1428517_R-HSA-163200_R-HSA-611105_R-HSA-6799198_O95182	-10.67498	0.00500	0.04608
CID_3372	R-HSA-1430728_R-HSA-1428517_R-HSA-163200_R-HSA-611105_R-HSA-6799198_P56556	-10.67378	0.00500	0.04608
CID_3372	R-HSA-1430728_R-HSA-1428517_R-HSA-163200_R-HSA-611105_R-HSA-6799198_Q16718	-10.67395	0.00500	0.04608
CID_3372	R-HSA-1430728_R-HSA-1428517_R-HSA-163200_R-HSA-611105_R-HSA-6799198_O95167	-10.67377	0.00500	0.04608
CID_3372	R-HSA-1430728_R-HSA-1428517_R-HSA-163200_R-HSA-611105_R-HSA-6799198_O43678	-10.67353	0.00500	0.04608
CID_3372	R-HSA-1430728_R-HSA-1428517_R-HSA-163200_R-HSA-611105_R-HSA-6799198_O15239	-10.67409	0.00500	0.04608
CID_3372	R-HSA-1430728_R-HSA-1428517_R-HSA-163200_R-HSA-611105_R-HSA-6799198_O95299	-10.67373	0.00500	0.04608
CID_3372	R-HSA-1430728_R-HSA-1428517_R-HSA-163200_R-HSA-611105_R-HSA-6799198_O14561	-9.82445	0.00500	0.04608
CID_3372	R-HSA-1430728_R-HSA-1428517_R-HSA-163200_R-HSA-611105_R-HSA-6799198_O75438	-10.67462	0.00500	0.04608
CID_3372	R-HSA-1430728_R-HSA-1428517_R-HSA-163200_R-HSA-611105_R-HSA-6799198_O95178	-10.67442	0.00500	0.04608
CID_3372	R-HSA-1430728_R-HSA-1428517_R-HSA-163200_R-HSA-611105_R-HSA-6799198_O00217	-10.67388	0.00500	0.04608
CID_3372	R-HSA-1430728_R-HSA-1428517_R-HSA-163200_R-HSA-611105_R-HSA-6799198_O75380	-10.67442	0.00500	0.04608
CID_3372	R-HSA-1430728_R-HSA-1428517_R-HSA-163200_R-HSA-611105_R-HSA-6799198_O43920	-10.67413	0.00500	0.04608
CID_3372	R-HSA-1430728_R-HSA-1428517_R-HSA-163200_R-HSA-611105_R-HSA-6799198_O43181	-10.67348	0.00500	0.04608
CID_3372	R-HSA-1430728_R-HSA-1428517_R-HSA-163200_R-HSA-611105_R-HSA-6799198_P49821	-10.67349	0.00500	0.04608
CID_3372	R-HSA-1430728_R-HSA-1428517_R-HSA-163200_R-HSA-611105_R-HSA-6799198_O75489	-10.67397	0.00500	0.04608
CID_3372	R-HSA-1430728_R-HSA-1428517_R-HSA-163200_R-HSA-611105_R-HSA-6799198_O75306	-10.67473	0.00500	0.04608
CID_3372	R-HSA-1430728_R-HSA-1428517_R-HSA-163200_R-HSA-611105_R-HSA-6799198_P56181	-10.67342	0.00500	0.04608
CID_3372	R-HSA-1430728_R-HSA-1428517_R-HSA-163200_R-HSA-611105_R-HSA-6799198_P28331	-10.67361	0.00500	0.04608
CID_3372	R-HSA-1430728_R-HSA-1428517_R-HSA-163200_R-HSA-611105_R-HSA-6799198_O95298	-10.67391	0.00500	0.04608
CID_3372	R-HSA-1430728_R-HSA-1428517_R-HSA-163200_R-HSA-611105_R-HSA-6799198_O43677	-10.67376	0.00500	0.04608
CID_3372	R-HSA-1430728_R-HSA-1428517_R-HSA-163200_R-HSA-611105_R-HSA-6799198_O96000	-10.67388	0.00500	0.04608
CID_3372	R-HSA-1430728_R-HSA-1428517_R-HSA-163200_R-HSA-611105_R-HSA-6799198_Q9Y6M9	-10.67401	0.00500	0.04608
CID_3372	R-HSA-1430728_R-HSA-1428517_R-HSA-163200_R-HSA-611105_R-HSA-6799198_O95169	-10.67415	0.00500	0.04608
CID_3372	R-HSA-1430728_R-HSA-1428517_R-HSA-163200_R-HSA-611105_R-HSA-6799198_O95139	-10.67408	0.00500	0.04608
CID_3372	R-HSA-1430728_R-HSA-1428517_R-HSA-163200_R-HSA-611105_R-HSA-6799198_O43674	-10.67417	0.00500	0.04608
CID_3372	R-HSA-1430728_R-HSA-1428517_R-HSA-163200_R-HSA-611105_R-HSA-6799198_O95168	-10.67403	0.00500	0.04608
CID_3372	R-HSA-1430728_R-HSA-1428517_R-HSA-163200_R-HSA-611105_R-HSA-6799198_O43676	-10.67362	0.00500	0.04608
CID_3372	R-HSA-1430728_R-HSA-71387_R-HSA-70326_R-HSA-70171_R-HSA-9634600_P62714	-8.89966	0.00500	0.04608
CID_3372	R-HSA-74160_R-HSA-73857_R-HSA-212436_R-HSA-8878159_R-HSA-8941855_P04637	-6.17623	0.00500	0.04608
CID_3372	R-HSA-74160_R-HSA-73857_R-HSA-212436_R-HSA-8878159_R-HSA-8941858_P12931	-5.85629	0.00500	0.04608
CID_3385	R-HSA-162582_R-HSA-372790_R-HSA-388396_R-HSA-418597_P05771	-7.86353	0.00000	0.00000
CID_3385	R-HSA-162582_R-HSA-372790_R-HSA-388396_R-HSA-416476_R-HSA-881907_R-HSA-2179392_P17252	-12.44815	0.00000	0.00000
CID_3385	R-HSA-162582_R-HSA-372790_R-HSA-388396_R-HSA-418594_R-HSA-2187338_R-HSA-2187335_P12271	-14.43758	0.00000	0.00000
CID_3385	R-HSA-162582_R-HSA-372790_R-HSA-388396_R-HSA-418594_R-HSA-2187338_R-HSA-2187335_P10745	-14.43237	0.00000	0.00000
CID_3385	R-HSA-162582_R-HSA-372790_R-HSA-388396_R-HSA-418594_R-HSA-2187338_R-HSA-2453902_O95237	-13.40207	0.00000	0.00000
CID_3385	R-HSA-162582_R-HSA-372790_R-HSA-388396_R-HSA-418594_R-HSA-2187338_R-HSA-2453902_P12271	-13.67776	0.00000	0.00000
CID_3385	R-HSA-162582_R-HSA-372790_R-HSA-388396_R-HSA-418594_R-HSA-2187338_R-HSA-2453902_P10745	-13.67255	0.00000	0.00000
CID_3385	R-HSA-162582_R-HSA-372790_R-HSA-388396_R-HSA-418594_R-HSA-2187338_R-HSA-2453902_P09455	-13.43131	0.00000	0.00000
CID_3385	R-HSA-162582_R-HSA-372790_R-HSA-388396_R-HSA-418594_R-HSA-2187338_R-HSA-975634_O95237	-13.49923	0.00000	0.00000
CID_3385	R-HSA-162582_R-HSA-372790_R-HSA-388396_R-HSA-418597_P17252	-7.93305	0.00500	0.04608
CID_3385	R-HSA-162582_R-HSA-372790_R-HSA-500792_R-HSA-373076_R-HSA-375281_P30968	-8.14449	0.00500	0.04608
CID_3385	R-HSA-162582_R-HSA-372790_R-HSA-388396_R-HSA-397795_R-HSA-392451_O15530	-10.08039	0.00500	0.04608
CID_3385	R-HSA-162582_R-HSA-372790_R-HSA-500792_R-HSA-373076_R-HSA-375276_R-HSA-380108_P10145	-10.06721	0.00500	0.04608
CID_3385	R-HSA-162582_R-HSA-372790_R-HSA-500792_R-HSA-373076_R-HSA-375280_R-HSA-390666_P50406	-8.31768	0.00500	0.04608
CID_3385	R-HSA-162582_R-HSA-372790_R-HSA-500792_R-HSA-373076_R-HSA-391903_R-HSA-391908_P43088	-12.46918	0.00500	0.04608
CID_3385	R-HSA-162582_R-HSA-372790_R-HSA-500792_R-HSA-373076_R-HSA-391903_R-HSA-391908_P43116	-11.09376	0.00500	0.04608
CID_3385	R-HSA-162582_R-HSA-372790_R-HSA-388396_R-HSA-418594_R-HSA-2187338_R-HSA-2187335_O75911	-15.00969	0.00500	0.04608
CID_3385	R-HSA-162582_R-HSA-372790_R-HSA-388396_R-HSA-418594_R-HSA-2187338_R-HSA-2453902_P02753	-13.47427	0.00500	0.04608
CID_3385	R-HSA-162582_R-HSA-372790_R-HSA-388396_R-HSA-418594_R-HSA-2187338_R-HSA-975634_P02753	-13.57143	0.00500	0.04608
CID_3385	R-HSA-162582_R-HSA-372790_R-HSA-388396_R-HSA-418594_R-HSA-2187338_R-HSA-975634_P50120	-13.98883	0.00500	0.04608
CID_3385	R-HSA-162582_R-HSA-372790_R-HSA-388396_R-HSA-418594_R-HSA-2187338_R-HSA-975634_P09455	-13.52847	0.00500	0.04608
CID_3385	R-HSA-162582_R-HSA-372790_R-HSA-388396_R-HSA-418594_R-HSA-111885_R-HSA-202040_P01189	-13.20540	0.00500	0.04608
CID_3385	R-HSA-162582_R-HSA-372790_R-HSA-388396_R-HSA-418594_R-HSA-2187338_R-HSA-2514856_R-HSA-2514859_P50579	-13.63551	0.00500	0.04608
CID_3385	R-HSA-162582_R-HSA-372790_R-HSA-388396_R-HSA-418594_R-HSA-2187338_R-HSA-2514856_R-HSA-2514859_P17252	-13.54896	0.00500	0.04608
CID_3385	R-HSA-162582_R-HSA-372790_R-HSA-388396_R-HSA-418594_R-HSA-2187338_R-HSA-2514856_R-HSA-2514859_P35913	-14.42521	0.00500	0.04608
CID_3385	R-HSA-162582_R-HSA-372790_R-HSA-388396_R-HSA-418594_R-HSA-2187338_R-HSA-2514856_R-HSA-2485179_P35913	-15.39422	0.00500	0.04608
CID_3386	R-HSA-162582_R-HSA-372790_R-HSA-388396_R-HSA-418597_P05771	-7.42189	0.00000	0.00000
CID_3386	R-HSA-162582_R-HSA-372790_R-HSA-388396_R-HSA-418597_P17252	-7.49141	0.00000	0.00000
CID_3386	R-HSA-162582_R-HSA-372790_R-HSA-388396_R-HSA-416482_P35348	-7.80543	0.00000	0.00000
CID_3386	R-HSA-162582_R-HSA-372790_R-HSA-500792_R-HSA-373076_R-HSA-375280_R-HSA-390666_P50406	-7.69937	0.00000	0.00000
CID_3386	R-HSA-162582_R-HSA-372790_R-HSA-388396_R-HSA-416476_R-HSA-881907_R-HSA-2179392_P17252	-11.82984	0.00000	0.00000
CID_3386	R-HSA-162582_R-HSA-372790_R-HSA-388396_R-HSA-418594_R-HSA-2187338_R-HSA-2187335_O75911	-14.39139	0.00000	0.00000
CID_3386	R-HSA-162582_R-HSA-372790_R-HSA-388396_R-HSA-418594_R-HSA-2187338_R-HSA-2187335_P12271	-13.81928	0.00000	0.00000
CID_3386	R-HSA-162582_R-HSA-372790_R-HSA-388396_R-HSA-418594_R-HSA-2187338_R-HSA-2187335_P10745	-13.81407	0.00000	0.00000
CID_3386	R-HSA-162582_R-HSA-372790_R-HSA-388396_R-HSA-418594_R-HSA-2187338_R-HSA-2453902_O95237	-12.78587	0.00000	0.00000
CID_3386	R-HSA-162582_R-HSA-372790_R-HSA-388396_R-HSA-418594_R-HSA-2187338_R-HSA-2453902_P12271	-13.05946	0.00000	0.00000
CID_3386	R-HSA-162582_R-HSA-372790_R-HSA-388396_R-HSA-418594_R-HSA-2187338_R-HSA-2453902_Q92781	-13.31842	0.00000	0.00000
CID_3386	R-HSA-162582_R-HSA-372790_R-HSA-388396_R-HSA-418594_R-HSA-2187338_R-HSA-2453902_P02753	-12.85797	0.00000	0.00000
CID_3386	R-HSA-162582_R-HSA-372790_R-HSA-388396_R-HSA-418594_R-HSA-2187338_R-HSA-2453902_P10745	-13.05425	0.00000	0.00000
CID_3386	R-HSA-162582_R-HSA-372790_R-HSA-388396_R-HSA-418594_R-HSA-2187338_R-HSA-2453902_P09455	-12.81501	0.00000	0.00000
CID_3386	R-HSA-162582_R-HSA-372790_R-HSA-388396_R-HSA-418594_R-HSA-2187338_R-HSA-975634_O95237	-12.88681	0.00000	0.00000
CID_3386	R-HSA-162582_R-HSA-372790_R-HSA-388396_R-HSA-418594_R-HSA-2187338_R-HSA-975634_P02753	-12.95890	0.00000	0.00000
CID_3386	R-HSA-162582_R-HSA-372790_R-HSA-388396_R-HSA-418594_R-HSA-2187338_R-HSA-975634_P50120	-13.37834	0.00000	0.00000
CID_3386	R-HSA-162582_R-HSA-372790_R-HSA-388396_R-HSA-418594_R-HSA-2187338_R-HSA-975634_P09455	-12.91594	0.00000	0.00000
CID_3386	R-HSA-162582_R-HSA-372790_R-HSA-388396_R-HSA-418594_R-HSA-111885_R-HSA-202040_P01189	-12.58709	0.00000	0.00000
CID_3386	R-HSA-162582_R-HSA-372790_R-HSA-388396_R-HSA-418594_R-HSA-2187338_R-HSA-2514856_R-HSA-2514859_P50579	-12.92888	0.00000	0.00000
CID_3386	R-HSA-162582_R-HSA-372790_R-HSA-388396_R-HSA-418594_R-HSA-2187338_R-HSA-2514856_R-HSA-2514859_P17252	-12.84233	0.00000	0.00000
CID_3386	R-HSA-162582_R-HSA-372790_R-HSA-388396_R-HSA-418594_R-HSA-2187338_R-HSA-2514856_R-HSA-2514859_P35913	-13.71858	0.00000	0.00000
CID_3386	R-HSA-162582_R-HSA-372790_R-HSA-388396_R-HSA-418594_R-HSA-2187338_R-HSA-2514856_R-HSA-2485179_P35913	-14.68758	0.00000	0.00000
CID_3386	R-HSA-162582_R-HSA-372790_R-HSA-500792_R-HSA-373080_R-HSA-420092_Q02643	-7.90451	0.00500	0.04608
CID_3386	R-HSA-162582_R-HSA-372790_R-HSA-500792_R-HSA-373076_R-HSA-375281_P30968	-7.61452	0.00500	0.04608
CID_3386	R-HSA-162582_R-HSA-372790_R-HSA-388396_R-HSA-397795_R-HSA-392451_O15530	-9.55041	0.00500	0.04608
CID_3386	R-HSA-162582_R-HSA-372790_R-HSA-500792_R-HSA-373076_R-HSA-375276_R-HSA-380108_P10145	-9.44891	0.00500	0.04608
CID_3386	R-HSA-162582_R-HSA-372790_R-HSA-500792_R-HSA-373076_R-HSA-375280_R-HSA-390666_P28566	-9.16530	0.00500	0.04608
CID_3386	R-HSA-162582_R-HSA-372790_R-HSA-500792_R-HSA-373076_R-HSA-391903_R-HSA-391908_P43088	-11.85087	0.00500	0.04608
CID_3386	R-HSA-162582_R-HSA-372790_R-HSA-500792_R-HSA-373076_R-HSA-391903_R-HSA-391908_P43116	-10.47545	0.00500	0.04608
CID_3394	R-HSA-162582_R-HSA-372790_R-HSA-388396_R-HSA-418597_P05771	-6.53229	0.00000	0.00000
CID_3394	R-HSA-162582_R-HSA-372790_R-HSA-388396_R-HSA-418597_P17252	-6.60181	0.00000	0.00000
CID_3394	R-HSA-162582_R-HSA-372790_R-HSA-388396_R-HSA-397795_R-HSA-392451_O15530	-8.48290	0.00000	0.00000
CID_3394	R-HSA-162582_R-HSA-372790_R-HSA-500792_R-HSA-373076_R-HSA-375276_R-HSA-380108_P10145	-8.20347	0.00000	0.00000
CID_3394	R-HSA-162582_R-HSA-372790_R-HSA-500792_R-HSA-373076_R-HSA-375280_R-HSA-390666_P50406	-6.45393	0.00000	0.00000
CID_3394	R-HSA-162582_R-HSA-372790_R-HSA-500792_R-HSA-373076_R-HSA-391903_R-HSA-391908_P43088	-10.60543	0.00000	0.00000
CID_3394	R-HSA-162582_R-HSA-372790_R-HSA-388396_R-HSA-416476_R-HSA-881907_R-HSA-2179392_P17252	-10.58440	0.00000	0.00000
CID_3394	R-HSA-162582_R-HSA-372790_R-HSA-388396_R-HSA-418594_R-HSA-2187338_R-HSA-2187335_O75911	-13.14595	0.00000	0.00000
CID_3394	R-HSA-162582_R-HSA-372790_R-HSA-388396_R-HSA-418594_R-HSA-2187338_R-HSA-2187335_P12271	-12.57384	0.00000	0.00000
CID_3394	R-HSA-162582_R-HSA-372790_R-HSA-388396_R-HSA-418594_R-HSA-2187338_R-HSA-2187335_P10745	-12.56863	0.00000	0.00000
CID_3394	R-HSA-162582_R-HSA-372790_R-HSA-388396_R-HSA-418594_R-HSA-2187338_R-HSA-2453902_O95237	-11.54377	0.00000	0.00000
CID_3394	R-HSA-162582_R-HSA-372790_R-HSA-388396_R-HSA-418594_R-HSA-2187338_R-HSA-2453902_P12271	-11.81402	0.00000	0.00000
CID_3394	R-HSA-162582_R-HSA-372790_R-HSA-388396_R-HSA-418594_R-HSA-2187338_R-HSA-2453902_Q92781	-12.07299	0.00000	0.00000
CID_3394	R-HSA-162582_R-HSA-372790_R-HSA-388396_R-HSA-418594_R-HSA-2187338_R-HSA-2453902_P02753	-11.61571	0.00000	0.00000
CID_3394	R-HSA-162582_R-HSA-372790_R-HSA-388396_R-HSA-418594_R-HSA-2187338_R-HSA-2453902_P10745	-11.80881	0.00000	0.00000
CID_3394	R-HSA-162582_R-HSA-372790_R-HSA-388396_R-HSA-418594_R-HSA-2187338_R-HSA-2453902_P09455	-11.57273	0.00000	0.00000
CID_3394	R-HSA-162582_R-HSA-372790_R-HSA-388396_R-HSA-418594_R-HSA-2187338_R-HSA-975634_O95237	-11.65071	0.00000	0.00000
CID_3394	R-HSA-162582_R-HSA-372790_R-HSA-388396_R-HSA-418594_R-HSA-2187338_R-HSA-975634_P02753	-11.72264	0.00000	0.00000
CID_3394	R-HSA-162582_R-HSA-372790_R-HSA-388396_R-HSA-418594_R-HSA-2187338_R-HSA-975634_P50120	-12.14535	0.00000	0.00000
CID_3394	R-HSA-162582_R-HSA-372790_R-HSA-388396_R-HSA-418594_R-HSA-2187338_R-HSA-975634_P09455	-11.67967	0.00000	0.00000
CID_3394	R-HSA-162582_R-HSA-372790_R-HSA-388396_R-HSA-418594_R-HSA-111885_R-HSA-202040_P01189	-11.34165	0.00000	0.00000
CID_3394	R-HSA-162582_R-HSA-372790_R-HSA-388396_R-HSA-418594_R-HSA-2187338_R-HSA-2514856_R-HSA-2514859_P17252	-11.41897	0.00000	0.00000
CID_3394	R-HSA-162582_R-HSA-372790_R-HSA-388396_R-HSA-418594_R-HSA-2187338_R-HSA-2514856_R-HSA-2514859_P35913	-12.29522	0.00000	0.00000
CID_3394	R-HSA-162582_R-HSA-372790_R-HSA-388396_R-HSA-418594_R-HSA-2187338_R-HSA-2514856_R-HSA-2485179_P35913	-13.26423	0.00000	0.00000
CID_3394	R-HSA-162582_R-HSA-372790_R-HSA-388396_R-HSA-416482_P35348	-6.91583	0.00500	0.04608
CID_3394	R-HSA-162582_R-HSA-372790_R-HSA-500792_R-HSA-373080_R-HSA-420092_Q02643	-6.83699	0.00500	0.04608
CID_3394	R-HSA-162582_R-HSA-372790_R-HSA-500792_R-HSA-373076_R-HSA-375281_P30968	-6.54700	0.00500	0.04608
CID_3394	R-HSA-162582_R-HSA-372790_R-HSA-500792_R-HSA-373076_R-HSA-375280_R-HSA-390666_P28566	-7.91986	0.00500	0.04608
CID_3394	R-HSA-162582_R-HSA-372790_R-HSA-500792_R-HSA-373076_R-HSA-391903_R-HSA-391908_P43116	-9.23001	0.00500	0.04608
CID_3394	R-HSA-162582_R-HSA-372790_R-HSA-388396_R-HSA-418594_R-HSA-2187338_R-HSA-2514856_R-HSA-2514859_P50579	-11.50552	0.00500	0.04608
CID_3396	R-HSA-162582_R-HSA-372790_R-HSA-388396_R-HSA-418597_P05771	-7.96362	0.00000	0.00000
CID_3396	R-HSA-162582_R-HSA-372790_R-HSA-388396_R-HSA-416476_R-HSA-881907_R-HSA-2179392_P17252	-12.58826	0.00000	0.00000
CID_3396	R-HSA-162582_R-HSA-372790_R-HSA-388396_R-HSA-418594_R-HSA-2187338_R-HSA-2187335_P12271	-14.57770	0.00000	0.00000
CID_3396	R-HSA-162582_R-HSA-372790_R-HSA-388396_R-HSA-418594_R-HSA-2187338_R-HSA-2187335_P10745	-14.57249	0.00000	0.00000
CID_3396	R-HSA-162582_R-HSA-372790_R-HSA-388396_R-HSA-418594_R-HSA-2187338_R-HSA-2453902_O95237	-13.54238	0.00000	0.00000
CID_3396	R-HSA-162582_R-HSA-372790_R-HSA-388396_R-HSA-418594_R-HSA-2187338_R-HSA-2453902_P12271	-13.81788	0.00000	0.00000
CID_3396	R-HSA-162582_R-HSA-372790_R-HSA-388396_R-HSA-418594_R-HSA-2187338_R-HSA-2453902_P10745	-13.81267	0.00000	0.00000
CID_3396	R-HSA-162582_R-HSA-372790_R-HSA-388396_R-HSA-418594_R-HSA-2187338_R-HSA-975634_O95237	-13.63989	0.00000	0.00000
CID_3396	R-HSA-162582_R-HSA-372790_R-HSA-388396_R-HSA-418597_P17252	-8.03314	0.00500	0.04608
CID_3396	R-HSA-162582_R-HSA-372790_R-HSA-500792_R-HSA-373076_R-HSA-375281_P30968	-8.26460	0.00500	0.04608
CID_3396	R-HSA-162582_R-HSA-372790_R-HSA-388396_R-HSA-397795_R-HSA-392451_O15530	-10.20049	0.00500	0.04608
CID_3396	R-HSA-162582_R-HSA-372790_R-HSA-500792_R-HSA-373076_R-HSA-375276_R-HSA-380108_P10145	-10.20733	0.00500	0.04608
CID_3396	R-HSA-162582_R-HSA-372790_R-HSA-500792_R-HSA-373076_R-HSA-375280_R-HSA-390666_P50406	-8.45779	0.00500	0.04608
CID_3396	R-HSA-162582_R-HSA-372790_R-HSA-500792_R-HSA-373076_R-HSA-391903_R-HSA-391908_P43088	-12.60929	0.00500	0.04608
CID_3396	R-HSA-162582_R-HSA-372790_R-HSA-500792_R-HSA-373076_R-HSA-391903_R-HSA-391908_P43116	-11.23387	0.00500	0.04608
CID_3396	R-HSA-162582_R-HSA-372790_R-HSA-388396_R-HSA-418594_R-HSA-2187338_R-HSA-2187335_O75911	-15.14981	0.00500	0.04608
CID_3396	R-HSA-162582_R-HSA-372790_R-HSA-388396_R-HSA-418594_R-HSA-2187338_R-HSA-2453902_P02753	-13.61457	0.00500	0.04608
CID_3396	R-HSA-162582_R-HSA-372790_R-HSA-388396_R-HSA-418594_R-HSA-2187338_R-HSA-2453902_P09455	-13.57161	0.00500	0.04608
CID_3396	R-HSA-162582_R-HSA-372790_R-HSA-388396_R-HSA-418594_R-HSA-2187338_R-HSA-975634_P02753	-13.71208	0.00500	0.04608
CID_3396	R-HSA-162582_R-HSA-372790_R-HSA-388396_R-HSA-418594_R-HSA-2187338_R-HSA-975634_P50120	-14.12966	0.00500	0.04608
CID_3396	R-HSA-162582_R-HSA-372790_R-HSA-388396_R-HSA-418594_R-HSA-2187338_R-HSA-975634_P09455	-13.66912	0.00500	0.04608
CID_3396	R-HSA-162582_R-HSA-372790_R-HSA-388396_R-HSA-418594_R-HSA-111885_R-HSA-202040_P01189	-13.34551	0.00500	0.04608
CID_3396	R-HSA-162582_R-HSA-372790_R-HSA-388396_R-HSA-418594_R-HSA-2187338_R-HSA-2514856_R-HSA-2514859_P50579	-13.79565	0.00500	0.04608
CID_3396	R-HSA-162582_R-HSA-372790_R-HSA-388396_R-HSA-418594_R-HSA-2187338_R-HSA-2514856_R-HSA-2514859_P17252	-13.70909	0.00500	0.04608
CID_3396	R-HSA-162582_R-HSA-372790_R-HSA-388396_R-HSA-418594_R-HSA-2187338_R-HSA-2514856_R-HSA-2514859_P35913	-14.58535	0.00500	0.04608
CID_3396	R-HSA-162582_R-HSA-372790_R-HSA-388396_R-HSA-418594_R-HSA-2187338_R-HSA-2514856_R-HSA-2485179_P35913	-15.55435	0.00500	0.04608
CID_34040	R-HSA-162582_R-HSA-2586552_P40763	-3.90901	0.00000	0.00000
CID_34040	R-HSA-162582_R-HSA-5358351_R-HSA-5632684_R-HSA-5635838_Q99835	-7.51290	0.00000	0.00000
CID_34040	R-HSA-162582_R-HSA-9006931_R-HSA-8939211_R-HSA-9018519_P03372	-5.59349	0.00000	0.00000
CID_34040	R-HSA-162582_R-HSA-9006931_R-HSA-8939211_R-HSA-9018519_Q15303	-5.84875	0.00000	0.00000
CID_34040	R-HSA-162582_R-HSA-9006931_R-HSA-8939211_R-HSA-9018519_P10415	-6.53584	0.00000	0.00000
CID_34040	R-HSA-162582_R-HSA-372790_R-HSA-388396_R-HSA-418597_P05771	-5.79041	0.00000	0.00000
CID_34040	R-HSA-162582_R-HSA-372790_R-HSA-388396_R-HSA-418597_P17252	-5.72467	0.00000	0.00000
CID_34040	R-HSA-74160_R-HSA-73857_R-HSA-212436_R-HSA-8864260_R-HSA-8866910_P03372	-6.17479	0.00000	0.00000
CID_34040	R-HSA-74160_R-HSA-73857_R-HSA-212436_R-HSA-8878159_R-HSA-8951936_P56524	-4.80519	0.00000	0.00000
CID_34040	R-HSA-74160_R-HSA-73857_R-HSA-212436_R-HSA-9614085_R-HSA-9615017_P04150	-4.87093	0.00000	0.00000
CID_34040	R-HSA-74160_R-HSA-73857_R-HSA-212436_R-HSA-8878166_R-HSA-8939902_P04150	-4.33163	0.00000	0.00000
CID_34040	R-HSA-74160_R-HSA-73857_R-HSA-212436_R-HSA-8878166_R-HSA-8939902_P03372	-4.26435	0.00000	0.00000
CID_34040	R-HSA-74160_R-HSA-73857_R-HSA-212436_R-HSA-8878166_R-HSA-8939902_P11474	-4.35637	0.00000	0.00000
CID_34040	R-HSA-162582_R-HSA-372790_R-HSA-500792_R-HSA-373080_R-HSA-420092_Q02643	-3.56836	0.00000	0.00000
CID_34040	R-HSA-162582_R-HSA-372790_R-HSA-500792_R-HSA-373076_R-HSA-375281_P30968	-2.72490	0.00000	0.00000
CID_34040	R-HSA-162582_R-HSA-372790_R-HSA-388396_R-HSA-397795_R-HSA-392451_O15530	-7.54067	0.00000	0.00000
CID_34040	R-HSA-74160_R-HSA-73857_R-HSA-212436_R-HSA-8878166_R-HSA-8941326_R-HSA-8941284_P56524	-6.95308	0.00000	0.00000
CID_34040	R-HSA-162582_R-HSA-372790_R-HSA-500792_R-HSA-373076_R-HSA-375276_R-HSA-380108_P10145	-3.36312	0.00000	0.00000
CID_34040	R-HSA-162582_R-HSA-372790_R-HSA-500792_R-HSA-373076_R-HSA-391903_R-HSA-391908_P43088	-6.03760	0.00000	0.00000
CID_34040	R-HSA-162582_R-HSA-372790_R-HSA-500792_R-HSA-373076_R-HSA-391903_R-HSA-391908_P43116	-4.67058	0.00000	0.00000
CID_34040	R-HSA-162582_R-HSA-372790_R-HSA-388396_R-HSA-416476_R-HSA-881907_R-HSA-2179392_P17252	-8.39999	0.00000	0.00000
CID_34040	R-HSA-162582_R-HSA-372790_R-HSA-388396_R-HSA-418594_R-HSA-2187338_R-HSA-2187335_O75911	-11.77582	0.00000	0.00000
CID_34040	R-HSA-162582_R-HSA-372790_R-HSA-388396_R-HSA-418594_R-HSA-2187338_R-HSA-2187335_P12271	-11.35661	0.00000	0.00000
CID_34040	R-HSA-162582_R-HSA-372790_R-HSA-388396_R-HSA-418594_R-HSA-2187338_R-HSA-2187335_P10745	-11.35137	0.00000	0.00000
CID_34040	R-HSA-162582_R-HSA-372790_R-HSA-388396_R-HSA-418594_R-HSA-2187338_R-HSA-2453902_P12271	-10.59908	0.00000	0.00000
CID_34040	R-HSA-162582_R-HSA-372790_R-HSA-388396_R-HSA-418594_R-HSA-2187338_R-HSA-2453902_Q92781	-10.80220	0.00000	0.00000
CID_34040	R-HSA-162582_R-HSA-372790_R-HSA-388396_R-HSA-418594_R-HSA-2187338_R-HSA-2453902_P10745	-10.59385	0.00000	0.00000
CID_34040	R-HSA-162582_R-HSA-372790_R-HSA-388396_R-HSA-418594_R-HSA-111885_R-HSA-202040_P01189	-10.41914	0.00000	0.00000
CID_34040	R-HSA-162582_R-HSA-372790_R-HSA-388396_R-HSA-418594_R-HSA-2187338_R-HSA-2514856_R-HSA-2514859_P50579	-10.04999	0.00000	0.00000
CID_34040	R-HSA-162582_R-HSA-372790_R-HSA-388396_R-HSA-418594_R-HSA-2187338_R-HSA-2514856_R-HSA-2514859_P17252	-9.66975	0.00000	0.00000
CID_34040	R-HSA-162582_R-HSA-372790_R-HSA-388396_R-HSA-418594_R-HSA-2187338_R-HSA-2514856_R-HSA-2514859_P35913	-10.83520	0.00000	0.00000
CID_34040	R-HSA-162582_R-HSA-372790_R-HSA-388396_R-HSA-418594_R-HSA-2187338_R-HSA-2514856_R-HSA-2485179_P35913	-11.80090	0.00000	0.00000
CID_34040	R-HSA-162582_R-HSA-165159_R-HSA-380972_Q13131	-7.58985	0.00500	0.04608
CID_34040	R-HSA-162582_R-HSA-9006335_R-HSA-9027276_P07948	-6.37439	0.00500	0.04608
CID_34040	R-HSA-162582_R-HSA-9006335_R-HSA-9027277_P07948	-6.50344	0.00500	0.04608
CID_34040	R-HSA-74160_R-HSA-73857_R-HSA-212436_R-HSA-8878171_R-HSA-8931987_P03372	-6.45151	0.00500	0.04608
CID_34040	R-HSA-74160_R-HSA-73857_R-HSA-212436_R-HSA-8878171_R-HSA-8939246_P05771	-7.61085	0.00500	0.04608
CID_34040	R-HSA-74160_R-HSA-73857_R-HSA-212436_R-HSA-8986944_R-HSA-9022692_O15379	-5.71611	0.00500	0.04608
CID_34040	R-HSA-74160_R-HSA-73857_R-HSA-212436_R-HSA-8986944_R-HSA-9022702_P61278	-6.76983	0.00500	0.04608
CID_34040	R-HSA-74160_R-HSA-73857_R-HSA-212436_R-HSA-8878166_R-HSA-8941326_R-HSA-8940973_P10275	-6.64246	0.00500	0.04608
CID_34040	R-HSA-74160_R-HSA-73857_R-HSA-212436_R-HSA-8878166_R-HSA-8941326_R-HSA-8940973_O15379	-6.62722	0.00500	0.04608
CID_34040	R-HSA-74160_R-HSA-73857_R-HSA-212436_R-HSA-8878166_R-HSA-8941326_R-HSA-8940973_Q9UBN7	-7.79169	0.00500	0.04608
CID_3423265	R-HSA-162582_R-HSA-372790_R-HSA-388396_R-HSA-418597_P05771	-7.96362	0.00000	0.00000
CID_3423265	R-HSA-162582_R-HSA-372790_R-HSA-388396_R-HSA-416476_R-HSA-881907_R-HSA-2179392_P17252	-12.58826	0.00000	0.00000
CID_3423265	R-HSA-162582_R-HSA-372790_R-HSA-388396_R-HSA-418594_R-HSA-2187338_R-HSA-2187335_P12271	-14.57770	0.00000	0.00000
CID_3423265	R-HSA-162582_R-HSA-372790_R-HSA-388396_R-HSA-418594_R-HSA-2187338_R-HSA-2187335_P10745	-14.57249	0.00000	0.00000
CID_3423265	R-HSA-162582_R-HSA-372790_R-HSA-388396_R-HSA-418594_R-HSA-2187338_R-HSA-2453902_O95237	-13.54238	0.00000	0.00000
CID_3423265	R-HSA-162582_R-HSA-372790_R-HSA-388396_R-HSA-418594_R-HSA-2187338_R-HSA-2453902_P12271	-13.81788	0.00000	0.00000
CID_3423265	R-HSA-162582_R-HSA-372790_R-HSA-388396_R-HSA-418594_R-HSA-2187338_R-HSA-2453902_P10745	-13.81267	0.00000	0.00000
CID_3423265	R-HSA-162582_R-HSA-372790_R-HSA-388396_R-HSA-418594_R-HSA-2187338_R-HSA-975634_O95237	-13.63989	0.00000	0.00000
CID_3423265	R-HSA-162582_R-HSA-372790_R-HSA-388396_R-HSA-418597_P17252	-8.03314	0.00500	0.04608
CID_3423265	R-HSA-162582_R-HSA-372790_R-HSA-500792_R-HSA-373076_R-HSA-375281_P30968	-8.26460	0.00500	0.04608
CID_3423265	R-HSA-162582_R-HSA-372790_R-HSA-388396_R-HSA-397795_R-HSA-392451_O15530	-10.20049	0.00500	0.04608
CID_3423265	R-HSA-162582_R-HSA-372790_R-HSA-500792_R-HSA-373076_R-HSA-375276_R-HSA-380108_P10145	-10.20733	0.00500	0.04608
CID_3423265	R-HSA-162582_R-HSA-372790_R-HSA-500792_R-HSA-373076_R-HSA-375280_R-HSA-390666_P50406	-8.45779	0.00500	0.04608
CID_3423265	R-HSA-162582_R-HSA-372790_R-HSA-500792_R-HSA-373076_R-HSA-391903_R-HSA-391908_P43088	-12.60929	0.00500	0.04608
CID_3423265	R-HSA-162582_R-HSA-372790_R-HSA-500792_R-HSA-373076_R-HSA-391903_R-HSA-391908_P43116	-11.23387	0.00500	0.04608
CID_3423265	R-HSA-162582_R-HSA-372790_R-HSA-388396_R-HSA-418594_R-HSA-2187338_R-HSA-2187335_O75911	-15.14981	0.00500	0.04608
CID_3423265	R-HSA-162582_R-HSA-372790_R-HSA-388396_R-HSA-418594_R-HSA-2187338_R-HSA-2453902_P02753	-13.61457	0.00500	0.04608
CID_3423265	R-HSA-162582_R-HSA-372790_R-HSA-388396_R-HSA-418594_R-HSA-2187338_R-HSA-2453902_P09455	-13.57161	0.00500	0.04608
CID_3423265	R-HSA-162582_R-HSA-372790_R-HSA-388396_R-HSA-418594_R-HSA-2187338_R-HSA-975634_P02753	-13.71208	0.00500	0.04608
CID_3423265	R-HSA-162582_R-HSA-372790_R-HSA-388396_R-HSA-418594_R-HSA-2187338_R-HSA-975634_P50120	-14.12966	0.00500	0.04608
CID_3423265	R-HSA-162582_R-HSA-372790_R-HSA-388396_R-HSA-418594_R-HSA-2187338_R-HSA-975634_P09455	-13.66912	0.00500	0.04608
CID_3423265	R-HSA-162582_R-HSA-372790_R-HSA-388396_R-HSA-418594_R-HSA-111885_R-HSA-202040_P01189	-13.34551	0.00500	0.04608
CID_3423265	R-HSA-162582_R-HSA-372790_R-HSA-388396_R-HSA-418594_R-HSA-2187338_R-HSA-2514856_R-HSA-2514859_P50579	-13.79565	0.00500	0.04608
CID_3423265	R-HSA-162582_R-HSA-372790_R-HSA-388396_R-HSA-418594_R-HSA-2187338_R-HSA-2514856_R-HSA-2514859_P17252	-13.70909	0.00500	0.04608
CID_3423265	R-HSA-162582_R-HSA-372790_R-HSA-388396_R-HSA-418594_R-HSA-2187338_R-HSA-2514856_R-HSA-2514859_P35913	-14.58535	0.00500	0.04608
CID_3423265	R-HSA-162582_R-HSA-372790_R-HSA-388396_R-HSA-418594_R-HSA-2187338_R-HSA-2514856_R-HSA-2485179_P35913	-15.55435	0.00500	0.04608
CID_3440	R-HSA-162582_R-HSA-372790_R-HSA-388396_R-HSA-418597_P05771	-7.96362	0.00000	0.00000
CID_3440	R-HSA-162582_R-HSA-372790_R-HSA-388396_R-HSA-416476_R-HSA-881907_R-HSA-2179392_P17252	-12.58826	0.00000	0.00000
CID_3440	R-HSA-162582_R-HSA-372790_R-HSA-388396_R-HSA-418594_R-HSA-2187338_R-HSA-2187335_P12271	-14.57770	0.00000	0.00000
CID_3440	R-HSA-162582_R-HSA-372790_R-HSA-388396_R-HSA-418594_R-HSA-2187338_R-HSA-2187335_P10745	-14.57249	0.00000	0.00000
CID_3440	R-HSA-162582_R-HSA-372790_R-HSA-388396_R-HSA-418594_R-HSA-2187338_R-HSA-2453902_O95237	-13.54238	0.00000	0.00000
CID_3440	R-HSA-162582_R-HSA-372790_R-HSA-388396_R-HSA-418594_R-HSA-2187338_R-HSA-2453902_P12271	-13.81788	0.00000	0.00000
CID_3440	R-HSA-162582_R-HSA-372790_R-HSA-388396_R-HSA-418594_R-HSA-2187338_R-HSA-2453902_P10745	-13.81267	0.00000	0.00000
CID_3440	R-HSA-162582_R-HSA-372790_R-HSA-388396_R-HSA-418594_R-HSA-2187338_R-HSA-975634_O95237	-13.63989	0.00000	0.00000
CID_3440	R-HSA-162582_R-HSA-372790_R-HSA-388396_R-HSA-418597_P17252	-8.03314	0.00500	0.04608
CID_3440	R-HSA-162582_R-HSA-372790_R-HSA-500792_R-HSA-373076_R-HSA-375281_P30968	-8.26460	0.00500	0.04608
CID_3440	R-HSA-162582_R-HSA-372790_R-HSA-388396_R-HSA-397795_R-HSA-392451_O15530	-10.20049	0.00500	0.04608
CID_3440	R-HSA-162582_R-HSA-372790_R-HSA-500792_R-HSA-373076_R-HSA-375276_R-HSA-380108_P10145	-10.20733	0.00500	0.04608
CID_3440	R-HSA-162582_R-HSA-372790_R-HSA-500792_R-HSA-373076_R-HSA-375280_R-HSA-390666_P50406	-8.45779	0.00500	0.04608
CID_3440	R-HSA-162582_R-HSA-372790_R-HSA-500792_R-HSA-373076_R-HSA-391903_R-HSA-391908_P43088	-12.60929	0.00500	0.04608
CID_3440	R-HSA-162582_R-HSA-372790_R-HSA-500792_R-HSA-373076_R-HSA-391903_R-HSA-391908_P43116	-11.23387	0.00500	0.04608
CID_3440	R-HSA-162582_R-HSA-372790_R-HSA-388396_R-HSA-418594_R-HSA-2187338_R-HSA-2187335_O75911	-15.14981	0.00500	0.04608
CID_3440	R-HSA-162582_R-HSA-372790_R-HSA-388396_R-HSA-418594_R-HSA-2187338_R-HSA-2453902_P02753	-13.61457	0.00500	0.04608
CID_3440	R-HSA-162582_R-HSA-372790_R-HSA-388396_R-HSA-418594_R-HSA-2187338_R-HSA-2453902_P09455	-13.57161	0.00500	0.04608
CID_3440	R-HSA-162582_R-HSA-372790_R-HSA-388396_R-HSA-418594_R-HSA-2187338_R-HSA-975634_P02753	-13.71208	0.00500	0.04608
CID_3440	R-HSA-162582_R-HSA-372790_R-HSA-388396_R-HSA-418594_R-HSA-2187338_R-HSA-975634_P50120	-14.12966	0.00500	0.04608
CID_3440	R-HSA-162582_R-HSA-372790_R-HSA-388396_R-HSA-418594_R-HSA-2187338_R-HSA-975634_P09455	-13.66912	0.00500	0.04608
CID_3440	R-HSA-162582_R-HSA-372790_R-HSA-388396_R-HSA-418594_R-HSA-111885_R-HSA-202040_P01189	-13.34551	0.00500	0.04608
CID_3440	R-HSA-162582_R-HSA-372790_R-HSA-388396_R-HSA-418594_R-HSA-2187338_R-HSA-2514856_R-HSA-2514859_P50579	-13.79565	0.00500	0.04608
CID_3440	R-HSA-162582_R-HSA-372790_R-HSA-388396_R-HSA-418594_R-HSA-2187338_R-HSA-2514856_R-HSA-2514859_P17252	-13.70909	0.00500	0.04608
CID_3440	R-HSA-162582_R-HSA-372790_R-HSA-388396_R-HSA-418594_R-HSA-2187338_R-HSA-2514856_R-HSA-2514859_P35913	-14.58535	0.00500	0.04608
CID_3440	R-HSA-162582_R-HSA-372790_R-HSA-388396_R-HSA-418594_R-HSA-2187338_R-HSA-2514856_R-HSA-2485179_P35913	-15.55435	0.00500	0.04608
CID_3559	R-HSA-1430728_R-HSA-1475029_Q8N1Q1	-1.63397	0.00000	0.00000
CID_3559	R-HSA-1430728_R-HSA-1483249_R-HSA-1855204_P0DP23	-3.19907	0.00000	0.00000
CID_3559	R-HSA-1430728_R-HSA-202131_R-HSA-203615_P0DP23	-3.49170	0.00000	0.00000
CID_3559	R-HSA-1430728_R-HSA-2161522_R-HSA-2161517_P08183	-3.96813	0.00000	0.00000
CID_3559	R-HSA-1430728_R-HSA-15869_R-HSA-499943_P04818	-3.08310	0.00000	0.00000
CID_3559	R-HSA-1430728_R-HSA-163685_R-HSA-163765_P30613	-2.69167	0.00000	0.00000
CID_3559	R-HSA-1430728_R-HSA-163685_R-HSA-163767_P62714	-3.03862	0.00000	0.00000
CID_3559	R-HSA-1430728_R-HSA-163685_R-HSA-163767_P67775	-3.07641	0.00000	0.00000
CID_3559	R-HSA-1430728_R-HSA-71291_R-HSA-389661_Q02218	-2.97301	0.00000	0.00000
CID_3559	R-HSA-1430728_R-HSA-71291_R-HSA-389661_O14561	-3.96589	0.00000	0.00000
CID_3559	R-HSA-1430728_R-HSA-71291_R-HSA-389661_P11177	-4.04137	0.00000	0.00000
CID_3559	R-HSA-1430728_R-HSA-71291_R-HSA-70895_P24752	-3.52193	0.00000	0.00000
CID_3559	R-HSA-1430728_R-HSA-71291_R-HSA-70895_P54687	-3.19608	0.00000	0.00000
CID_3559	R-HSA-1430728_R-HSA-71291_R-HSA-71288_P48066	-3.25210	0.00000	0.00000
CID_3559	R-HSA-1430728_R-HSA-71291_R-HSA-70921_P50135	-3.59153	0.00000	0.00000
CID_3559	R-HSA-1430728_R-HSA-71291_R-HSA-71064_Q02218	-2.93224	0.00000	0.00000
CID_3559	R-HSA-1430728_R-HSA-211859_R-HSA-5423646_O14880	-5.18069	0.00000	0.00000
CID_3559	R-HSA-1430728_R-HSA-15869_R-HSA-8956321_R-HSA-74217_P00813	-4.32893	0.00000	0.00000
CID_3559	R-HSA-1430728_R-HSA-15869_R-HSA-8956321_R-HSA-73614_P19971	-4.66905	0.00000	0.00000
CID_3559	R-HSA-1430728_R-HSA-15869_R-HSA-8956321_R-HSA-73614_Q16831	-4.92475	0.00000	0.00000
CID_3559	R-HSA-1430728_R-HSA-163685_R-HSA-422356_R-HSA-400042_Q01668	-2.72634	0.00000	0.00000
CID_3559	R-HSA-1430728_R-HSA-163685_R-HSA-422356_R-HSA-400042_Q13936	-2.87332	0.00000	0.00000
CID_3559	R-HSA-1430728_R-HSA-163685_R-HSA-422356_R-HSA-400042_Q9NY47	-2.64416	0.00000	0.00000
CID_3559	R-HSA-1430728_R-HSA-163685_R-HSA-422356_R-HSA-400042_Q08289	-3.16821	0.00000	0.00000
CID_3559	R-HSA-1430728_R-HSA-163685_R-HSA-422356_R-HSA-381676_Q9BQ31	-1.62775	0.00000	0.00000
CID_3559	R-HSA-1430728_R-HSA-71291_R-HSA-209776_R-HSA-209931_P17752	-3.91503	0.00000	0.00000
CID_3559	R-HSA-1430728_R-HSA-71291_R-HSA-2408522_R-HSA-2408557_P39023	-3.63758	0.00000	0.00000
CID_3559	R-HSA-1430728_R-HSA-71291_R-HSA-2408522_R-HSA-2408508_P50135	-4.97336	0.00000	0.00000
CID_3559	R-HSA-1430728_R-HSA-71291_R-HSA-2408522_R-HSA-2408508_P40261	-4.81208	0.00000	0.00000
CID_3559	R-HSA-1430728_R-HSA-71291_R-HSA-351202_R-HSA-350562_P20618	-3.73570	0.00000	0.00000
CID_3559	R-HSA-1430728_R-HSA-71291_R-HSA-351202_R-HSA-350562_P49721	-3.96148	0.00000	0.00000
CID_3559	R-HSA-1430728_R-HSA-71291_R-HSA-351202_R-HSA-350562_P28074	-3.70108	0.00000	0.00000
CID_3559	R-HSA-1430728_R-HSA-71291_R-HSA-351202_R-HSA-350562_P28062	-4.22349	0.00000	0.00000
CID_3559	R-HSA-1430728_R-HSA-71291_R-HSA-351202_R-HSA-350562_P25786	-4.16365	0.00000	0.00000
CID_3559	R-HSA-1430728_R-HSA-71291_R-HSA-351202_R-HSA-350562_Q99460	-4.12926	0.00000	0.00000
CID_3559	R-HSA-1430728_R-HSA-71291_R-HSA-351202_R-HSA-350562_Q13200	-4.18907	0.00000	0.00000
CID_3559	R-HSA-1430728_R-HSA-1428517_R-HSA-163200_R-HSA-163210_P30049	-4.82235	0.00000	0.00000
CID_3559	R-HSA-1430728_R-HSA-1428517_R-HSA-71406_R-HSA-71403_Q02218	-4.48987	0.00000	0.00000
CID_3559	R-HSA-1430728_R-HSA-196854_R-HSA-8978934_R-HSA-1474151_P0DP23	-4.36060	0.00000	0.00000
CID_3559	R-HSA-1430728_R-HSA-196854_R-HSA-8978934_R-HSA-1474151_P29474	-4.86760	0.00000	0.00000
CID_3559	R-HSA-1430728_R-HSA-196854_R-HSA-196849_R-HSA-196741_P33527	-5.65240	0.00000	0.00000
CID_3559	R-HSA-1430728_R-HSA-196854_R-HSA-196849_R-HSA-196741_P22033	-5.27670	0.00000	0.00000
CID_3559	R-HSA-1430728_R-HSA-196854_R-HSA-196849_R-HSA-196741_Q9UBK8	-5.89610	0.00000	0.00000
CID_3559	R-HSA-1430728_R-HSA-196854_R-HSA-196849_R-HSA-196741_O60494	-7.06882	0.00000	0.00000
CID_3559	R-HSA-1430728_R-HSA-196854_R-HSA-196849_R-HSA-196780_P05165	-10.64112	0.00000	0.00000
CID_3559	R-HSA-1430728_R-HSA-196854_R-HSA-196849_R-HSA-196780_P11498	-4.87288	0.00000	0.00000
CID_3559	R-HSA-1430728_R-HSA-196854_R-HSA-196849_R-HSA-196780_Q9Y289	-7.31756	0.00000	0.00000
CID_3559	R-HSA-1430728_R-HSA-196854_R-HSA-196849_R-HSA-196757_Q96NT5	-5.79530	0.00000	0.00000
CID_3559	R-HSA-1430728_R-HSA-196854_R-HSA-196849_R-HSA-196757_P41440	-5.87877	0.00000	0.00000
CID_3559	R-HSA-1430728_R-HSA-196854_R-HSA-196849_R-HSA-196757_P34897	-6.39336	0.00000	0.00000
CID_3559	R-HSA-1430728_R-HSA-196854_R-HSA-196849_R-HSA-196757_P34896	-6.39211	0.00000	0.00000
CID_3559	R-HSA-1430728_R-HSA-196854_R-HSA-196849_R-HSA-196836_P78417	-4.92402	0.00000	0.00000
CID_3559	R-HSA-1430728_R-HSA-196854_R-HSA-196849_R-HSA-196836_Q9UHI7	-4.86583	0.00000	0.00000
CID_3559	R-HSA-1430728_R-HSA-71387_R-HSA-8982491_R-HSA-70221_P0DP23	-3.06478	0.00000	0.00000
CID_3559	R-HSA-1430728_R-HSA-71387_R-HSA-8982491_R-HSA-70221_P06737	-5.67662	0.00000	0.00000
CID_3559	R-HSA-1430728_R-HSA-71387_R-HSA-70326_R-HSA-70263_P11498	-4.31124	0.00000	0.00000
CID_3559	R-HSA-1430728_R-HSA-71387_R-HSA-70326_R-HSA-70263_P00558	-4.51037	0.00000	0.00000
CID_3559	R-HSA-1430728_R-HSA-211859_R-HSA-211945_R-HSA-71384_P05091	-6.70537	0.00000	0.00000
CID_3559	R-HSA-1430728_R-HSA-211859_R-HSA-211945_R-HSA-8937144_P35869	-5.26960	0.00000	0.00000
CID_3559	R-HSA-1430728_R-HSA-556833_R-HSA-400206_R-HSA-1989781_P04798	-1.79314	0.00000	0.00000
CID_3559	R-HSA-1430728_R-HSA-556833_R-HSA-400206_R-HSA-1989781_P19793	-1.47859	0.00000	0.00000
CID_3559	R-HSA-1430728_R-HSA-556833_R-HSA-400206_R-HSA-1989781_P35869	-1.92031	0.00000	0.00000
CID_3559	R-HSA-1430728_R-HSA-556833_R-HSA-400206_R-HSA-1989781_O60656	-1.65379	0.00000	0.00000
CID_3559	R-HSA-1430728_R-HSA-556833_R-HSA-400206_R-HSA-1989781_O60427	-3.07902	0.00000	0.00000
CID_3559	R-HSA-1430728_R-HSA-556833_R-HSA-400206_R-HSA-1989781_Q9Y6Q9	-2.73053	0.00000	0.00000
CID_3559	R-HSA-1430728_R-HSA-556833_R-HSA-428157_R-HSA-1660662_Q9Y3R4	-4.76979	0.00000	0.00000
CID_3559	R-HSA-1430728_R-HSA-556833_R-HSA-74182_R-HSA-77111_P24752	-6.05178	0.00000	0.00000
CID_3559	R-HSA-1430728_R-HSA-556833_R-HSA-9018678_R-HSA-2142700_Q16873	-4.47430	0.00000	0.00000
CID_3559	R-HSA-1430728_R-HSA-556833_R-HSA-8978868_R-HSA-200425_P19793	-4.12246	0.00000	0.00000
CID_3559	R-HSA-1430728_R-HSA-556833_R-HSA-8978868_R-HSA-200425_O43741	-5.26169	0.00000	0.00000
CID_3559	R-HSA-1430728_R-HSA-556833_R-HSA-8957322_R-HSA-196791_Q6VVX0	-4.54865	0.00000	0.00000
CID_3559	R-HSA-1430728_R-HSA-556833_R-HSA-8957322_R-HSA-196791_P02774	-4.54850	0.00000	0.00000
CID_3559	R-HSA-1430728_R-HSA-556833_R-HSA-8957322_R-HSA-196791_O60494	-5.77178	0.00000	0.00000
CID_3559	R-HSA-1430728_R-HSA-556833_R-HSA-8957322_R-HSA-191273_Q15125	-1.18782	0.00000	0.00000
CID_3559	R-HSA-1430728_R-HSA-1428517_R-HSA-163200_R-HSA-611105_R-HSA-6799198_P19404	-7.91460	0.00000	0.00000
CID_3559	R-HSA-1430728_R-HSA-1428517_R-HSA-163200_R-HSA-611105_R-HSA-6799198_Q16795	-7.91389	0.00000	0.00000
CID_3559	R-HSA-1430728_R-HSA-1428517_R-HSA-163200_R-HSA-611105_R-HSA-6799198_P51970	-7.91535	0.00000	0.00000
CID_3559	R-HSA-1430728_R-HSA-1428517_R-HSA-163200_R-HSA-611105_R-HSA-6799198_O95182	-7.91545	0.00000	0.00000
CID_3559	R-HSA-1430728_R-HSA-1428517_R-HSA-163200_R-HSA-611105_R-HSA-6799198_P56556	-7.91420	0.00000	0.00000
CID_3559	R-HSA-1430728_R-HSA-1428517_R-HSA-163200_R-HSA-611105_R-HSA-6799198_Q16718	-7.91438	0.00000	0.00000
CID_3559	R-HSA-1430728_R-HSA-1428517_R-HSA-163200_R-HSA-611105_R-HSA-6799198_O95167	-7.91419	0.00000	0.00000
CID_3559	R-HSA-1430728_R-HSA-1428517_R-HSA-163200_R-HSA-611105_R-HSA-6799198_O43678	-7.91395	0.00000	0.00000
CID_3559	R-HSA-1430728_R-HSA-1428517_R-HSA-163200_R-HSA-611105_R-HSA-6799198_O15239	-7.91453	0.00000	0.00000
CID_3559	R-HSA-1430728_R-HSA-1428517_R-HSA-163200_R-HSA-611105_R-HSA-6799198_O95299	-7.91415	0.00000	0.00000
CID_3559	R-HSA-1430728_R-HSA-1428517_R-HSA-163200_R-HSA-611105_R-HSA-6799198_O14561	-7.03690	0.00000	0.00000
CID_3559	R-HSA-1430728_R-HSA-1428517_R-HSA-163200_R-HSA-611105_R-HSA-6799198_O75438	-7.91507	0.00000	0.00000
CID_3559	R-HSA-1430728_R-HSA-1428517_R-HSA-163200_R-HSA-611105_R-HSA-6799198_O95178	-7.91487	0.00000	0.00000
CID_3559	R-HSA-1430728_R-HSA-1428517_R-HSA-163200_R-HSA-611105_R-HSA-6799198_O00217	-7.91430	0.00000	0.00000
CID_3559	R-HSA-1430728_R-HSA-1428517_R-HSA-163200_R-HSA-611105_R-HSA-6799198_O75380	-7.91486	0.00000	0.00000
CID_3559	R-HSA-1430728_R-HSA-1428517_R-HSA-163200_R-HSA-611105_R-HSA-6799198_O43920	-7.91456	0.00000	0.00000
CID_3559	R-HSA-1430728_R-HSA-1428517_R-HSA-163200_R-HSA-611105_R-HSA-6799198_O43181	-7.91390	0.00000	0.00000
CID_3559	R-HSA-1430728_R-HSA-1428517_R-HSA-163200_R-HSA-611105_R-HSA-6799198_P49821	-7.91391	0.00000	0.00000
CID_3559	R-HSA-1430728_R-HSA-1428517_R-HSA-163200_R-HSA-611105_R-HSA-6799198_O75489	-7.91440	0.00000	0.00000
CID_3559	R-HSA-1430728_R-HSA-1428517_R-HSA-163200_R-HSA-611105_R-HSA-6799198_O75306	-7.91519	0.00000	0.00000
CID_3559	R-HSA-1430728_R-HSA-1428517_R-HSA-163200_R-HSA-611105_R-HSA-6799198_P56181	-7.91384	0.00000	0.00000
CID_3559	R-HSA-1430728_R-HSA-1428517_R-HSA-163200_R-HSA-611105_R-HSA-6799198_P28331	-7.91402	0.00000	0.00000
CID_3559	R-HSA-1430728_R-HSA-1428517_R-HSA-163200_R-HSA-611105_R-HSA-6799198_O95298	-7.91434	0.00000	0.00000
CID_3559	R-HSA-1430728_R-HSA-1428517_R-HSA-163200_R-HSA-611105_R-HSA-6799198_O43677	-7.91418	0.00000	0.00000
CID_3559	R-HSA-1430728_R-HSA-1428517_R-HSA-163200_R-HSA-611105_R-HSA-6799198_O96000	-7.91430	0.00000	0.00000
CID_3559	R-HSA-1430728_R-HSA-1428517_R-HSA-163200_R-HSA-611105_R-HSA-6799198_Q9Y6M9	-7.91444	0.00000	0.00000
CID_3559	R-HSA-1430728_R-HSA-1428517_R-HSA-163200_R-HSA-611105_R-HSA-6799198_O95169	-7.91458	0.00000	0.00000
CID_3559	R-HSA-1430728_R-HSA-1428517_R-HSA-163200_R-HSA-611105_R-HSA-6799198_P17568	-7.91444	0.00000	0.00000
CID_3559	R-HSA-1430728_R-HSA-1428517_R-HSA-163200_R-HSA-611105_R-HSA-6799198_O95139	-7.91452	0.00000	0.00000
CID_3559	R-HSA-1430728_R-HSA-1428517_R-HSA-163200_R-HSA-611105_R-HSA-6799198_O43674	-7.91460	0.00000	0.00000
CID_3559	R-HSA-1430728_R-HSA-1428517_R-HSA-163200_R-HSA-611105_R-HSA-6799198_O95168	-7.91446	0.00000	0.00000
CID_3559	R-HSA-1430728_R-HSA-1428517_R-HSA-163200_R-HSA-611105_R-HSA-6799198_O43676	-7.91404	0.00000	0.00000
CID_3559	R-HSA-1430728_R-HSA-1428517_R-HSA-71406_R-HSA-70268_R-HSA-204174_P19793	-5.64386	0.00000	0.00000
CID_3559	R-HSA-1430728_R-HSA-1428517_R-HSA-71406_R-HSA-70268_R-HSA-204174_P11177	-7.22786	0.00000	0.00000
CID_3559	R-HSA-1430728_R-HSA-196854_R-HSA-196849_R-HSA-196807_R-HSA-197264_P40261	-5.97953	0.00000	0.00000
CID_3559	R-HSA-1430728_R-HSA-196854_R-HSA-196849_R-HSA-196807_R-HSA-197264_Q16647	-6.15530	0.00000	0.00000
CID_3559	R-HSA-1430728_R-HSA-71387_R-HSA-70326_R-HSA-70171_R-HSA-9634600_P67775	-5.65575	0.00000	0.00000
CID_3559	R-HSA-1430728_R-HSA-211859_R-HSA-211945_R-HSA-211897_R-HSA-211976_Q16678	-5.94341	0.00000	0.00000
CID_3559	R-HSA-1430728_R-HSA-211859_R-HSA-211945_R-HSA-211897_R-HSA-211976_P35869	-5.21504	0.00000	0.00000
CID_3559	R-HSA-1430728_R-HSA-211859_R-HSA-211945_R-HSA-211897_R-HSA-211976_Q16647	-5.84916	0.00000	0.00000
CID_3559	R-HSA-1430728_R-HSA-556833_R-HSA-1483257_R-HSA-1483206_R-HSA-1483191_P06276	-7.97307	0.00000	0.00000
CID_3559	R-HSA-1430728_R-HSA-556833_R-HSA-1483257_R-HSA-1483206_R-HSA-1483191_P22303	-8.63729	0.00000	0.00000
CID_3559	R-HSA-1430728_R-HSA-556833_R-HSA-1483257_R-HSA-1483206_R-HSA-1482788_P47712	-7.18726	0.00000	0.00000
CID_3559	R-HSA-1430728_R-HSA-556833_R-HSA-1483257_R-HSA-1483206_R-HSA-1482798_P47712	-7.65204	0.00000	0.00000
CID_3559	R-HSA-1430728_R-HSA-556833_R-HSA-1483257_R-HSA-1483206_R-HSA-1482801_P47712	-7.07730	0.00000	0.00000
CID_3559	R-HSA-1430728_R-HSA-556833_R-HSA-1483257_R-HSA-1483206_R-HSA-1482839_P47712	-6.98391	0.00000	0.00000
CID_3559	R-HSA-1430728_R-HSA-556833_R-HSA-1483257_R-HSA-1483206_R-HSA-1482922_P47712	-7.10164	0.00000	0.00000
CID_3559	R-HSA-1430728_R-HSA-556833_R-HSA-1483257_R-HSA-1483206_R-HSA-1482925_P47712	-6.64379	0.00000	0.00000
CID_3559	R-HSA-1430728_R-HSA-556833_R-HSA-1483257_R-HSA-1483206_R-HSA-1483166_P47712	-6.78293	0.00000	0.00000
CID_3559	R-HSA-1430728_R-HSA-556833_R-HSA-1483257_R-HSA-1483206_R-HSA-1483213_Q99447	-7.15094	0.00000	0.00000
CID_3559	R-HSA-1430728_R-HSA-556833_R-HSA-1483257_R-HSA-1483255_R-HSA-1660499_O00750	-7.49792	0.00000	0.00000
CID_3559	R-HSA-1430728_R-HSA-556833_R-HSA-1483257_R-HSA-1483255_R-HSA-1660499_Q8TBX8	-6.72345	0.00000	0.00000
CID_3559	R-HSA-1430728_R-HSA-556833_R-HSA-1483257_R-HSA-1483255_R-HSA-1660514_Q9UBF8	-7.78429	0.00000	0.00000
CID_3559	R-HSA-1430728_R-HSA-556833_R-HSA-8978868_R-HSA-2046104_R-HSA-2046106_O60427	-8.04928	0.00000	0.00000
CID_3559	R-HSA-1430728_R-HSA-556833_R-HSA-8978868_R-HSA-2046104_R-HSA-2046106_O95864	-8.38468	0.00000	0.00000
CID_3559	R-HSA-1430728_R-HSA-556833_R-HSA-8978868_R-HSA-2142753_R-HSA-2142670_Q16678	-44.48749	0.00000	0.00000
CID_3559	R-HSA-1430728_R-HSA-556833_R-HSA-8978868_R-HSA-2142753_R-HSA-2142670_P04798	-43.63195	0.00000	0.00000
CID_3559	R-HSA-1430728_R-HSA-556833_R-HSA-8978868_R-HSA-2142753_R-HSA-2142816_Q16678	-7.87761	0.00000	0.00000
CID_3559	R-HSA-1430728_R-HSA-556833_R-HSA-8978868_R-HSA-2142753_R-HSA-2142816_P04798	-7.02207	0.00000	0.00000
CID_3559	R-HSA-1430728_R-HSA-556833_R-HSA-8978868_R-HSA-2142753_R-HSA-2142691_P33527	-7.73376	0.00000	0.00000
CID_3559	R-HSA-1430728_R-HSA-556833_R-HSA-8978868_R-HSA-2142753_R-HSA-2142691_P13584	-7.71874	0.00000	0.00000
CID_3559	R-HSA-1430728_R-HSA-556833_R-HSA-8978868_R-HSA-2142753_R-HSA-2142691_Q16873	-7.24825	0.00000	0.00000
CID_3559	R-HSA-1430728_R-HSA-556833_R-HSA-8978868_R-HSA-2142753_R-HSA-2162123_Q16647	-8.24023	0.00000	0.00000
CID_3559	R-HSA-1430728_R-HSA-556833_R-HSA-8978868_R-HSA-2142753_R-HSA-2142688_Q15166	-9.32744	0.00000	0.00000
CID_3559	R-HSA-1430728_R-HSA-556833_R-HSA-8978868_R-HSA-2142753_R-HSA-2142688_Q16873	-7.87086	0.00000	0.00000
CID_3559	R-HSA-1430728_R-HSA-556833_R-HSA-8978868_R-HSA-390918_R-HSA-389599_O14832	-7.28837	0.00000	0.00000
CID_3559	R-HSA-1430728_R-HSA-556833_R-HSA-8978868_R-HSA-75105_R-HSA-75876_Q9GZR5	-8.46083	0.00000	0.00000
CID_3559	R-HSA-1430728_R-HSA-556833_R-HSA-8978868_R-HSA-77289_R-HSA-71032_P22033	-6.50339	0.00000	0.00000
CID_3559	R-HSA-1430728_R-HSA-556833_R-HSA-8957322_R-HSA-1655829_R-HSA-2426168_P19793	-3.38350	0.00000	0.00000
CID_3559	R-HSA-1430728_R-HSA-202131_R-HSA-203615_P29474	-3.99870	0.00500	0.04608
CID_3559	R-HSA-1430728_R-HSA-2161522_R-HSA-2161517_O15245	-4.02395	0.00500	0.04608
CID_3559	R-HSA-1430728_R-HSA-163685_R-HSA-163680_O43741	-3.52303	0.00500	0.04608
CID_3559	R-HSA-1430728_R-HSA-211859_R-HSA-5423646_P10620	-5.19127	0.00500	0.04608
CID_3559	R-HSA-1430728_R-HSA-15869_R-HSA-8956319_R-HSA-73621_P19971	-4.25805	0.00500	0.04608
CID_3559	R-HSA-1430728_R-HSA-15869_R-HSA-8956319_R-HSA-73621_Q16831	-4.51375	0.00500	0.04608
CID_3559	R-HSA-1430728_R-HSA-211859_R-HSA-156580_R-HSA-156581_Q9UBK8	-6.79533	0.00500	0.04608
CID_3559	R-HSA-1430728_R-HSA-211859_R-HSA-156580_R-HSA-156581_P78417	-6.37160	0.00500	0.04608
CID_3559	R-HSA-1430728_R-HSA-71387_R-HSA-70326_R-HSA-70171_R-HSA-9634600_P62714	-5.61796	0.00500	0.04608
CID_3559	R-HSA-1430728_R-HSA-211859_R-HSA-211945_R-HSA-211897_R-HSA-211976_P19793	-4.77332	0.00500	0.04608
CID_3559	R-HSA-1430728_R-HSA-556833_R-HSA-8978868_R-HSA-2142753_R-HSA-2142670_P34913	-82.95116	0.00500	0.04608
CID_3598	R-HSA-162582_R-HSA-372790_R-HSA-388396_R-HSA-418597_P05771	-7.96292	0.00000	0.00000
CID_3598	R-HSA-162582_R-HSA-372790_R-HSA-388396_R-HSA-416476_R-HSA-881907_R-HSA-2179392_P17252	-12.58729	0.00000	0.00000
CID_3598	R-HSA-162582_R-HSA-372790_R-HSA-388396_R-HSA-418594_R-HSA-2187338_R-HSA-2187335_P12271	-14.57673	0.00000	0.00000
CID_3598	R-HSA-162582_R-HSA-372790_R-HSA-388396_R-HSA-418594_R-HSA-2187338_R-HSA-2187335_P10745	-14.57151	0.00000	0.00000
CID_3598	R-HSA-162582_R-HSA-372790_R-HSA-388396_R-HSA-418594_R-HSA-2187338_R-HSA-2453902_O95237	-13.54141	0.00000	0.00000
CID_3598	R-HSA-162582_R-HSA-372790_R-HSA-388396_R-HSA-418594_R-HSA-2187338_R-HSA-2453902_P12271	-13.81691	0.00000	0.00000
CID_3598	R-HSA-162582_R-HSA-372790_R-HSA-388396_R-HSA-418594_R-HSA-2187338_R-HSA-2453902_P10745	-13.81169	0.00000	0.00000
CID_3598	R-HSA-162582_R-HSA-372790_R-HSA-388396_R-HSA-418594_R-HSA-2187338_R-HSA-975634_O95237	-13.63891	0.00000	0.00000
CID_3598	R-HSA-162582_R-HSA-372790_R-HSA-388396_R-HSA-418597_P17252	-8.03244	0.00500	0.04608
CID_3598	R-HSA-162582_R-HSA-372790_R-HSA-500792_R-HSA-373076_R-HSA-375281_P30968	-8.26376	0.00500	0.04608
CID_3598	R-HSA-162582_R-HSA-372790_R-HSA-388396_R-HSA-397795_R-HSA-392451_O15530	-10.19966	0.00500	0.04608
CID_3598	R-HSA-162582_R-HSA-372790_R-HSA-500792_R-HSA-373076_R-HSA-375276_R-HSA-380108_P10145	-10.20636	0.00500	0.04608
CID_3598	R-HSA-162582_R-HSA-372790_R-HSA-500792_R-HSA-373076_R-HSA-375280_R-HSA-390666_P50406	-8.45682	0.00500	0.04608
CID_3598	R-HSA-162582_R-HSA-372790_R-HSA-500792_R-HSA-373076_R-HSA-391903_R-HSA-391908_P43088	-12.60832	0.00500	0.04608
CID_3598	R-HSA-162582_R-HSA-372790_R-HSA-500792_R-HSA-373076_R-HSA-391903_R-HSA-391908_P43116	-11.23290	0.00500	0.04608
CID_3598	R-HSA-162582_R-HSA-372790_R-HSA-388396_R-HSA-418594_R-HSA-2187338_R-HSA-2187335_O75911	-15.14884	0.00500	0.04608
CID_3598	R-HSA-162582_R-HSA-372790_R-HSA-388396_R-HSA-418594_R-HSA-2187338_R-HSA-2453902_P02753	-13.61359	0.00500	0.04608
CID_3598	R-HSA-162582_R-HSA-372790_R-HSA-388396_R-HSA-418594_R-HSA-2187338_R-HSA-2453902_P09455	-13.57064	0.00500	0.04608
CID_3598	R-HSA-162582_R-HSA-372790_R-HSA-388396_R-HSA-418594_R-HSA-2187338_R-HSA-975634_P02753	-13.71109	0.00500	0.04608
CID_3598	R-HSA-162582_R-HSA-372790_R-HSA-388396_R-HSA-418594_R-HSA-2187338_R-HSA-975634_P50120	-14.12868	0.00500	0.04608
CID_3598	R-HSA-162582_R-HSA-372790_R-HSA-388396_R-HSA-418594_R-HSA-2187338_R-HSA-975634_P09455	-13.66814	0.00500	0.04608
CID_3598	R-HSA-162582_R-HSA-372790_R-HSA-388396_R-HSA-418594_R-HSA-111885_R-HSA-202040_P01189	-13.34454	0.00500	0.04608
CID_3598	R-HSA-162582_R-HSA-372790_R-HSA-388396_R-HSA-418594_R-HSA-2187338_R-HSA-2514856_R-HSA-2514859_P50579	-13.79453	0.00500	0.04608
CID_3598	R-HSA-162582_R-HSA-372790_R-HSA-388396_R-HSA-418594_R-HSA-2187338_R-HSA-2514856_R-HSA-2514859_P17252	-13.70798	0.00500	0.04608
CID_3598	R-HSA-162582_R-HSA-372790_R-HSA-388396_R-HSA-418594_R-HSA-2187338_R-HSA-2514856_R-HSA-2514859_P35913	-14.58423	0.00500	0.04608
CID_3598	R-HSA-162582_R-HSA-372790_R-HSA-388396_R-HSA-418594_R-HSA-2187338_R-HSA-2514856_R-HSA-2485179_P35913	-15.55324	0.00500	0.04608
CID_3775	R-HSA-1430728_R-HSA-1483249_R-HSA-1855204_P0DP23	-2.96778	0.00000	0.00000
CID_3775	R-HSA-1430728_R-HSA-202131_R-HSA-203615_P0DP23	-2.40632	0.00000	0.00000
CID_3775	R-HSA-1430728_R-HSA-15869_R-HSA-499943_P04818	-3.06521	0.00000	0.00000
CID_3775	R-HSA-1430728_R-HSA-163685_R-HSA-163765_P30613	-1.94669	0.00000	0.00000
CID_3775	R-HSA-1430728_R-HSA-163685_R-HSA-163767_P62714	-3.05456	0.00000	0.00000
CID_3775	R-HSA-1430728_R-HSA-71291_R-HSA-389661_Q02218	-3.14006	0.00000	0.00000
CID_3775	R-HSA-1430728_R-HSA-71291_R-HSA-389661_P11177	-4.17767	0.00000	0.00000
CID_3775	R-HSA-1430728_R-HSA-71291_R-HSA-71288_P48066	-3.34436	0.00000	0.00000
CID_3775	R-HSA-1430728_R-HSA-71291_R-HSA-71064_Q02218	-3.09877	0.00000	0.00000
CID_3775	R-HSA-1430728_R-HSA-15869_R-HSA-8956319_R-HSA-73621_P19971	-4.15388	0.00000	0.00000
CID_3775	R-HSA-1430728_R-HSA-15869_R-HSA-8956319_R-HSA-73621_Q16831	-4.41011	0.00000	0.00000
CID_3775	R-HSA-1430728_R-HSA-15869_R-HSA-8956321_R-HSA-74217_P00813	-4.11487	0.00000	0.00000
CID_3775	R-HSA-1430728_R-HSA-15869_R-HSA-8956321_R-HSA-73614_P19971	-4.49123	0.00000	0.00000
CID_3775	R-HSA-1430728_R-HSA-15869_R-HSA-8956321_R-HSA-73614_Q16831	-4.74745	0.00000	0.00000
CID_3775	R-HSA-1430728_R-HSA-163685_R-HSA-422356_R-HSA-400042_Q01668	-1.23116	0.00000	0.00000
CID_3775	R-HSA-1430728_R-HSA-163685_R-HSA-422356_R-HSA-400042_Q13936	-1.37805	0.00000	0.00000
CID_3775	R-HSA-1430728_R-HSA-163685_R-HSA-422356_R-HSA-400042_Q9NY47	-1.14893	0.00000	0.00000
CID_3775	R-HSA-1430728_R-HSA-163685_R-HSA-422356_R-HSA-400042_Q08289	-1.67299	0.00000	0.00000
CID_3775	R-HSA-1430728_R-HSA-163685_R-HSA-422356_R-HSA-381676_Q9BQ31	-0.17968	0.00000	0.00000
CID_3775	R-HSA-1430728_R-HSA-71291_R-HSA-209776_R-HSA-209931_P17752	-3.88587	0.00000	0.00000
CID_3775	R-HSA-1430728_R-HSA-71291_R-HSA-351202_R-HSA-350562_P20618	-3.54665	0.00000	0.00000
CID_3775	R-HSA-1430728_R-HSA-71291_R-HSA-351202_R-HSA-350562_P49721	-3.79032	0.00000	0.00000
CID_3775	R-HSA-1430728_R-HSA-71291_R-HSA-351202_R-HSA-350562_P28074	-3.51294	0.00000	0.00000
CID_3775	R-HSA-1430728_R-HSA-71291_R-HSA-351202_R-HSA-350562_P28062	-4.06974	0.00000	0.00000
CID_3775	R-HSA-1430728_R-HSA-71291_R-HSA-351202_R-HSA-350562_P25786	-4.02163	0.00000	0.00000
CID_3775	R-HSA-1430728_R-HSA-71291_R-HSA-351202_R-HSA-350562_Q99460	-3.98012	0.00000	0.00000
CID_3775	R-HSA-1430728_R-HSA-71291_R-HSA-351202_R-HSA-350562_Q13200	-4.05291	0.00000	0.00000
CID_3775	R-HSA-1430728_R-HSA-196854_R-HSA-6806667_R-HSA-975634_P02753	-6.19991	0.00000	0.00000
CID_3775	R-HSA-1430728_R-HSA-196854_R-HSA-6806667_R-HSA-975634_P50120	-6.29917	0.00000	0.00000
CID_3775	R-HSA-1430728_R-HSA-196854_R-HSA-6806667_R-HSA-975634_P09455	-6.15816	0.00000	0.00000
CID_3775	R-HSA-1430728_R-HSA-196854_R-HSA-8978934_R-HSA-1474151_P0DP23	-4.27895	0.00000	0.00000
CID_3775	R-HSA-1430728_R-HSA-196854_R-HSA-8978934_R-HSA-1474151_P29474	-4.43504	0.00000	0.00000
CID_3775	R-HSA-1430728_R-HSA-196854_R-HSA-196849_R-HSA-196741_O60494	-7.18078	0.00000	0.00000
CID_3775	R-HSA-1430728_R-HSA-196854_R-HSA-196849_R-HSA-196780_Q9Y289	-7.42797	0.00000	0.00000
CID_3775	R-HSA-1430728_R-HSA-71387_R-HSA-8982491_R-HSA-70221_P0DP23	-3.05631	0.00000	0.00000
CID_3775	R-HSA-1430728_R-HSA-71387_R-HSA-8982491_R-HSA-70221_P06737	-5.84085	0.00000	0.00000
CID_3775	R-HSA-1430728_R-HSA-1428517_R-HSA-163200_R-HSA-611105_R-HSA-6799198_P51970	-7.73879	0.00000	0.00000
CID_3775	R-HSA-1430728_R-HSA-1428517_R-HSA-163200_R-HSA-611105_R-HSA-6799198_P17568	-7.73791	0.00000	0.00000
CID_3775	R-HSA-1430728_R-HSA-1428517_R-HSA-71406_R-HSA-70268_R-HSA-204174_P19793	-6.01225	0.00000	0.00000
CID_3775	R-HSA-1430728_R-HSA-1428517_R-HSA-71406_R-HSA-70268_R-HSA-204174_P11177	-7.30786	0.00000	0.00000
CID_3775	R-HSA-1430728_R-HSA-196854_R-HSA-196849_R-HSA-196807_R-HSA-197264_Q16647	-6.17165	0.00000	0.00000
CID_3775	R-HSA-1430728_R-HSA-1475029_Q8N1Q1	-2.57994	0.00500	0.04608
CID_3775	R-HSA-1430728_R-HSA-202131_R-HSA-203615_P29474	-2.56242	0.00500	0.04608
CID_3775	R-HSA-1430728_R-HSA-163685_R-HSA-163767_P67775	-3.36224	0.00500	0.04608
CID_3775	R-HSA-1430728_R-HSA-71291_R-HSA-389661_O14561	-4.09773	0.00500	0.04608
CID_3775	R-HSA-1430728_R-HSA-71291_R-HSA-70895_P54687	-3.32466	0.00500	0.04608
CID_3775	R-HSA-1430728_R-HSA-71291_R-HSA-70921_P50135	-3.72960	0.00500	0.04608
CID_3775	R-HSA-1430728_R-HSA-71291_R-HSA-2408522_R-HSA-2408557_P39023	-3.68422	0.00500	0.04608
CID_3775	R-HSA-1430728_R-HSA-71291_R-HSA-2408522_R-HSA-2408508_P50135	-5.01404	0.00500	0.04608
CID_3775	R-HSA-1430728_R-HSA-71291_R-HSA-2408522_R-HSA-2408508_P40261	-4.86868	0.00500	0.04608
CID_3775	R-HSA-1430728_R-HSA-1428517_R-HSA-163200_R-HSA-163210_P30049	-4.84675	0.00500	0.04608
CID_3775	R-HSA-1430728_R-HSA-1428517_R-HSA-71406_R-HSA-71403_Q02218	-4.69256	0.00500	0.04608
CID_3775	R-HSA-1430728_R-HSA-196854_R-HSA-6806667_R-HSA-975634_O95237	-6.10491	0.00500	0.04608
CID_3775	R-HSA-1430728_R-HSA-196854_R-HSA-196849_R-HSA-196741_P33527	-6.20105	0.00500	0.04608
CID_3775	R-HSA-1430728_R-HSA-196854_R-HSA-196849_R-HSA-196741_Q9UBK8	-7.29738	0.00500	0.04608
CID_3775	R-HSA-1430728_R-HSA-196854_R-HSA-196849_R-HSA-196780_P05165	-10.75081	0.00500	0.04608
CID_3775	R-HSA-1430728_R-HSA-196854_R-HSA-196849_R-HSA-196780_P11498	-5.04412	0.00500	0.04608
CID_3775	R-HSA-1430728_R-HSA-196854_R-HSA-196849_R-HSA-196757_Q96NT5	-5.90580	0.00500	0.04608
CID_3775	R-HSA-1430728_R-HSA-196854_R-HSA-196849_R-HSA-196757_P41440	-5.98991	0.00500	0.04608
CID_3775	R-HSA-1430728_R-HSA-196854_R-HSA-196849_R-HSA-196757_P34897	-6.50386	0.00500	0.04608
CID_3775	R-HSA-1430728_R-HSA-196854_R-HSA-196849_R-HSA-196757_P34896	-6.50261	0.00500	0.04608
CID_3775	R-HSA-1430728_R-HSA-196854_R-HSA-196849_R-HSA-196836_P78417	-5.16832	0.00500	0.04608
CID_3775	R-HSA-1430728_R-HSA-196854_R-HSA-196849_R-HSA-196836_Q9UHI7	-4.97284	0.00500	0.04608
CID_3775	R-HSA-1430728_R-HSA-71387_R-HSA-70326_R-HSA-70263_P11498	-4.71944	0.00500	0.04608
CID_3775	R-HSA-1430728_R-HSA-71387_R-HSA-70326_R-HSA-70263_P00558	-4.96740	0.00500	0.04608
CID_3775	R-HSA-1430728_R-HSA-1428517_R-HSA-163200_R-HSA-611105_R-HSA-6799198_P19404	-7.73806	0.00500	0.04608
CID_3775	R-HSA-1430728_R-HSA-1428517_R-HSA-163200_R-HSA-611105_R-HSA-6799198_Q16795	-7.73736	0.00500	0.04608
CID_3775	R-HSA-1430728_R-HSA-1428517_R-HSA-163200_R-HSA-611105_R-HSA-6799198_O95182	-7.73888	0.00500	0.04608
CID_3775	R-HSA-1430728_R-HSA-1428517_R-HSA-163200_R-HSA-611105_R-HSA-6799198_P56556	-7.73767	0.00500	0.04608
CID_3775	R-HSA-1430728_R-HSA-1428517_R-HSA-163200_R-HSA-611105_R-HSA-6799198_Q16718	-7.73784	0.00500	0.04608
CID_3775	R-HSA-1430728_R-HSA-1428517_R-HSA-163200_R-HSA-611105_R-HSA-6799198_O95167	-7.73766	0.00500	0.04608
CID_3775	R-HSA-1430728_R-HSA-1428517_R-HSA-163200_R-HSA-611105_R-HSA-6799198_O43678	-7.73743	0.00500	0.04608
CID_3775	R-HSA-1430728_R-HSA-1428517_R-HSA-163200_R-HSA-611105_R-HSA-6799198_O15239	-7.73798	0.00500	0.04608
CID_3775	R-HSA-1430728_R-HSA-1428517_R-HSA-163200_R-HSA-611105_R-HSA-6799198_O95299	-7.73762	0.00500	0.04608
CID_3775	R-HSA-1430728_R-HSA-1428517_R-HSA-163200_R-HSA-611105_R-HSA-6799198_O14561	-6.88885	0.00500	0.04608
CID_3775	R-HSA-1430728_R-HSA-1428517_R-HSA-163200_R-HSA-611105_R-HSA-6799198_O75438	-7.73852	0.00500	0.04608
CID_3775	R-HSA-1430728_R-HSA-1428517_R-HSA-163200_R-HSA-611105_R-HSA-6799198_O95178	-7.73831	0.00500	0.04608
CID_3775	R-HSA-1430728_R-HSA-1428517_R-HSA-163200_R-HSA-611105_R-HSA-6799198_O00217	-7.73777	0.00500	0.04608
CID_3775	R-HSA-1430728_R-HSA-1428517_R-HSA-163200_R-HSA-611105_R-HSA-6799198_O75380	-7.73831	0.00500	0.04608
CID_3775	R-HSA-1430728_R-HSA-1428517_R-HSA-163200_R-HSA-611105_R-HSA-6799198_O43920	-7.73802	0.00500	0.04608
CID_3775	R-HSA-1430728_R-HSA-1428517_R-HSA-163200_R-HSA-611105_R-HSA-6799198_O43181	-7.73738	0.00500	0.04608
CID_3775	R-HSA-1430728_R-HSA-1428517_R-HSA-163200_R-HSA-611105_R-HSA-6799198_P49821	-7.73738	0.00500	0.04608
CID_3775	R-HSA-1430728_R-HSA-1428517_R-HSA-163200_R-HSA-611105_R-HSA-6799198_O75489	-7.73786	0.00500	0.04608
CID_3775	R-HSA-1430728_R-HSA-1428517_R-HSA-163200_R-HSA-611105_R-HSA-6799198_O75306	-7.73862	0.00500	0.04608
CID_3775	R-HSA-1430728_R-HSA-1428517_R-HSA-163200_R-HSA-611105_R-HSA-6799198_P56181	-7.73732	0.00500	0.04608
CID_3775	R-HSA-1430728_R-HSA-1428517_R-HSA-163200_R-HSA-611105_R-HSA-6799198_P28331	-7.73750	0.00500	0.04608
CID_3775	R-HSA-1430728_R-HSA-1428517_R-HSA-163200_R-HSA-611105_R-HSA-6799198_O95298	-7.73780	0.00500	0.04608
CID_3775	R-HSA-1430728_R-HSA-1428517_R-HSA-163200_R-HSA-611105_R-HSA-6799198_O43677	-7.73765	0.00500	0.04608
CID_3775	R-HSA-1430728_R-HSA-1428517_R-HSA-163200_R-HSA-611105_R-HSA-6799198_O96000	-7.73777	0.00500	0.04608
CID_3775	R-HSA-1430728_R-HSA-1428517_R-HSA-163200_R-HSA-611105_R-HSA-6799198_Q9Y6M9	-7.73790	0.00500	0.04608
CID_3775	R-HSA-1430728_R-HSA-1428517_R-HSA-163200_R-HSA-611105_R-HSA-6799198_O95169	-7.73804	0.00500	0.04608
CID_3775	R-HSA-1430728_R-HSA-1428517_R-HSA-163200_R-HSA-611105_R-HSA-6799198_O95139	-7.73797	0.00500	0.04608
CID_3775	R-HSA-1430728_R-HSA-1428517_R-HSA-163200_R-HSA-611105_R-HSA-6799198_O43674	-7.73807	0.00500	0.04608
CID_3775	R-HSA-1430728_R-HSA-1428517_R-HSA-163200_R-HSA-611105_R-HSA-6799198_O95168	-7.73792	0.00500	0.04608
CID_3775	R-HSA-1430728_R-HSA-1428517_R-HSA-163200_R-HSA-611105_R-HSA-6799198_O43676	-7.73751	0.00500	0.04608
CID_3775	R-HSA-1430728_R-HSA-196854_R-HSA-196849_R-HSA-196807_R-HSA-197264_P40261	-5.99106	0.00500	0.04608
CID_3775	R-HSA-1430728_R-HSA-71387_R-HSA-70326_R-HSA-70171_R-HSA-9634600_P62714	-5.98225	0.00500	0.04608
CID_3775	R-HSA-1430728_R-HSA-71387_R-HSA-70326_R-HSA-70171_R-HSA-9634600_P67775	-6.28993	0.00500	0.04608
CID_3784	R-HSA-1430728_R-HSA-1475029_Q8N1Q1	-3.20459	0.00000	0.00000
CID_3784	R-HSA-1430728_R-HSA-1483249_R-HSA-1855204_P0DP23	-4.96380	0.00000	0.00000
CID_3784	R-HSA-1430728_R-HSA-202131_R-HSA-203615_P0DP23	-4.61617	0.00000	0.00000
CID_3784	R-HSA-1430728_R-HSA-202131_R-HSA-203615_P29474	-4.53548	0.00000	0.00000
CID_3784	R-HSA-1430728_R-HSA-15869_R-HSA-499943_P04818	-4.66997	0.00000	0.00000
CID_3784	R-HSA-1430728_R-HSA-163685_R-HSA-163765_P30613	-2.90556	0.00000	0.00000
CID_3784	R-HSA-1430728_R-HSA-163685_R-HSA-163767_P62714	-3.53310	0.00000	0.00000
CID_3784	R-HSA-1430728_R-HSA-163685_R-HSA-163767_P67775	-3.34373	0.00000	0.00000
CID_3784	R-HSA-1430728_R-HSA-71291_R-HSA-389661_Q02218	-4.59983	0.00000	0.00000
CID_3784	R-HSA-1430728_R-HSA-71291_R-HSA-389661_O14561	-5.57415	0.00000	0.00000
CID_3784	R-HSA-1430728_R-HSA-71291_R-HSA-389661_P11177	-5.65608	0.00000	0.00000
CID_3784	R-HSA-1430728_R-HSA-71291_R-HSA-70895_P54687	-4.80020	0.00000	0.00000
CID_3784	R-HSA-1430728_R-HSA-71291_R-HSA-71288_P48066	-4.83151	0.00000	0.00000
CID_3784	R-HSA-1430728_R-HSA-71291_R-HSA-70921_P50135	-5.20445	0.00000	0.00000
CID_3784	R-HSA-1430728_R-HSA-71291_R-HSA-71064_Q02218	-4.55838	0.00000	0.00000
CID_3784	R-HSA-1430728_R-HSA-15869_R-HSA-8956319_R-HSA-73621_P19971	-6.36148	0.00000	0.00000
CID_3784	R-HSA-1430728_R-HSA-15869_R-HSA-8956319_R-HSA-73621_Q16831	-6.61755	0.00000	0.00000
CID_3784	R-HSA-1430728_R-HSA-15869_R-HSA-8956321_R-HSA-73614_P19971	-6.73626	0.00000	0.00000
CID_3784	R-HSA-1430728_R-HSA-15869_R-HSA-8956321_R-HSA-73614_Q16831	-6.99233	0.00000	0.00000
CID_3784	R-HSA-1430728_R-HSA-163685_R-HSA-422356_R-HSA-400042_Q01668	0.51764	0.00000	0.00000
CID_3784	R-HSA-1430728_R-HSA-163685_R-HSA-422356_R-HSA-400042_Q13936	0.40859	0.00000	0.00000
CID_3784	R-HSA-1430728_R-HSA-163685_R-HSA-422356_R-HSA-400042_Q9NY47	0.62888	0.00000	0.00000
CID_3784	R-HSA-1430728_R-HSA-163685_R-HSA-422356_R-HSA-400042_Q08289	0.08245	0.00000	0.00000
CID_3784	R-HSA-1430728_R-HSA-163685_R-HSA-422356_R-HSA-381676_Q9BQ31	-1.02552	0.00000	0.00000
CID_3784	R-HSA-1430728_R-HSA-71291_R-HSA-209776_R-HSA-209931_P17752	-5.97520	0.00000	0.00000
CID_3784	R-HSA-1430728_R-HSA-71291_R-HSA-2408522_R-HSA-2408557_P39023	-5.75520	0.00000	0.00000
CID_3784	R-HSA-1430728_R-HSA-71291_R-HSA-2408522_R-HSA-2408508_P50135	-7.08577	0.00000	0.00000
CID_3784	R-HSA-1430728_R-HSA-71291_R-HSA-2408522_R-HSA-2408508_P40261	-6.92978	0.00000	0.00000
CID_3784	R-HSA-1430728_R-HSA-71291_R-HSA-351202_R-HSA-350562_P20618	-5.72196	0.00000	0.00000
CID_3784	R-HSA-1430728_R-HSA-71291_R-HSA-351202_R-HSA-350562_P49721	-5.96891	0.00000	0.00000
CID_3784	R-HSA-1430728_R-HSA-71291_R-HSA-351202_R-HSA-350562_P28074	-5.68505	0.00000	0.00000
CID_3784	R-HSA-1430728_R-HSA-71291_R-HSA-351202_R-HSA-350562_P28062	-6.27962	0.00000	0.00000
CID_3784	R-HSA-1430728_R-HSA-71291_R-HSA-351202_R-HSA-350562_P25786	-6.15326	0.00000	0.00000
CID_3784	R-HSA-1430728_R-HSA-71291_R-HSA-351202_R-HSA-350562_Q99460	-6.11617	0.00000	0.00000
CID_3784	R-HSA-1430728_R-HSA-71291_R-HSA-351202_R-HSA-350562_Q13200	-6.18073	0.00000	0.00000
CID_3784	R-HSA-1430728_R-HSA-1428517_R-HSA-163200_R-HSA-163210_P30049	-6.82386	0.00000	0.00000
CID_3784	R-HSA-1430728_R-HSA-196854_R-HSA-8978934_R-HSA-1474151_P0DP23	-6.70111	0.00000	0.00000
CID_3784	R-HSA-1430728_R-HSA-196854_R-HSA-8978934_R-HSA-1474151_P29474	-6.62041	0.00000	0.00000
CID_3784	R-HSA-1430728_R-HSA-196854_R-HSA-196849_R-HSA-196741_P33527	-8.00064	0.00000	0.00000
CID_3784	R-HSA-1430728_R-HSA-196854_R-HSA-196849_R-HSA-196741_P22033	-8.39396	0.00000	0.00000
CID_3784	R-HSA-1430728_R-HSA-196854_R-HSA-196849_R-HSA-196741_Q9UBK8	-8.39082	0.00000	0.00000
CID_3784	R-HSA-1430728_R-HSA-196854_R-HSA-196849_R-HSA-196741_O60494	-9.18668	0.00000	0.00000
CID_3784	R-HSA-1430728_R-HSA-196854_R-HSA-196849_R-HSA-196780_P11498	-7.04276	0.00000	0.00000
CID_3784	R-HSA-1430728_R-HSA-196854_R-HSA-196849_R-HSA-196780_Q9Y289	-9.43410	0.00000	0.00000
CID_3784	R-HSA-1430728_R-HSA-196854_R-HSA-196849_R-HSA-196757_Q96NT5	-7.91168	0.00000	0.00000
CID_3784	R-HSA-1430728_R-HSA-196854_R-HSA-196849_R-HSA-196757_P41440	-7.99558	0.00000	0.00000
CID_3784	R-HSA-1430728_R-HSA-196854_R-HSA-196849_R-HSA-196757_P34897	-8.50975	0.00000	0.00000
CID_3784	R-HSA-1430728_R-HSA-196854_R-HSA-196849_R-HSA-196757_P34896	-8.50850	0.00000	0.00000
CID_3784	R-HSA-1430728_R-HSA-196854_R-HSA-196849_R-HSA-196836_P78417	-7.12472	0.00000	0.00000
CID_3784	R-HSA-1430728_R-HSA-196854_R-HSA-196849_R-HSA-196836_Q9UHI7	-6.97912	0.00000	0.00000
CID_3784	R-HSA-1430728_R-HSA-71387_R-HSA-8982491_R-HSA-70221_P0DP23	-5.53837	0.00000	0.00000
CID_3784	R-HSA-1430728_R-HSA-71387_R-HSA-70326_R-HSA-70263_P11498	-6.71211	0.00000	0.00000
CID_3784	R-HSA-1430728_R-HSA-71387_R-HSA-70326_R-HSA-70263_P00558	-6.95299	0.00000	0.00000
CID_3784	R-HSA-1430728_R-HSA-1428517_R-HSA-163200_R-HSA-611105_R-HSA-6799198_P19404	-10.32561	0.00000	0.00000
CID_3784	R-HSA-1430728_R-HSA-1428517_R-HSA-163200_R-HSA-611105_R-HSA-6799198_Q16795	-10.32491	0.00000	0.00000
CID_3784	R-HSA-1430728_R-HSA-1428517_R-HSA-163200_R-HSA-611105_R-HSA-6799198_P51970	-10.32635	0.00000	0.00000
CID_3784	R-HSA-1430728_R-HSA-1428517_R-HSA-163200_R-HSA-611105_R-HSA-6799198_O95182	-10.32644	0.00000	0.00000
CID_3784	R-HSA-1430728_R-HSA-1428517_R-HSA-163200_R-HSA-611105_R-HSA-6799198_P56556	-10.32522	0.00000	0.00000
CID_3784	R-HSA-1430728_R-HSA-1428517_R-HSA-163200_R-HSA-611105_R-HSA-6799198_Q16718	-10.32539	0.00000	0.00000
CID_3784	R-HSA-1430728_R-HSA-1428517_R-HSA-163200_R-HSA-611105_R-HSA-6799198_O95167	-10.32521	0.00000	0.00000
CID_3784	R-HSA-1430728_R-HSA-1428517_R-HSA-163200_R-HSA-611105_R-HSA-6799198_O43678	-10.32497	0.00000	0.00000
CID_3784	R-HSA-1430728_R-HSA-1428517_R-HSA-163200_R-HSA-611105_R-HSA-6799198_O15239	-10.32554	0.00000	0.00000
CID_3784	R-HSA-1430728_R-HSA-1428517_R-HSA-163200_R-HSA-611105_R-HSA-6799198_O95299	-10.32517	0.00000	0.00000
CID_3784	R-HSA-1430728_R-HSA-1428517_R-HSA-163200_R-HSA-611105_R-HSA-6799198_O14561	-9.48807	0.00000	0.00000
CID_3784	R-HSA-1430728_R-HSA-1428517_R-HSA-163200_R-HSA-611105_R-HSA-6799198_O75438	-10.32607	0.00000	0.00000
CID_3784	R-HSA-1430728_R-HSA-1428517_R-HSA-163200_R-HSA-611105_R-HSA-6799198_O95178	-10.32587	0.00000	0.00000
CID_3784	R-HSA-1430728_R-HSA-1428517_R-HSA-163200_R-HSA-611105_R-HSA-6799198_O00217	-10.32532	0.00000	0.00000
CID_3784	R-HSA-1430728_R-HSA-1428517_R-HSA-163200_R-HSA-611105_R-HSA-6799198_O75380	-10.32586	0.00000	0.00000
CID_3784	R-HSA-1430728_R-HSA-1428517_R-HSA-163200_R-HSA-611105_R-HSA-6799198_O43920	-10.32557	0.00000	0.00000
CID_3784	R-HSA-1430728_R-HSA-1428517_R-HSA-163200_R-HSA-611105_R-HSA-6799198_O43181	-10.32492	0.00000	0.00000
CID_3784	R-HSA-1430728_R-HSA-1428517_R-HSA-163200_R-HSA-611105_R-HSA-6799198_P49821	-10.32493	0.00000	0.00000
CID_3784	R-HSA-1430728_R-HSA-1428517_R-HSA-163200_R-HSA-611105_R-HSA-6799198_O75489	-10.32541	0.00000	0.00000
CID_3784	R-HSA-1430728_R-HSA-1428517_R-HSA-163200_R-HSA-611105_R-HSA-6799198_O75306	-10.32619	0.00000	0.00000
CID_3784	R-HSA-1430728_R-HSA-1428517_R-HSA-163200_R-HSA-611105_R-HSA-6799198_P56181	-10.32486	0.00000	0.00000
CID_3784	R-HSA-1430728_R-HSA-1428517_R-HSA-163200_R-HSA-611105_R-HSA-6799198_P28331	-10.32505	0.00000	0.00000
CID_3784	R-HSA-1430728_R-HSA-1428517_R-HSA-163200_R-HSA-611105_R-HSA-6799198_O95298	-10.32535	0.00000	0.00000
CID_3784	R-HSA-1430728_R-HSA-1428517_R-HSA-163200_R-HSA-611105_R-HSA-6799198_O43677	-10.32520	0.00000	0.00000
CID_3784	R-HSA-1430728_R-HSA-1428517_R-HSA-163200_R-HSA-611105_R-HSA-6799198_O96000	-10.32532	0.00000	0.00000
CID_3784	R-HSA-1430728_R-HSA-1428517_R-HSA-163200_R-HSA-611105_R-HSA-6799198_Q9Y6M9	-10.32545	0.00000	0.00000
CID_3784	R-HSA-1430728_R-HSA-1428517_R-HSA-163200_R-HSA-611105_R-HSA-6799198_O95169	-10.32559	0.00000	0.00000
CID_3784	R-HSA-1430728_R-HSA-1428517_R-HSA-163200_R-HSA-611105_R-HSA-6799198_P17568	-10.32546	0.00000	0.00000
CID_3784	R-HSA-1430728_R-HSA-1428517_R-HSA-163200_R-HSA-611105_R-HSA-6799198_O95139	-10.32553	0.00000	0.00000
CID_3784	R-HSA-1430728_R-HSA-1428517_R-HSA-163200_R-HSA-611105_R-HSA-6799198_O43674	-10.32562	0.00000	0.00000
CID_3784	R-HSA-1430728_R-HSA-1428517_R-HSA-163200_R-HSA-611105_R-HSA-6799198_O95168	-10.32547	0.00000	0.00000
CID_3784	R-HSA-1430728_R-HSA-1428517_R-HSA-163200_R-HSA-611105_R-HSA-6799198_O43676	-10.32506	0.00000	0.00000
CID_3784	R-HSA-1430728_R-HSA-1428517_R-HSA-71406_R-HSA-70268_R-HSA-204174_P19793	-8.62415	0.00000	0.00000
CID_3784	R-HSA-1430728_R-HSA-1428517_R-HSA-71406_R-HSA-70268_R-HSA-204174_P11177	-9.85672	0.00000	0.00000
CID_3784	R-HSA-1430728_R-HSA-196854_R-HSA-196849_R-HSA-196807_R-HSA-197264_P40261	-8.58622	0.00000	0.00000
CID_3784	R-HSA-1430728_R-HSA-196854_R-HSA-196849_R-HSA-196807_R-HSA-197264_Q16647	-8.76108	0.00000	0.00000
CID_3784	R-HSA-1430728_R-HSA-163685_R-HSA-163680_O43741	-4.93504	0.00500	0.04608
CID_3784	R-HSA-1430728_R-HSA-15869_R-HSA-8956321_R-HSA-74217_P00813	-6.37765	0.00500	0.04608
CID_3784	R-HSA-1430728_R-HSA-1428517_R-HSA-71406_R-HSA-71403_Q02218	-6.64450	0.00500	0.04608
CID_3784	R-HSA-1430728_R-HSA-71387_R-HSA-70326_R-HSA-70171_R-HSA-9634600_P67775	-8.37500	0.00500	0.04608
CID_387447	R-HSA-1430728_R-HSA-202131_R-HSA-203615_P0DP23	-5.78076	0.00000	0.00000
CID_387447	R-HSA-1430728_R-HSA-71291_R-HSA-71064_Q02218	-6.58421	0.00000	0.00000
CID_387447	R-HSA-1430728_R-HSA-71291_R-HSA-2408522_R-HSA-2408508_P50135	-9.39389	0.00000	0.00000
CID_387447	R-HSA-1430728_R-HSA-71291_R-HSA-2408522_R-HSA-2408508_P40261	-9.24998	0.00000	0.00000
CID_387447	R-HSA-1430728_R-HSA-71291_R-HSA-351202_R-HSA-350562_P20618	-8.56607	0.00000	0.00000
CID_387447	R-HSA-1430728_R-HSA-71291_R-HSA-351202_R-HSA-350562_P49721	-8.58871	0.00000	0.00000
CID_387447	R-HSA-1430728_R-HSA-71291_R-HSA-351202_R-HSA-350562_P28074	-8.53938	0.00000	0.00000
CID_387447	R-HSA-1430728_R-HSA-71291_R-HSA-351202_R-HSA-350562_P28062	-8.54768	0.00000	0.00000
CID_387447	R-HSA-1430728_R-HSA-71291_R-HSA-351202_R-HSA-350562_P25786	-8.94276	0.00000	0.00000
CID_387447	R-HSA-1430728_R-HSA-71291_R-HSA-351202_R-HSA-350562_Q99460	-8.96937	0.00000	0.00000
CID_387447	R-HSA-1430728_R-HSA-196854_R-HSA-8978934_R-HSA-1474151_P29474	-8.77655	0.00000	0.00000
CID_387447	R-HSA-74160_R-HSA-73857_R-HSA-212436_R-HSA-383280_P19793	-3.85943	0.00000	0.00000
CID_387447	R-HSA-74160_R-HSA-73857_R-HSA-212436_R-HSA-383280_P51843	-4.77623	0.00000	0.00000
CID_387447	R-HSA-1430728_R-HSA-1428517_R-HSA-71406_R-HSA-70268_R-HSA-204174_P19793	-10.75736	0.00000	0.00000
CID_387447	R-HSA-74160_R-HSA-73857_R-HSA-212436_R-HSA-8878166_R-HSA-8941326_R-HSA-8940973_Q9UBN7	-7.49050	0.00000	0.00000
CID_387447	R-HSA-74160_R-HSA-73857_R-HSA-212436_R-HSA-8878166_R-HSA-8941326_R-HSA-8941284_P56524	-8.35509	0.00000	0.00000
CID_387447	R-HSA-1430728_R-HSA-1483249_R-HSA-1855204_P0DP23	-6.33525	0.00500	0.04608
CID_387447	R-HSA-1430728_R-HSA-202131_R-HSA-203615_P29474	-6.01727	0.00500	0.04608
CID_387447	R-HSA-1430728_R-HSA-71291_R-HSA-389661_O14561	-7.58278	0.00500	0.04608
CID_387447	R-HSA-1430728_R-HSA-71291_R-HSA-70895_P54687	-6.80926	0.00500	0.04608
CID_387447	R-HSA-1430728_R-HSA-71291_R-HSA-71288_P48066	-6.82945	0.00500	0.04608
CID_387447	R-HSA-1430728_R-HSA-71291_R-HSA-70921_P50135	-7.21410	0.00500	0.04608
CID_387447	R-HSA-1430728_R-HSA-163685_R-HSA-422356_R-HSA-400042_Q01668	-5.58525	0.00500	0.04608
CID_387447	R-HSA-1430728_R-HSA-163685_R-HSA-422356_R-HSA-400042_Q13936	-5.73214	0.00500	0.04608
CID_387447	R-HSA-1430728_R-HSA-163685_R-HSA-422356_R-HSA-400042_Q9NY47	-5.50303	0.00500	0.04608
CID_387447	R-HSA-1430728_R-HSA-163685_R-HSA-422356_R-HSA-400042_Q08289	-6.02708	0.00500	0.04608
CID_387447	R-HSA-1430728_R-HSA-163685_R-HSA-422356_R-HSA-381676_Q9BQ31	-4.53347	0.00500	0.04608
CID_387447	R-HSA-1430728_R-HSA-71291_R-HSA-209776_R-HSA-209931_P17752	-8.26661	0.00500	0.04608
CID_387447	R-HSA-1430728_R-HSA-71291_R-HSA-2408522_R-HSA-2408557_P39023	-8.06431	0.00500	0.04608
CID_387447	R-HSA-1430728_R-HSA-71291_R-HSA-351202_R-HSA-350562_Q13200	-8.91499	0.00500	0.04608
CID_387447	R-HSA-1430728_R-HSA-196854_R-HSA-8978934_R-HSA-1474151_P0DP23	-8.54004	0.00500	0.04608
CID_387447	R-HSA-1430728_R-HSA-71387_R-HSA-8982491_R-HSA-70221_P0DP23	-7.31651	0.00500	0.04608
CID_387447	R-HSA-74160_R-HSA-73857_R-HSA-212436_R-HSA-350054_P56524	-4.53986	0.00500	0.04608
CID_387447	R-HSA-74160_R-HSA-73857_R-HSA-212436_R-HSA-350054_Q9UBN7	-4.74701	0.00500	0.04608
CID_387447	R-HSA-74160_R-HSA-73857_R-HSA-212436_R-HSA-383280_P06401	-4.83739	0.00500	0.04608
CID_387447	R-HSA-74160_R-HSA-73857_R-HSA-212436_R-HSA-8878171_R-HSA-8939236_P20618	-2.27162	0.00500	0.04608
CID_387447	R-HSA-74160_R-HSA-73857_R-HSA-212436_R-HSA-8878171_R-HSA-8939236_P49721	-2.29426	0.00500	0.04608
CID_387447	R-HSA-74160_R-HSA-73857_R-HSA-212436_R-HSA-8878171_R-HSA-8939236_P28074	-2.24493	0.00500	0.04608
CID_387447	R-HSA-74160_R-HSA-73857_R-HSA-212436_R-HSA-8878171_R-HSA-8939236_P28062	-2.25322	0.00500	0.04608
CID_387447	R-HSA-74160_R-HSA-73857_R-HSA-212436_R-HSA-8878171_R-HSA-8939236_P00519	-3.32004	0.00500	0.04608
CID_387447	R-HSA-74160_R-HSA-73857_R-HSA-212436_R-HSA-8878171_R-HSA-8939236_P25786	-2.64830	0.00500	0.04608
CID_387447	R-HSA-74160_R-HSA-73857_R-HSA-212436_R-HSA-8878171_R-HSA-8939236_Q99460	-2.67492	0.00500	0.04608
CID_387447	R-HSA-74160_R-HSA-73857_R-HSA-212436_R-HSA-8878171_R-HSA-8939236_Q13200	-2.62053	0.00500	0.04608
CID_387447	R-HSA-74160_R-HSA-73857_R-HSA-212436_R-HSA-8878171_R-HSA-8931987_P03372	-5.09996	0.00500	0.04608
CID_387447	R-HSA-74160_R-HSA-73857_R-HSA-212436_R-HSA-8878171_R-HSA-8939256_P03372	-5.27739	0.00500	0.04608
CID_387447	R-HSA-74160_R-HSA-73857_R-HSA-212436_R-HSA-9614085_R-HSA-9617629_Q96EB6	-6.30675	0.00500	0.04608
CID_387447	R-HSA-74160_R-HSA-73857_R-HSA-212436_R-HSA-8878166_R-HSA-8941326_R-HSA-8940973_P10275	-7.44090	0.00500	0.04608
CID_387447	R-HSA-74160_R-HSA-73857_R-HSA-212436_R-HSA-8878166_R-HSA-8941326_R-HSA-8940973_P00519	-7.03088	0.00500	0.04608
CID_3899	R-HSA-1430728_R-HSA-1475029_Q8N1Q1	-1.14969	0.00000	0.00000
CID_3899	R-HSA-1430728_R-HSA-1483249_R-HSA-1855204_P0DP23	-2.33687	0.00000	0.00000
CID_3899	R-HSA-1430728_R-HSA-202131_R-HSA-203615_P0DP23	-2.17419	0.00000	0.00000
CID_3899	R-HSA-1430728_R-HSA-202131_R-HSA-203615_P29474	-2.31042	0.00000	0.00000
CID_3899	R-HSA-1430728_R-HSA-15869_R-HSA-499943_P04818	-2.13456	0.00000	0.00000
CID_3899	R-HSA-1430728_R-HSA-163685_R-HSA-163765_P30613	-1.43739	0.00000	0.00000
CID_3899	R-HSA-1430728_R-HSA-163685_R-HSA-163767_P62714	-2.08699	0.00000	0.00000
CID_3899	R-HSA-1430728_R-HSA-163685_R-HSA-163767_P67775	-2.07700	0.00000	0.00000
CID_3899	R-HSA-1430728_R-HSA-71291_R-HSA-389661_Q02218	-2.14842	0.00000	0.00000
CID_3899	R-HSA-1430728_R-HSA-71291_R-HSA-389661_O14561	-3.13117	0.00000	0.00000
CID_3899	R-HSA-1430728_R-HSA-71291_R-HSA-389661_P11177	-3.20612	0.00000	0.00000
CID_3899	R-HSA-1430728_R-HSA-71291_R-HSA-70895_P54687	-2.36336	0.00000	0.00000
CID_3899	R-HSA-1430728_R-HSA-71291_R-HSA-71288_P48066	-2.40393	0.00000	0.00000
CID_3899	R-HSA-1430728_R-HSA-71291_R-HSA-70921_P50135	-2.75986	0.00000	0.00000
CID_3899	R-HSA-1430728_R-HSA-71291_R-HSA-71064_Q02218	-2.10925	0.00000	0.00000
CID_3899	R-HSA-1430728_R-HSA-211859_R-HSA-5423646_P10620	-4.37854	0.00000	0.00000
CID_3899	R-HSA-1430728_R-HSA-211859_R-HSA-5423646_O14880	-4.36204	0.00000	0.00000
CID_3899	R-HSA-1430728_R-HSA-15869_R-HSA-8956319_R-HSA-73621_P19971	-3.10111	0.00000	0.00000
CID_3899	R-HSA-1430728_R-HSA-15869_R-HSA-8956319_R-HSA-73621_Q16831	-3.35699	0.00000	0.00000
CID_3899	R-HSA-1430728_R-HSA-15869_R-HSA-8956321_R-HSA-74217_P00813	-3.13204	0.00000	0.00000
CID_3899	R-HSA-1430728_R-HSA-15869_R-HSA-8956321_R-HSA-73614_P19971	-3.48537	0.00000	0.00000
CID_3899	R-HSA-1430728_R-HSA-15869_R-HSA-8956321_R-HSA-73614_Q16831	-3.74125	0.00000	0.00000
CID_3899	R-HSA-1430728_R-HSA-163685_R-HSA-422356_R-HSA-400042_Q01668	-0.92830	0.00000	0.00000
CID_3899	R-HSA-1430728_R-HSA-163685_R-HSA-422356_R-HSA-400042_Q13936	-1.07523	0.00000	0.00000
CID_3899	R-HSA-1430728_R-HSA-163685_R-HSA-422356_R-HSA-400042_Q9NY47	-0.84609	0.00000	0.00000
CID_3899	R-HSA-1430728_R-HSA-163685_R-HSA-422356_R-HSA-400042_Q08289	-1.37015	0.00000	0.00000
CID_3899	R-HSA-1430728_R-HSA-163685_R-HSA-422356_R-HSA-381676_Q9BQ31	0.14064	0.00000	0.00000
CID_3899	R-HSA-1430728_R-HSA-71291_R-HSA-209776_R-HSA-209931_P17752	-2.86974	0.00000	0.00000
CID_3899	R-HSA-1430728_R-HSA-71291_R-HSA-2408522_R-HSA-2408557_P39023	-2.61706	0.00000	0.00000
CID_3899	R-HSA-1430728_R-HSA-71291_R-HSA-2408522_R-HSA-2408508_P50135	-3.95011	0.00000	0.00000
CID_3899	R-HSA-1430728_R-HSA-71291_R-HSA-2408522_R-HSA-2408508_P40261	-3.78910	0.00000	0.00000
CID_3899	R-HSA-1430728_R-HSA-71291_R-HSA-351202_R-HSA-350562_P20618	-2.62143	0.00000	0.00000
CID_3899	R-HSA-1430728_R-HSA-71291_R-HSA-351202_R-HSA-350562_P49721	-2.86348	0.00000	0.00000
CID_3899	R-HSA-1430728_R-HSA-71291_R-HSA-351202_R-HSA-350562_P28074	-2.58504	0.00000	0.00000
CID_3899	R-HSA-1430728_R-HSA-71291_R-HSA-351202_R-HSA-350562_P28062	-3.16216	0.00000	0.00000
CID_3899	R-HSA-1430728_R-HSA-71291_R-HSA-351202_R-HSA-350562_P25786	-3.05199	0.00000	0.00000
CID_3899	R-HSA-1430728_R-HSA-71291_R-HSA-351202_R-HSA-350562_Q99460	-3.01552	0.00000	0.00000
CID_3899	R-HSA-1430728_R-HSA-71291_R-HSA-351202_R-HSA-350562_Q13200	-3.07899	0.00000	0.00000
CID_3899	R-HSA-1430728_R-HSA-1428517_R-HSA-163200_R-HSA-163210_P30049	-3.83925	0.00000	0.00000
CID_3899	R-HSA-1430728_R-HSA-1428517_R-HSA-71406_R-HSA-71403_Q02218	-3.52142	0.00000	0.00000
CID_3899	R-HSA-1430728_R-HSA-196854_R-HSA-8978934_R-HSA-1474151_P0DP23	-3.41196	0.00000	0.00000
CID_3899	R-HSA-1430728_R-HSA-196854_R-HSA-8978934_R-HSA-1474151_P29474	-3.54818	0.00000	0.00000
CID_3899	R-HSA-1430728_R-HSA-196854_R-HSA-196849_R-HSA-196741_P33527	-4.70884	0.00000	0.00000
CID_3899	R-HSA-1430728_R-HSA-196854_R-HSA-196849_R-HSA-196741_P22033	-4.45534	0.00000	0.00000
CID_3899	R-HSA-1430728_R-HSA-196854_R-HSA-196849_R-HSA-196741_Q9UBK8	-4.87397	0.00000	0.00000
CID_3899	R-HSA-1430728_R-HSA-196854_R-HSA-196849_R-HSA-196741_O60494	-6.03360	0.00000	0.00000
CID_3899	R-HSA-1430728_R-HSA-196854_R-HSA-196849_R-HSA-196741_P20061	-12.29720	0.00000	0.00000
CID_3899	R-HSA-1430728_R-HSA-196854_R-HSA-196849_R-HSA-196780_P05165	-9.60502	0.00000	0.00000
CID_3899	R-HSA-1430728_R-HSA-196854_R-HSA-196849_R-HSA-196780_P11498	-3.85232	0.00000	0.00000
CID_3899	R-HSA-1430728_R-HSA-196854_R-HSA-196849_R-HSA-196780_Q9Y289	-6.28172	0.00000	0.00000
CID_3899	R-HSA-1430728_R-HSA-196854_R-HSA-196849_R-HSA-196757_Q96NT5	-4.75943	0.00000	0.00000
CID_3899	R-HSA-1430728_R-HSA-196854_R-HSA-196849_R-HSA-196757_P41440	-4.84313	0.00000	0.00000
CID_3899	R-HSA-1430728_R-HSA-196854_R-HSA-196849_R-HSA-196757_P34897	-5.35749	0.00000	0.00000
CID_3899	R-HSA-1430728_R-HSA-196854_R-HSA-196849_R-HSA-196757_P34896	-5.35624	0.00000	0.00000
CID_3899	R-HSA-1430728_R-HSA-196854_R-HSA-196849_R-HSA-196836_P78417	-3.90727	0.00000	0.00000
CID_3899	R-HSA-1430728_R-HSA-196854_R-HSA-196849_R-HSA-196836_Q9UHI7	-3.82852	0.00000	0.00000
CID_3899	R-HSA-1430728_R-HSA-71387_R-HSA-8982491_R-HSA-70221_P0DP23	-2.12360	0.00000	0.00000
CID_3899	R-HSA-1430728_R-HSA-71387_R-HSA-8982491_R-HSA-70221_P06737	-4.63302	0.00000	0.00000
CID_3899	R-HSA-1430728_R-HSA-71387_R-HSA-70326_R-HSA-70263_P11498	-3.34455	0.00000	0.00000
CID_3899	R-HSA-1430728_R-HSA-71387_R-HSA-70326_R-HSA-70263_P00558	-3.55497	0.00000	0.00000
CID_3899	R-HSA-1430728_R-HSA-211859_R-HSA-211945_R-HSA-71384_P05091	-6.50827	0.00000	0.00000
CID_3899	R-HSA-1430728_R-HSA-211859_R-HSA-211945_R-HSA-8937144_P35869	-4.24643	0.00000	0.00000
CID_3899	R-HSA-1430728_R-HSA-211859_R-HSA-156580_R-HSA-156588_O60656	-4.62360	0.00000	0.00000
CID_3899	R-HSA-1430728_R-HSA-211859_R-HSA-156580_R-HSA-156581_P40261	-5.50087	0.00000	0.00000
CID_3899	R-HSA-1430728_R-HSA-211859_R-HSA-156580_R-HSA-156581_P78417	-5.81650	0.00000	0.00000
CID_3899	R-HSA-1430728_R-HSA-556833_R-HSA-400206_R-HSA-1989781_P04798	1.21965	0.00000	0.00000
CID_3899	R-HSA-1430728_R-HSA-556833_R-HSA-400206_R-HSA-1989781_P19793	0.82360	0.00000	0.00000
CID_3899	R-HSA-1430728_R-HSA-556833_R-HSA-400206_R-HSA-1989781_P35869	1.35180	0.00000	0.00000
CID_3899	R-HSA-1430728_R-HSA-556833_R-HSA-400206_R-HSA-1989781_O60656	0.65617	0.00000	0.00000
CID_3899	R-HSA-1430728_R-HSA-556833_R-HSA-400206_R-HSA-1989781_O60427	0.68536	0.00000	0.00000
CID_3899	R-HSA-1430728_R-HSA-556833_R-HSA-400206_R-HSA-1989781_Q9Y6Q9	-0.20790	0.00000	0.00000
CID_3899	R-HSA-1430728_R-HSA-556833_R-HSA-9018678_R-HSA-2142700_Q16873	-4.39811	0.00000	0.00000
CID_3899	R-HSA-1430728_R-HSA-556833_R-HSA-8978868_R-HSA-200425_P19793	-3.64328	0.00000	0.00000
CID_3899	R-HSA-1430728_R-HSA-556833_R-HSA-8978868_R-HSA-200425_O43741	-4.89149	0.00000	0.00000
CID_3899	R-HSA-1430728_R-HSA-1428517_R-HSA-163200_R-HSA-611105_R-HSA-6799198_P19404	-6.71689	0.00000	0.00000
CID_3899	R-HSA-1430728_R-HSA-1428517_R-HSA-163200_R-HSA-611105_R-HSA-6799198_Q16795	-6.71618	0.00000	0.00000
CID_3899	R-HSA-1430728_R-HSA-1428517_R-HSA-163200_R-HSA-611105_R-HSA-6799198_P51970	-6.71763	0.00000	0.00000
CID_3899	R-HSA-1430728_R-HSA-1428517_R-HSA-163200_R-HSA-611105_R-HSA-6799198_O95182	-6.71773	0.00000	0.00000
CID_3899	R-HSA-1430728_R-HSA-1428517_R-HSA-163200_R-HSA-611105_R-HSA-6799198_P56556	-6.71649	0.00000	0.00000
CID_3899	R-HSA-1430728_R-HSA-1428517_R-HSA-163200_R-HSA-611105_R-HSA-6799198_Q16718	-6.71667	0.00000	0.00000
CID_3899	R-HSA-1430728_R-HSA-1428517_R-HSA-163200_R-HSA-611105_R-HSA-6799198_O95167	-6.71648	0.00000	0.00000
CID_3899	R-HSA-1430728_R-HSA-1428517_R-HSA-163200_R-HSA-611105_R-HSA-6799198_O43678	-6.71624	0.00000	0.00000
CID_3899	R-HSA-1430728_R-HSA-1428517_R-HSA-163200_R-HSA-611105_R-HSA-6799198_O15239	-6.71681	0.00000	0.00000
CID_3899	R-HSA-1430728_R-HSA-1428517_R-HSA-163200_R-HSA-611105_R-HSA-6799198_O95299	-6.71644	0.00000	0.00000
CID_3899	R-HSA-1430728_R-HSA-1428517_R-HSA-163200_R-HSA-611105_R-HSA-6799198_O14561	-5.83584	0.00000	0.00000
CID_3899	R-HSA-1430728_R-HSA-1428517_R-HSA-163200_R-HSA-611105_R-HSA-6799198_O75438	-6.71735	0.00000	0.00000
CID_3899	R-HSA-1430728_R-HSA-1428517_R-HSA-163200_R-HSA-611105_R-HSA-6799198_O95178	-6.71715	0.00000	0.00000
CID_3899	R-HSA-1430728_R-HSA-1428517_R-HSA-163200_R-HSA-611105_R-HSA-6799198_O00217	-6.71659	0.00000	0.00000
CID_3899	R-HSA-1430728_R-HSA-1428517_R-HSA-163200_R-HSA-611105_R-HSA-6799198_O75380	-6.71714	0.00000	0.00000
CID_3899	R-HSA-1430728_R-HSA-1428517_R-HSA-163200_R-HSA-611105_R-HSA-6799198_O43920	-6.71685	0.00000	0.00000
CID_3899	R-HSA-1430728_R-HSA-1428517_R-HSA-163200_R-HSA-611105_R-HSA-6799198_O43181	-6.71619	0.00000	0.00000
CID_3899	R-HSA-1430728_R-HSA-1428517_R-HSA-163200_R-HSA-611105_R-HSA-6799198_P49821	-6.71620	0.00000	0.00000
CID_3899	R-HSA-1430728_R-HSA-1428517_R-HSA-163200_R-HSA-611105_R-HSA-6799198_O75489	-6.71669	0.00000	0.00000
CID_3899	R-HSA-1430728_R-HSA-1428517_R-HSA-163200_R-HSA-611105_R-HSA-6799198_O75306	-6.71747	0.00000	0.00000
CID_3899	R-HSA-1430728_R-HSA-1428517_R-HSA-163200_R-HSA-611105_R-HSA-6799198_P56181	-6.71613	0.00000	0.00000
CID_3899	R-HSA-1430728_R-HSA-1428517_R-HSA-163200_R-HSA-611105_R-HSA-6799198_P28331	-6.71631	0.00000	0.00000
CID_3899	R-HSA-1430728_R-HSA-1428517_R-HSA-163200_R-HSA-611105_R-HSA-6799198_O95298	-6.71662	0.00000	0.00000
CID_3899	R-HSA-1430728_R-HSA-1428517_R-HSA-163200_R-HSA-611105_R-HSA-6799198_O43677	-6.71647	0.00000	0.00000
CID_3899	R-HSA-1430728_R-HSA-1428517_R-HSA-163200_R-HSA-611105_R-HSA-6799198_O96000	-6.71659	0.00000	0.00000
CID_3899	R-HSA-1430728_R-HSA-1428517_R-HSA-163200_R-HSA-611105_R-HSA-6799198_Q9Y6M9	-6.71673	0.00000	0.00000
CID_3899	R-HSA-1430728_R-HSA-1428517_R-HSA-163200_R-HSA-611105_R-HSA-6799198_O95169	-6.71686	0.00000	0.00000
CID_3899	R-HSA-1430728_R-HSA-1428517_R-HSA-163200_R-HSA-611105_R-HSA-6799198_P17568	-6.71673	0.00000	0.00000
CID_3899	R-HSA-1430728_R-HSA-1428517_R-HSA-163200_R-HSA-611105_R-HSA-6799198_O95139	-6.71680	0.00000	0.00000
CID_3899	R-HSA-1430728_R-HSA-1428517_R-HSA-163200_R-HSA-611105_R-HSA-6799198_O43674	-6.71689	0.00000	0.00000
CID_3899	R-HSA-1430728_R-HSA-1428517_R-HSA-163200_R-HSA-611105_R-HSA-6799198_O95168	-6.71674	0.00000	0.00000
CID_3899	R-HSA-1430728_R-HSA-1428517_R-HSA-163200_R-HSA-611105_R-HSA-6799198_O43676	-6.71633	0.00000	0.00000
CID_3899	R-HSA-1430728_R-HSA-1428517_R-HSA-71406_R-HSA-70268_R-HSA-204174_P19793	-4.59019	0.00000	0.00000
CID_3899	R-HSA-1430728_R-HSA-1428517_R-HSA-71406_R-HSA-70268_R-HSA-204174_P11177	-6.06431	0.00000	0.00000
CID_3899	R-HSA-1430728_R-HSA-196854_R-HSA-196849_R-HSA-196807_R-HSA-197264_P40261	-4.74534	0.00000	0.00000
CID_3899	R-HSA-1430728_R-HSA-196854_R-HSA-196849_R-HSA-196807_R-HSA-197264_Q16647	-4.91928	0.00000	0.00000
CID_3899	R-HSA-1430728_R-HSA-71387_R-HSA-70326_R-HSA-70171_R-HSA-9634600_P67775	-4.44149	0.00000	0.00000
CID_3899	R-HSA-1430728_R-HSA-211859_R-HSA-211945_R-HSA-211897_R-HSA-211976_P35869	-5.62998	0.00000	0.00000
CID_3899	R-HSA-1430728_R-HSA-211859_R-HSA-211945_R-HSA-211897_R-HSA-211976_Q16647	-7.12448	0.00000	0.00000
CID_3899	R-HSA-1430728_R-HSA-211859_R-HSA-211945_R-HSA-211897_R-HSA-211979_P24557	-8.84173	0.00000	0.00000
CID_3899	R-HSA-1430728_R-HSA-211859_R-HSA-211945_R-HSA-211897_R-HSA-211979_Q16647	-7.81402	0.00000	0.00000
CID_3899	R-HSA-1430728_R-HSA-556833_R-HSA-1483257_R-HSA-1483206_R-HSA-1483191_P06276	-8.79499	0.00000	0.00000
CID_3899	R-HSA-1430728_R-HSA-556833_R-HSA-1483257_R-HSA-1483206_R-HSA-1482788_P47712	-7.85005	0.00000	0.00000
CID_3899	R-HSA-1430728_R-HSA-556833_R-HSA-1483257_R-HSA-1483206_R-HSA-1482798_P47712	-8.32241	0.00000	0.00000
CID_3899	R-HSA-1430728_R-HSA-556833_R-HSA-1483257_R-HSA-1483206_R-HSA-1482801_P47712	-7.76795	0.00000	0.00000
CID_3899	R-HSA-1430728_R-HSA-556833_R-HSA-1483257_R-HSA-1483206_R-HSA-1482839_P47712	-7.52659	0.00000	0.00000
CID_3899	R-HSA-1430728_R-HSA-556833_R-HSA-1483257_R-HSA-1483206_R-HSA-1482922_P47712	-7.78290	0.00000	0.00000
CID_3899	R-HSA-1430728_R-HSA-556833_R-HSA-1483257_R-HSA-1483206_R-HSA-1482925_P47712	-7.36418	0.00000	0.00000
CID_3899	R-HSA-1430728_R-HSA-556833_R-HSA-1483257_R-HSA-1483206_R-HSA-1483166_P47712	-7.58792	0.00000	0.00000
CID_3899	R-HSA-1430728_R-HSA-556833_R-HSA-1483257_R-HSA-1483206_R-HSA-1483213_Q99447	-8.10321	0.00000	0.00000
CID_3899	R-HSA-1430728_R-HSA-556833_R-HSA-1483257_R-HSA-1483255_R-HSA-1660499_O00750	-8.77616	0.00000	0.00000
CID_3899	R-HSA-1430728_R-HSA-556833_R-HSA-1483257_R-HSA-1483255_R-HSA-1660499_Q8TBX8	-7.18964	0.00000	0.00000
CID_3899	R-HSA-1430728_R-HSA-556833_R-HSA-1483257_R-HSA-1483255_R-HSA-1660514_Q9UBF8	-8.99322	0.00000	0.00000
CID_3899	R-HSA-1430728_R-HSA-556833_R-HSA-8978868_R-HSA-2046104_R-HSA-2046106_O60427	-6.07253	0.00000	0.00000
CID_3899	R-HSA-1430728_R-HSA-556833_R-HSA-8978868_R-HSA-2046104_R-HSA-2046106_O95864	-7.98609	0.00000	0.00000
CID_3899	R-HSA-1430728_R-HSA-556833_R-HSA-8978868_R-HSA-2142753_R-HSA-2142670_Q16678	-44.94887	0.00000	0.00000
CID_3899	R-HSA-1430728_R-HSA-556833_R-HSA-8978868_R-HSA-2142753_R-HSA-2142670_P04798	-42.20238	0.00000	0.00000
CID_3899	R-HSA-1430728_R-HSA-556833_R-HSA-8978868_R-HSA-2142753_R-HSA-2142816_Q16678	-8.46095	0.00000	0.00000
CID_3899	R-HSA-1430728_R-HSA-556833_R-HSA-8978868_R-HSA-2142753_R-HSA-2142816_P04798	-5.71446	0.00000	0.00000
CID_3899	R-HSA-1430728_R-HSA-556833_R-HSA-8978868_R-HSA-2142753_R-HSA-2142691_P33527	-7.22462	0.00000	0.00000
CID_3899	R-HSA-1430728_R-HSA-556833_R-HSA-8978868_R-HSA-2142753_R-HSA-2142691_P13584	-7.45708	0.00000	0.00000
CID_3899	R-HSA-1430728_R-HSA-556833_R-HSA-8978868_R-HSA-2142753_R-HSA-2142691_Q16873	-7.00745	0.00000	0.00000
CID_3899	R-HSA-1430728_R-HSA-556833_R-HSA-8978868_R-HSA-2142753_R-HSA-2162123_P16152	-9.51433	0.00000	0.00000
CID_3899	R-HSA-1430728_R-HSA-556833_R-HSA-8978868_R-HSA-2142753_R-HSA-2162123_P24557	-8.65881	0.00000	0.00000
CID_3899	R-HSA-1430728_R-HSA-556833_R-HSA-8978868_R-HSA-2142753_R-HSA-2162123_Q16647	-7.63110	0.00000	0.00000
CID_3899	R-HSA-1430728_R-HSA-556833_R-HSA-8978868_R-HSA-2142753_R-HSA-2142688_Q15166	-9.28339	0.00000	0.00000
CID_3899	R-HSA-1430728_R-HSA-556833_R-HSA-8978868_R-HSA-2142753_R-HSA-2142688_Q16873	-7.78786	0.00000	0.00000
CID_3899	R-HSA-1430728_R-HSA-556833_R-HSA-8978868_R-HSA-390918_R-HSA-389599_O14832	-7.04332	0.00000	0.00000
CID_3899	R-HSA-1430728_R-HSA-556833_R-HSA-8978868_R-HSA-75105_R-HSA-75876_Q9GZR5	-9.07520	0.00000	0.00000
CID_3899	R-HSA-1430728_R-HSA-556833_R-HSA-8978868_R-HSA-77289_R-HSA-71032_P05165	-11.53864	0.00000	0.00000
CID_3899	R-HSA-1430728_R-HSA-556833_R-HSA-8978868_R-HSA-77289_R-HSA-71032_P22033	-6.15482	0.00000	0.00000
CID_3899	R-HSA-1430728_R-HSA-163685_R-HSA-163680_O43741	-2.92145	0.00500	0.04608
CID_3899	R-HSA-1430728_R-HSA-211859_R-HSA-156580_R-HSA-156581_Q9UBK8	-6.23397	0.00500	0.04608
CID_3899	R-HSA-1430728_R-HSA-71387_R-HSA-70326_R-HSA-70171_R-HSA-9634600_P62714	-4.45147	0.00500	0.04608
CID_3899	R-HSA-1430728_R-HSA-211859_R-HSA-211945_R-HSA-211897_R-HSA-211976_P19793	-6.15819	0.00500	0.04608
CID_3899	R-HSA-1430728_R-HSA-211859_R-HSA-211945_R-HSA-211897_R-HSA-211979_P13584	-8.44052	0.00500	0.04608
CID_3899	R-HSA-1430728_R-HSA-556833_R-HSA-1483257_R-HSA-1483206_R-HSA-1483191_P22303	-9.45910	0.00500	0.04608
CID_3899	R-HSA-1430728_R-HSA-556833_R-HSA-8978868_R-HSA-2142753_R-HSA-2142670_P34913	-82.47395	0.00500	0.04608
CID_3899	R-HSA-1430728_R-HSA-211859_R-HSA-156580_R-HSA-156587_R-HSA-159424_R-HSA-177128_Q6IB77	-11.42970	0.00500	0.04608
CID_392622	R-HSA-162582_R-HSA-372790_R-HSA-388396_R-HSA-418597_P05771	-7.42113	0.00000	0.00000
CID_392622	R-HSA-162582_R-HSA-372790_R-HSA-388396_R-HSA-418597_P17252	-7.49065	0.00000	0.00000
CID_392622	R-HSA-162582_R-HSA-372790_R-HSA-388396_R-HSA-416482_P35348	-7.80467	0.00000	0.00000
CID_392622	R-HSA-162582_R-HSA-372790_R-HSA-500792_R-HSA-373076_R-HSA-375280_R-HSA-390666_P50406	-7.69831	0.00000	0.00000
CID_392622	R-HSA-162582_R-HSA-372790_R-HSA-388396_R-HSA-416476_R-HSA-881907_R-HSA-2179392_P17252	-11.82878	0.00000	0.00000
CID_392622	R-HSA-162582_R-HSA-372790_R-HSA-388396_R-HSA-418594_R-HSA-2187338_R-HSA-2187335_O75911	-14.39033	0.00000	0.00000
CID_392622	R-HSA-162582_R-HSA-372790_R-HSA-388396_R-HSA-418594_R-HSA-2187338_R-HSA-2187335_P12271	-13.81822	0.00000	0.00000
CID_392622	R-HSA-162582_R-HSA-372790_R-HSA-388396_R-HSA-418594_R-HSA-2187338_R-HSA-2187335_P10745	-13.81300	0.00000	0.00000
CID_392622	R-HSA-162582_R-HSA-372790_R-HSA-388396_R-HSA-418594_R-HSA-2187338_R-HSA-2453902_O95237	-12.78476	0.00000	0.00000
CID_392622	R-HSA-162582_R-HSA-372790_R-HSA-388396_R-HSA-418594_R-HSA-2187338_R-HSA-2453902_P12271	-13.05840	0.00000	0.00000
CID_392622	R-HSA-162582_R-HSA-372790_R-HSA-388396_R-HSA-418594_R-HSA-2187338_R-HSA-2453902_Q92781	-13.31736	0.00000	0.00000
CID_392622	R-HSA-162582_R-HSA-372790_R-HSA-388396_R-HSA-418594_R-HSA-2187338_R-HSA-2453902_P02753	-12.85686	0.00000	0.00000
CID_392622	R-HSA-162582_R-HSA-372790_R-HSA-388396_R-HSA-418594_R-HSA-2187338_R-HSA-2453902_P10745	-13.05318	0.00000	0.00000
CID_392622	R-HSA-162582_R-HSA-372790_R-HSA-388396_R-HSA-418594_R-HSA-2187338_R-HSA-2453902_P09455	-12.81389	0.00000	0.00000
CID_392622	R-HSA-162582_R-HSA-372790_R-HSA-388396_R-HSA-418594_R-HSA-2187338_R-HSA-975634_O95237	-12.88559	0.00000	0.00000
CID_392622	R-HSA-162582_R-HSA-372790_R-HSA-388396_R-HSA-418594_R-HSA-2187338_R-HSA-975634_P02753	-12.95769	0.00000	0.00000
CID_392622	R-HSA-162582_R-HSA-372790_R-HSA-388396_R-HSA-418594_R-HSA-2187338_R-HSA-975634_P50120	-13.37707	0.00000	0.00000
CID_392622	R-HSA-162582_R-HSA-372790_R-HSA-388396_R-HSA-418594_R-HSA-2187338_R-HSA-975634_P09455	-12.91472	0.00000	0.00000
CID_392622	R-HSA-162582_R-HSA-372790_R-HSA-388396_R-HSA-418594_R-HSA-111885_R-HSA-202040_P01189	-12.58603	0.00000	0.00000
CID_392622	R-HSA-162582_R-HSA-372790_R-HSA-388396_R-HSA-418594_R-HSA-2187338_R-HSA-2514856_R-HSA-2514859_P50579	-12.92767	0.00000	0.00000
CID_392622	R-HSA-162582_R-HSA-372790_R-HSA-388396_R-HSA-418594_R-HSA-2187338_R-HSA-2514856_R-HSA-2514859_P17252	-12.84111	0.00000	0.00000
CID_392622	R-HSA-162582_R-HSA-372790_R-HSA-388396_R-HSA-418594_R-HSA-2187338_R-HSA-2514856_R-HSA-2514859_P35913	-13.71737	0.00000	0.00000
CID_392622	R-HSA-162582_R-HSA-372790_R-HSA-388396_R-HSA-418594_R-HSA-2187338_R-HSA-2514856_R-HSA-2485179_P35913	-14.68637	0.00000	0.00000
CID_392622	R-HSA-162582_R-HSA-372790_R-HSA-500792_R-HSA-373080_R-HSA-420092_Q02643	-7.90360	0.00500	0.04608
CID_392622	R-HSA-162582_R-HSA-372790_R-HSA-500792_R-HSA-373076_R-HSA-375281_P30968	-7.61361	0.00500	0.04608
CID_392622	R-HSA-162582_R-HSA-372790_R-HSA-388396_R-HSA-397795_R-HSA-392451_O15530	-9.54950	0.00500	0.04608
CID_392622	R-HSA-162582_R-HSA-372790_R-HSA-500792_R-HSA-373076_R-HSA-375276_R-HSA-380108_P10145	-9.44785	0.00500	0.04608
CID_392622	R-HSA-162582_R-HSA-372790_R-HSA-500792_R-HSA-373076_R-HSA-375280_R-HSA-390666_P28566	-9.16423	0.00500	0.04608
CID_392622	R-HSA-162582_R-HSA-372790_R-HSA-500792_R-HSA-373076_R-HSA-391903_R-HSA-391908_P43088	-11.84981	0.00500	0.04608
CID_392622	R-HSA-162582_R-HSA-372790_R-HSA-500792_R-HSA-373076_R-HSA-391903_R-HSA-391908_P43116	-10.47439	0.00500	0.04608
CID_3955	R-HSA-162582_R-HSA-2586552_P40763	-4.18256	0.00000	0.00000
CID_3955	R-HSA-162582_R-HSA-9006335_R-HSA-9027276_P07948	-6.88021	0.00000	0.00000
CID_3955	R-HSA-162582_R-HSA-9006335_R-HSA-9027277_P07948	-7.01816	0.00000	0.00000
CID_3955	R-HSA-162582_R-HSA-195721_R-HSA-3858494_R-HSA-4086398_P0DP23	-4.75430	0.00000	0.00000
CID_3955	R-HSA-162582_R-HSA-195721_R-HSA-3858494_R-HSA-4086398_P17252	-4.67321	0.00000	0.00000
CID_3955	R-HSA-162582_R-HSA-195721_R-HSA-3858494_R-HSA-4086398_P35913	-5.13748	0.00000	0.00000
CID_3955	R-HSA-162582_R-HSA-9006931_R-HSA-8939211_R-HSA-9018519_P03372	-5.99629	0.00000	0.00000
CID_3955	R-HSA-162582_R-HSA-9006931_R-HSA-8939211_R-HSA-9018519_Q15303	-6.23815	0.00000	0.00000
CID_3955	R-HSA-162582_R-HSA-372790_R-HSA-388396_R-HSA-418597_P05771	-3.63920	0.00000	0.00000
CID_3955	R-HSA-162582_R-HSA-372790_R-HSA-388396_R-HSA-418597_P17252	-3.55196	0.00000	0.00000
CID_3955	R-HSA-162582_R-HSA-372790_R-HSA-388396_R-HSA-416482_P35348	-3.92562	0.00000	0.00000
CID_3955	R-HSA-162582_R-HSA-9006925_R-HSA-1257604_R-HSA-199418_R-HSA-6811558_P03372	-6.48912	0.00000	0.00000
CID_3955	R-HSA-162582_R-HSA-9006925_R-HSA-1257604_R-HSA-199418_R-HSA-6811558_P51617	-6.81910	0.00000	0.00000
CID_3955	R-HSA-162582_R-HSA-9006925_R-HSA-1257604_R-HSA-199418_R-HSA-6811558_Q15303	-6.73098	0.00000	0.00000
CID_3955	R-HSA-162582_R-HSA-9006925_R-HSA-1257604_R-HSA-199418_R-HSA-6811558_P04626	-6.79468	0.00000	0.00000
CID_3955	R-HSA-162582_R-HSA-9006925_R-HSA-1257604_R-HSA-199418_R-HSA-6811558_P21860	-7.14512	0.00000	0.00000
CID_3955	R-HSA-162582_R-HSA-9006925_R-HSA-1257604_R-HSA-199418_R-HSA-6811558_Q9NWZ3	-7.24286	0.00000	0.00000
CID_3955	R-HSA-162582_R-HSA-9006925_R-HSA-1257604_R-HSA-199418_R-HSA-6811558_P67775	-7.09972	0.00000	0.00000
CID_3955	R-HSA-162582_R-HSA-372790_R-HSA-500792_R-HSA-373080_R-HSA-420092_Q02643	-3.04919	0.00000	0.00000
CID_3955	R-HSA-162582_R-HSA-372790_R-HSA-500792_R-HSA-373076_R-HSA-375281_P30968	-2.75914	0.00000	0.00000
CID_3955	R-HSA-162582_R-HSA-372790_R-HSA-388396_R-HSA-397795_R-HSA-392451_O15530	-4.83495	0.00000	0.00000
CID_3955	R-HSA-162582_R-HSA-372790_R-HSA-500792_R-HSA-373076_R-HSA-375276_R-HSA-380108_P10145	-3.77268	0.00000	0.00000
CID_3955	R-HSA-162582_R-HSA-372790_R-HSA-500792_R-HSA-373076_R-HSA-375280_R-HSA-390666_P50406	-2.02296	0.00000	0.00000
CID_3955	R-HSA-162582_R-HSA-372790_R-HSA-500792_R-HSA-373076_R-HSA-375280_R-HSA-390666_P28566	-3.48888	0.00000	0.00000
CID_3955	R-HSA-162582_R-HSA-372790_R-HSA-500792_R-HSA-373076_R-HSA-391903_R-HSA-391908_P43088	-6.17429	0.00000	0.00000
CID_3955	R-HSA-162582_R-HSA-372790_R-HSA-500792_R-HSA-373076_R-HSA-391903_R-HSA-391908_P43116	-4.79887	0.00000	0.00000
CID_3955	R-HSA-162582_R-HSA-372790_R-HSA-388396_R-HSA-416476_R-HSA-881907_R-HSA-2179392_P17252	-6.23453	0.00000	0.00000
CID_3955	R-HSA-162582_R-HSA-372790_R-HSA-388396_R-HSA-418594_R-HSA-111885_R-HSA-180024_P0DP23	-5.29569	0.00000	0.00000
CID_3955	R-HSA-162582_R-HSA-372790_R-HSA-388396_R-HSA-418594_R-HSA-111885_R-HSA-180024_P67775	-5.23225	0.00000	0.00000
CID_3955	R-HSA-162582_R-HSA-5358351_R-HSA-5632684_R-HSA-5635838_Q99835	-8.25446	0.00500	0.04608
CID_3955	R-HSA-162582_R-HSA-195721_R-HSA-3858494_R-HSA-4086398_P16499	-11.17065	0.00500	0.04608
CID_3957	R-HSA-162582_R-HSA-372790_R-HSA-388396_R-HSA-418597_P05771	-7.42189	0.00000	0.00000
CID_3957	R-HSA-162582_R-HSA-372790_R-HSA-388396_R-HSA-418597_P17252	-7.49141	0.00000	0.00000
CID_3957	R-HSA-162582_R-HSA-372790_R-HSA-388396_R-HSA-416482_P35348	-7.80543	0.00000	0.00000
CID_3957	R-HSA-162582_R-HSA-372790_R-HSA-500792_R-HSA-373076_R-HSA-375280_R-HSA-390666_P50406	-7.69937	0.00000	0.00000
CID_3957	R-HSA-162582_R-HSA-372790_R-HSA-388396_R-HSA-416476_R-HSA-881907_R-HSA-2179392_P17252	-11.82984	0.00000	0.00000
CID_3957	R-HSA-162582_R-HSA-372790_R-HSA-388396_R-HSA-418594_R-HSA-2187338_R-HSA-2187335_O75911	-14.39139	0.00000	0.00000
CID_3957	R-HSA-162582_R-HSA-372790_R-HSA-388396_R-HSA-418594_R-HSA-2187338_R-HSA-2187335_P12271	-13.81928	0.00000	0.00000
CID_3957	R-HSA-162582_R-HSA-372790_R-HSA-388396_R-HSA-418594_R-HSA-2187338_R-HSA-2187335_P10745	-13.81407	0.00000	0.00000
CID_3957	R-HSA-162582_R-HSA-372790_R-HSA-388396_R-HSA-418594_R-HSA-2187338_R-HSA-2453902_O95237	-12.78587	0.00000	0.00000
CID_3957	R-HSA-162582_R-HSA-372790_R-HSA-388396_R-HSA-418594_R-HSA-2187338_R-HSA-2453902_P12271	-13.05946	0.00000	0.00000
CID_3957	R-HSA-162582_R-HSA-372790_R-HSA-388396_R-HSA-418594_R-HSA-2187338_R-HSA-2453902_Q92781	-13.31842	0.00000	0.00000
CID_3957	R-HSA-162582_R-HSA-372790_R-HSA-388396_R-HSA-418594_R-HSA-2187338_R-HSA-2453902_P02753	-12.85797	0.00000	0.00000
CID_3957	R-HSA-162582_R-HSA-372790_R-HSA-388396_R-HSA-418594_R-HSA-2187338_R-HSA-2453902_P10745	-13.05425	0.00000	0.00000
CID_3957	R-HSA-162582_R-HSA-372790_R-HSA-388396_R-HSA-418594_R-HSA-2187338_R-HSA-2453902_P09455	-12.81501	0.00000	0.00000
CID_3957	R-HSA-162582_R-HSA-372790_R-HSA-388396_R-HSA-418594_R-HSA-2187338_R-HSA-975634_O95237	-12.88681	0.00000	0.00000
CID_3957	R-HSA-162582_R-HSA-372790_R-HSA-388396_R-HSA-418594_R-HSA-2187338_R-HSA-975634_P02753	-12.95890	0.00000	0.00000
CID_3957	R-HSA-162582_R-HSA-372790_R-HSA-388396_R-HSA-418594_R-HSA-2187338_R-HSA-975634_P50120	-13.37834	0.00000	0.00000
CID_3957	R-HSA-162582_R-HSA-372790_R-HSA-388396_R-HSA-418594_R-HSA-2187338_R-HSA-975634_P09455	-12.91594	0.00000	0.00000
CID_3957	R-HSA-162582_R-HSA-372790_R-HSA-388396_R-HSA-418594_R-HSA-111885_R-HSA-202040_P01189	-12.58709	0.00000	0.00000
CID_3957	R-HSA-162582_R-HSA-372790_R-HSA-388396_R-HSA-418594_R-HSA-2187338_R-HSA-2514856_R-HSA-2514859_P50579	-12.92888	0.00000	0.00000
CID_3957	R-HSA-162582_R-HSA-372790_R-HSA-388396_R-HSA-418594_R-HSA-2187338_R-HSA-2514856_R-HSA-2514859_P17252	-12.84233	0.00000	0.00000
CID_3957	R-HSA-162582_R-HSA-372790_R-HSA-388396_R-HSA-418594_R-HSA-2187338_R-HSA-2514856_R-HSA-2514859_P35913	-13.71858	0.00000	0.00000
CID_3957	R-HSA-162582_R-HSA-372790_R-HSA-388396_R-HSA-418594_R-HSA-2187338_R-HSA-2514856_R-HSA-2485179_P35913	-14.68758	0.00000	0.00000
CID_3957	R-HSA-162582_R-HSA-372790_R-HSA-500792_R-HSA-373080_R-HSA-420092_Q02643	-7.90451	0.00500	0.04608
CID_3957	R-HSA-162582_R-HSA-372790_R-HSA-500792_R-HSA-373076_R-HSA-375281_P30968	-7.61452	0.00500	0.04608
CID_3957	R-HSA-162582_R-HSA-372790_R-HSA-388396_R-HSA-397795_R-HSA-392451_O15530	-9.55041	0.00500	0.04608
CID_3957	R-HSA-162582_R-HSA-372790_R-HSA-500792_R-HSA-373076_R-HSA-375276_R-HSA-380108_P10145	-9.44891	0.00500	0.04608
CID_3957	R-HSA-162582_R-HSA-372790_R-HSA-500792_R-HSA-373076_R-HSA-375280_R-HSA-390666_P28566	-9.16530	0.00500	0.04608
CID_3957	R-HSA-162582_R-HSA-372790_R-HSA-500792_R-HSA-373076_R-HSA-391903_R-HSA-391908_P43088	-11.85087	0.00500	0.04608
CID_3957	R-HSA-162582_R-HSA-372790_R-HSA-500792_R-HSA-373076_R-HSA-391903_R-HSA-391908_P43116	-10.47545	0.00500	0.04608
CID_4011	R-HSA-1430728_R-HSA-1475029_Q8N1Q1	-2.93695	0.00000	0.00000
CID_4011	R-HSA-1430728_R-HSA-1483249_R-HSA-1855204_P0DP23	-3.50134	0.00000	0.00000
CID_4011	R-HSA-1430728_R-HSA-202131_R-HSA-203615_P0DP23	-2.94515	0.00000	0.00000
CID_4011	R-HSA-1430728_R-HSA-202131_R-HSA-203615_P29474	-3.10976	0.00000	0.00000
CID_4011	R-HSA-1430728_R-HSA-15869_R-HSA-499943_P04818	-3.60323	0.00000	0.00000
CID_4011	R-HSA-1430728_R-HSA-163685_R-HSA-163765_P30613	-2.49071	0.00000	0.00000
CID_4011	R-HSA-1430728_R-HSA-163685_R-HSA-163767_P62714	-3.59135	0.00000	0.00000
CID_4011	R-HSA-1430728_R-HSA-71291_R-HSA-389661_Q02218	-3.67688	0.00000	0.00000
CID_4011	R-HSA-1430728_R-HSA-71291_R-HSA-389661_O14561	-4.63519	0.00000	0.00000
CID_4011	R-HSA-1430728_R-HSA-71291_R-HSA-389661_P11177	-4.71508	0.00000	0.00000
CID_4011	R-HSA-1430728_R-HSA-71291_R-HSA-70895_P54687	-3.86221	0.00000	0.00000
CID_4011	R-HSA-1430728_R-HSA-71291_R-HSA-71288_P48066	-3.88225	0.00000	0.00000
CID_4011	R-HSA-1430728_R-HSA-71291_R-HSA-70921_P50135	-4.26705	0.00000	0.00000
CID_4011	R-HSA-1430728_R-HSA-71291_R-HSA-71064_Q02218	-3.63561	0.00000	0.00000
CID_4011	R-HSA-1430728_R-HSA-15869_R-HSA-8956319_R-HSA-73621_P19971	-4.85829	0.00000	0.00000
CID_4011	R-HSA-1430728_R-HSA-15869_R-HSA-8956319_R-HSA-73621_Q16831	-5.11451	0.00000	0.00000
CID_4011	R-HSA-1430728_R-HSA-15869_R-HSA-8956321_R-HSA-74217_P00813	-4.82067	0.00000	0.00000
CID_4011	R-HSA-1430728_R-HSA-15869_R-HSA-8956321_R-HSA-73614_P19971	-5.19657	0.00000	0.00000
CID_4011	R-HSA-1430728_R-HSA-15869_R-HSA-8956321_R-HSA-73614_Q16831	-5.45279	0.00000	0.00000
CID_4011	R-HSA-1430728_R-HSA-163685_R-HSA-422356_R-HSA-400042_Q01668	-1.94665	0.00000	0.00000
CID_4011	R-HSA-1430728_R-HSA-163685_R-HSA-422356_R-HSA-400042_Q13936	-2.09354	0.00000	0.00000
CID_4011	R-HSA-1430728_R-HSA-163685_R-HSA-422356_R-HSA-400042_Q9NY47	-1.86442	0.00000	0.00000
CID_4011	R-HSA-1430728_R-HSA-163685_R-HSA-422356_R-HSA-400042_Q08289	-2.38848	0.00000	0.00000
CID_4011	R-HSA-1430728_R-HSA-163685_R-HSA-422356_R-HSA-381676_Q9BQ31	-0.89494	0.00000	0.00000
CID_4011	R-HSA-1430728_R-HSA-71291_R-HSA-209776_R-HSA-209931_P17752	-4.59110	0.00000	0.00000
CID_4011	R-HSA-1430728_R-HSA-71291_R-HSA-2408522_R-HSA-2408557_P39023	-4.38877	0.00000	0.00000
CID_4011	R-HSA-1430728_R-HSA-71291_R-HSA-2408522_R-HSA-2408508_P50135	-5.71860	0.00000	0.00000
CID_4011	R-HSA-1430728_R-HSA-71291_R-HSA-2408522_R-HSA-2408508_P40261	-5.57284	0.00000	0.00000
CID_4011	R-HSA-1430728_R-HSA-71291_R-HSA-351202_R-HSA-350562_P20618	-4.25209	0.00000	0.00000
CID_4011	R-HSA-1430728_R-HSA-71291_R-HSA-351202_R-HSA-350562_P49721	-4.49574	0.00000	0.00000
CID_4011	R-HSA-1430728_R-HSA-71291_R-HSA-351202_R-HSA-350562_P28074	-4.21876	0.00000	0.00000
CID_4011	R-HSA-1430728_R-HSA-71291_R-HSA-351202_R-HSA-350562_P28062	-4.77279	0.00000	0.00000
CID_4011	R-HSA-1430728_R-HSA-71291_R-HSA-351202_R-HSA-350562_P25786	-4.73083	0.00000	0.00000
CID_4011	R-HSA-1430728_R-HSA-71291_R-HSA-351202_R-HSA-350562_Q99460	-4.68880	0.00000	0.00000
CID_4011	R-HSA-1430728_R-HSA-71291_R-HSA-351202_R-HSA-350562_Q13200	-4.76246	0.00000	0.00000
CID_4011	R-HSA-1430728_R-HSA-1428517_R-HSA-163200_R-HSA-163210_P30049	-5.55076	0.00000	0.00000
CID_4011	R-HSA-1430728_R-HSA-1428517_R-HSA-71406_R-HSA-71403_Q02218	-5.39340	0.00000	0.00000
CID_4011	R-HSA-1430728_R-HSA-196854_R-HSA-6806667_R-HSA-975634_O95237	-6.77131	0.00000	0.00000
CID_4011	R-HSA-1430728_R-HSA-196854_R-HSA-6806667_R-HSA-975634_P02753	-6.86551	0.00000	0.00000
CID_4011	R-HSA-1430728_R-HSA-196854_R-HSA-6806667_R-HSA-975634_P50120	-6.97158	0.00000	0.00000
CID_4011	R-HSA-1430728_R-HSA-196854_R-HSA-6806667_R-HSA-975634_P09455	-6.82396	0.00000	0.00000
CID_4011	R-HSA-1430728_R-HSA-196854_R-HSA-8978934_R-HSA-1474151_P0DP23	-4.97633	0.00000	0.00000
CID_4011	R-HSA-1430728_R-HSA-196854_R-HSA-8978934_R-HSA-1474151_P29474	-5.14094	0.00000	0.00000
CID_4011	R-HSA-1430728_R-HSA-196854_R-HSA-196849_R-HSA-196741_P33527	-6.89799	0.00000	0.00000
CID_4011	R-HSA-1430728_R-HSA-196854_R-HSA-196849_R-HSA-196741_Q9UBK8	-7.90718	0.00000	0.00000
CID_4011	R-HSA-1430728_R-HSA-196854_R-HSA-196849_R-HSA-196741_O60494	-7.88283	0.00000	0.00000
CID_4011	R-HSA-1430728_R-HSA-196854_R-HSA-196849_R-HSA-196780_P11498	-5.74536	0.00000	0.00000
CID_4011	R-HSA-1430728_R-HSA-196854_R-HSA-196849_R-HSA-196780_Q9Y289	-8.13003	0.00000	0.00000
CID_4011	R-HSA-1430728_R-HSA-196854_R-HSA-196849_R-HSA-196757_Q96NT5	-6.60785	0.00000	0.00000
CID_4011	R-HSA-1430728_R-HSA-196854_R-HSA-196849_R-HSA-196757_P41440	-6.69196	0.00000	0.00000
CID_4011	R-HSA-1430728_R-HSA-196854_R-HSA-196849_R-HSA-196757_P34897	-7.20592	0.00000	0.00000
CID_4011	R-HSA-1430728_R-HSA-196854_R-HSA-196849_R-HSA-196757_P34896	-7.20466	0.00000	0.00000
CID_4011	R-HSA-1430728_R-HSA-196854_R-HSA-196849_R-HSA-196836_P78417	-5.86864	0.00000	0.00000
CID_4011	R-HSA-1430728_R-HSA-196854_R-HSA-196849_R-HSA-196836_Q9UHI7	-5.67491	0.00000	0.00000
CID_4011	R-HSA-1430728_R-HSA-71387_R-HSA-8982491_R-HSA-70221_P0DP23	-3.75295	0.00000	0.00000
CID_4011	R-HSA-1430728_R-HSA-71387_R-HSA-8982491_R-HSA-70221_P06737	-6.54234	0.00000	0.00000
CID_4011	R-HSA-1430728_R-HSA-71387_R-HSA-70326_R-HSA-70263_P11498	-5.41743	0.00000	0.00000
CID_4011	R-HSA-1430728_R-HSA-71387_R-HSA-70326_R-HSA-70263_P00558	-5.66465	0.00000	0.00000
CID_4011	R-HSA-1430728_R-HSA-1428517_R-HSA-163200_R-HSA-611105_R-HSA-6799198_P19404	-8.61021	0.00000	0.00000
CID_4011	R-HSA-1430728_R-HSA-1428517_R-HSA-163200_R-HSA-611105_R-HSA-6799198_Q16795	-8.60951	0.00000	0.00000
CID_4011	R-HSA-1430728_R-HSA-1428517_R-HSA-163200_R-HSA-611105_R-HSA-6799198_P51970	-8.61094	0.00000	0.00000
CID_4011	R-HSA-1430728_R-HSA-1428517_R-HSA-163200_R-HSA-611105_R-HSA-6799198_O95182	-8.61103	0.00000	0.00000
CID_4011	R-HSA-1430728_R-HSA-1428517_R-HSA-163200_R-HSA-611105_R-HSA-6799198_P56556	-8.60982	0.00000	0.00000
CID_4011	R-HSA-1430728_R-HSA-1428517_R-HSA-163200_R-HSA-611105_R-HSA-6799198_Q16718	-8.60999	0.00000	0.00000
CID_4011	R-HSA-1430728_R-HSA-1428517_R-HSA-163200_R-HSA-611105_R-HSA-6799198_O95167	-8.60981	0.00000	0.00000
CID_4011	R-HSA-1430728_R-HSA-1428517_R-HSA-163200_R-HSA-611105_R-HSA-6799198_O43678	-8.60958	0.00000	0.00000
CID_4011	R-HSA-1430728_R-HSA-1428517_R-HSA-163200_R-HSA-611105_R-HSA-6799198_O15239	-8.61014	0.00000	0.00000
CID_4011	R-HSA-1430728_R-HSA-1428517_R-HSA-163200_R-HSA-611105_R-HSA-6799198_O95299	-8.60977	0.00000	0.00000
CID_4011	R-HSA-1430728_R-HSA-1428517_R-HSA-163200_R-HSA-611105_R-HSA-6799198_O14561	-7.76073	0.00000	0.00000
CID_4011	R-HSA-1430728_R-HSA-1428517_R-HSA-163200_R-HSA-611105_R-HSA-6799198_O75438	-8.61067	0.00000	0.00000
CID_4011	R-HSA-1430728_R-HSA-1428517_R-HSA-163200_R-HSA-611105_R-HSA-6799198_O95178	-8.61046	0.00000	0.00000
CID_4011	R-HSA-1430728_R-HSA-1428517_R-HSA-163200_R-HSA-611105_R-HSA-6799198_O00217	-8.60992	0.00000	0.00000
CID_4011	R-HSA-1430728_R-HSA-1428517_R-HSA-163200_R-HSA-611105_R-HSA-6799198_O75380	-8.61046	0.00000	0.00000
CID_4011	R-HSA-1430728_R-HSA-1428517_R-HSA-163200_R-HSA-611105_R-HSA-6799198_O43920	-8.61017	0.00000	0.00000
CID_4011	R-HSA-1430728_R-HSA-1428517_R-HSA-163200_R-HSA-611105_R-HSA-6799198_O43181	-8.60953	0.00000	0.00000
CID_4011	R-HSA-1430728_R-HSA-1428517_R-HSA-163200_R-HSA-611105_R-HSA-6799198_P49821	-8.60953	0.00000	0.00000
CID_4011	R-HSA-1430728_R-HSA-1428517_R-HSA-163200_R-HSA-611105_R-HSA-6799198_O75489	-8.61001	0.00000	0.00000
CID_4011	R-HSA-1430728_R-HSA-1428517_R-HSA-163200_R-HSA-611105_R-HSA-6799198_O75306	-8.61078	0.00000	0.00000
CID_4011	R-HSA-1430728_R-HSA-1428517_R-HSA-163200_R-HSA-611105_R-HSA-6799198_P56181	-8.60947	0.00000	0.00000
CID_4011	R-HSA-1430728_R-HSA-1428517_R-HSA-163200_R-HSA-611105_R-HSA-6799198_P28331	-8.60965	0.00000	0.00000
CID_4011	R-HSA-1430728_R-HSA-1428517_R-HSA-163200_R-HSA-611105_R-HSA-6799198_O95298	-8.60995	0.00000	0.00000
CID_4011	R-HSA-1430728_R-HSA-1428517_R-HSA-163200_R-HSA-611105_R-HSA-6799198_O43677	-8.60980	0.00000	0.00000
CID_4011	R-HSA-1430728_R-HSA-1428517_R-HSA-163200_R-HSA-611105_R-HSA-6799198_O96000	-8.60992	0.00000	0.00000
CID_4011	R-HSA-1430728_R-HSA-1428517_R-HSA-163200_R-HSA-611105_R-HSA-6799198_Q9Y6M9	-8.61005	0.00000	0.00000
CID_4011	R-HSA-1430728_R-HSA-1428517_R-HSA-163200_R-HSA-611105_R-HSA-6799198_O95169	-8.61019	0.00000	0.00000
CID_4011	R-HSA-1430728_R-HSA-1428517_R-HSA-163200_R-HSA-611105_R-HSA-6799198_P17568	-8.61006	0.00000	0.00000
CID_4011	R-HSA-1430728_R-HSA-1428517_R-HSA-163200_R-HSA-611105_R-HSA-6799198_O95139	-8.61012	0.00000	0.00000
CID_4011	R-HSA-1430728_R-HSA-1428517_R-HSA-163200_R-HSA-611105_R-HSA-6799198_O43674	-8.61022	0.00000	0.00000
CID_4011	R-HSA-1430728_R-HSA-1428517_R-HSA-163200_R-HSA-611105_R-HSA-6799198_O95168	-8.61007	0.00000	0.00000
CID_4011	R-HSA-1430728_R-HSA-1428517_R-HSA-163200_R-HSA-611105_R-HSA-6799198_O43676	-8.60966	0.00000	0.00000
CID_4011	R-HSA-1430728_R-HSA-1428517_R-HSA-71406_R-HSA-70268_R-HSA-204174_P19793	-6.88179	0.00000	0.00000
CID_4011	R-HSA-1430728_R-HSA-1428517_R-HSA-71406_R-HSA-70268_R-HSA-204174_P11177	-8.17601	0.00000	0.00000
CID_4011	R-HSA-1430728_R-HSA-196854_R-HSA-196849_R-HSA-196807_R-HSA-197264_P40261	-6.85993	0.00000	0.00000
CID_4011	R-HSA-1430728_R-HSA-196854_R-HSA-196849_R-HSA-196807_R-HSA-197264_Q16647	-7.04030	0.00000	0.00000
CID_4011	R-HSA-1430728_R-HSA-163685_R-HSA-163680_O43741	-5.39413	0.00500	0.04608
CID_4011	R-HSA-1430728_R-HSA-163685_R-HSA-163767_P67775	-3.90841	0.00500	0.04608
CID_4011	R-HSA-1430728_R-HSA-196854_R-HSA-196849_R-HSA-196780_P05165	-11.45288	0.00500	0.04608
CID_4011	R-HSA-1430728_R-HSA-71387_R-HSA-70326_R-HSA-70171_R-HSA-9634600_P62714	-6.84651	0.00500	0.04608
CID_4011	R-HSA-1430728_R-HSA-71387_R-HSA-70326_R-HSA-70171_R-HSA-9634600_P67775	-7.16357	0.00500	0.04608
CID_4030	R-HSA-1430728_R-HSA-1483249_R-HSA-1855204_P0DP23	-3.57437	0.00000	0.00000
CID_4030	R-HSA-1430728_R-HSA-202131_R-HSA-203615_P0DP23	-3.02546	0.00000	0.00000
CID_4030	R-HSA-1430728_R-HSA-202131_R-HSA-203615_P29474	-3.10095	0.00000	0.00000
CID_4030	R-HSA-1430728_R-HSA-15869_R-HSA-499943_P04818	-3.58156	0.00000	0.00000
CID_4030	R-HSA-1430728_R-HSA-163685_R-HSA-163765_P30613	-2.47726	0.00000	0.00000
CID_4030	R-HSA-1430728_R-HSA-163685_R-HSA-163767_P62714	-3.55469	0.00000	0.00000
CID_4030	R-HSA-1430728_R-HSA-71291_R-HSA-389661_Q02218	-3.65359	0.00000	0.00000
CID_4030	R-HSA-1430728_R-HSA-71291_R-HSA-389661_O14561	-4.61269	0.00000	0.00000
CID_4030	R-HSA-1430728_R-HSA-71291_R-HSA-389661_P11177	-4.69251	0.00000	0.00000
CID_4030	R-HSA-1430728_R-HSA-71291_R-HSA-70895_P54687	-3.83981	0.00000	0.00000
CID_4030	R-HSA-1430728_R-HSA-71291_R-HSA-71288_P48066	-3.86033	0.00000	0.00000
CID_4030	R-HSA-1430728_R-HSA-71291_R-HSA-70921_P50135	-4.24456	0.00000	0.00000
CID_4030	R-HSA-1430728_R-HSA-71291_R-HSA-71064_Q02218	-3.61235	0.00000	0.00000
CID_4030	R-HSA-1430728_R-HSA-15869_R-HSA-8956319_R-HSA-73621_P19971	-4.86182	0.00000	0.00000
CID_4030	R-HSA-1430728_R-HSA-15869_R-HSA-8956319_R-HSA-73621_Q16831	-5.11803	0.00000	0.00000
CID_4030	R-HSA-1430728_R-HSA-15869_R-HSA-8956321_R-HSA-74217_P00813	-4.82587	0.00000	0.00000
CID_4030	R-HSA-1430728_R-HSA-15869_R-HSA-8956321_R-HSA-73614_P19971	-5.20123	0.00000	0.00000
CID_4030	R-HSA-1430728_R-HSA-15869_R-HSA-8956321_R-HSA-73614_Q16831	-5.45744	0.00000	0.00000
CID_4030	R-HSA-1430728_R-HSA-163685_R-HSA-422356_R-HSA-400042_Q01668	-1.96514	0.00000	0.00000
CID_4030	R-HSA-1430728_R-HSA-163685_R-HSA-422356_R-HSA-400042_Q13936	-2.11203	0.00000	0.00000
CID_4030	R-HSA-1430728_R-HSA-163685_R-HSA-422356_R-HSA-400042_Q9NY47	-1.88291	0.00000	0.00000
CID_4030	R-HSA-1430728_R-HSA-163685_R-HSA-422356_R-HSA-400042_Q08289	-2.40697	0.00000	0.00000
CID_4030	R-HSA-1430728_R-HSA-163685_R-HSA-422356_R-HSA-381676_Q9BQ31	-0.91310	0.00000	0.00000
CID_4030	R-HSA-1430728_R-HSA-71291_R-HSA-209776_R-HSA-209931_P17752	-4.59550	0.00000	0.00000
CID_4030	R-HSA-1430728_R-HSA-71291_R-HSA-2408522_R-HSA-2408557_P39023	-4.39212	0.00000	0.00000
CID_4030	R-HSA-1430728_R-HSA-71291_R-HSA-2408522_R-HSA-2408508_P50135	-5.72203	0.00000	0.00000
CID_4030	R-HSA-1430728_R-HSA-71291_R-HSA-2408522_R-HSA-2408508_P40261	-5.57568	0.00000	0.00000
CID_4030	R-HSA-1430728_R-HSA-71291_R-HSA-351202_R-HSA-350562_P20618	-4.27167	0.00000	0.00000
CID_4030	R-HSA-1430728_R-HSA-71291_R-HSA-351202_R-HSA-350562_P49721	-4.52446	0.00000	0.00000
CID_4030	R-HSA-1430728_R-HSA-71291_R-HSA-351202_R-HSA-350562_P28074	-4.23715	0.00000	0.00000
CID_4030	R-HSA-1430728_R-HSA-71291_R-HSA-351202_R-HSA-350562_P28062	-4.82555	0.00000	0.00000
CID_4030	R-HSA-1430728_R-HSA-71291_R-HSA-351202_R-HSA-350562_P25786	-4.74210	0.00000	0.00000
CID_4030	R-HSA-1430728_R-HSA-71291_R-HSA-351202_R-HSA-350562_Q99460	-4.69954	0.00000	0.00000
CID_4030	R-HSA-1430728_R-HSA-71291_R-HSA-351202_R-HSA-350562_Q13200	-4.77383	0.00000	0.00000
CID_4030	R-HSA-1430728_R-HSA-1428517_R-HSA-163200_R-HSA-163210_P30049	-5.55392	0.00000	0.00000
CID_4030	R-HSA-1430728_R-HSA-1428517_R-HSA-71406_R-HSA-71403_Q02218	-5.39247	0.00000	0.00000
CID_4030	R-HSA-1430728_R-HSA-196854_R-HSA-6806667_R-HSA-975634_O95237	-7.80968	0.00000	0.00000
CID_4030	R-HSA-1430728_R-HSA-196854_R-HSA-6806667_R-HSA-975634_P02753	-7.95761	0.00000	0.00000
CID_4030	R-HSA-1430728_R-HSA-196854_R-HSA-6806667_R-HSA-975634_P50120	-7.68510	0.00000	0.00000
CID_4030	R-HSA-1430728_R-HSA-196854_R-HSA-6806667_R-HSA-975634_P09455	-7.92192	0.00000	0.00000
CID_4030	R-HSA-1430728_R-HSA-196854_R-HSA-8978934_R-HSA-1474151_P0DP23	-5.07075	0.00000	0.00000
CID_4030	R-HSA-1430728_R-HSA-196854_R-HSA-8978934_R-HSA-1474151_P29474	-5.14625	0.00000	0.00000
CID_4030	R-HSA-1430728_R-HSA-196854_R-HSA-196849_R-HSA-196741_P33527	-6.80002	0.00000	0.00000
CID_4030	R-HSA-1430728_R-HSA-196854_R-HSA-196849_R-HSA-196741_Q9UBK8	-7.80754	0.00000	0.00000
CID_4030	R-HSA-1430728_R-HSA-196854_R-HSA-196849_R-HSA-196741_O60494	-7.88284	0.00000	0.00000
CID_4030	R-HSA-1430728_R-HSA-196854_R-HSA-196849_R-HSA-196780_P05165	-11.45291	0.00000	0.00000
CID_4030	R-HSA-1430728_R-HSA-196854_R-HSA-196849_R-HSA-196780_P11498	-5.74432	0.00000	0.00000
CID_4030	R-HSA-1430728_R-HSA-196854_R-HSA-196849_R-HSA-196780_Q9Y289	-8.13005	0.00000	0.00000
CID_4030	R-HSA-1430728_R-HSA-196854_R-HSA-196849_R-HSA-196757_Q96NT5	-6.60786	0.00000	0.00000
CID_4030	R-HSA-1430728_R-HSA-196854_R-HSA-196849_R-HSA-196757_P41440	-6.69196	0.00000	0.00000
CID_4030	R-HSA-1430728_R-HSA-196854_R-HSA-196849_R-HSA-196757_P34897	-7.20593	0.00000	0.00000
CID_4030	R-HSA-1430728_R-HSA-196854_R-HSA-196849_R-HSA-196757_P34896	-7.20467	0.00000	0.00000
CID_4030	R-HSA-1430728_R-HSA-196854_R-HSA-196849_R-HSA-196836_P78417	-5.86632	0.00000	0.00000
CID_4030	R-HSA-1430728_R-HSA-196854_R-HSA-196849_R-HSA-196836_Q9UHI7	-5.67494	0.00000	0.00000
CID_4030	R-HSA-1430728_R-HSA-71387_R-HSA-8982491_R-HSA-70221_P0DP23	-3.84656	0.00000	0.00000
CID_4030	R-HSA-1430728_R-HSA-71387_R-HSA-8982491_R-HSA-70221_P06737	-6.54181	0.00000	0.00000
CID_4030	R-HSA-1430728_R-HSA-71387_R-HSA-70326_R-HSA-70263_P11498	-5.41222	0.00000	0.00000
CID_4030	R-HSA-1430728_R-HSA-71387_R-HSA-70326_R-HSA-70263_P00558	-5.65847	0.00000	0.00000
CID_4030	R-HSA-1430728_R-HSA-1428517_R-HSA-163200_R-HSA-611105_R-HSA-6799198_P19404	-8.64083	0.00000	0.00000
CID_4030	R-HSA-1430728_R-HSA-1428517_R-HSA-163200_R-HSA-611105_R-HSA-6799198_Q16795	-8.64013	0.00000	0.00000
CID_4030	R-HSA-1430728_R-HSA-1428517_R-HSA-163200_R-HSA-611105_R-HSA-6799198_P51970	-8.64156	0.00000	0.00000
CID_4030	R-HSA-1430728_R-HSA-1428517_R-HSA-163200_R-HSA-611105_R-HSA-6799198_O95182	-8.64164	0.00000	0.00000
CID_4030	R-HSA-1430728_R-HSA-1428517_R-HSA-163200_R-HSA-611105_R-HSA-6799198_P56556	-8.64044	0.00000	0.00000
CID_4030	R-HSA-1430728_R-HSA-1428517_R-HSA-163200_R-HSA-611105_R-HSA-6799198_Q16718	-8.64061	0.00000	0.00000
CID_4030	R-HSA-1430728_R-HSA-1428517_R-HSA-163200_R-HSA-611105_R-HSA-6799198_O95167	-8.64043	0.00000	0.00000
CID_4030	R-HSA-1430728_R-HSA-1428517_R-HSA-163200_R-HSA-611105_R-HSA-6799198_O43678	-8.64019	0.00000	0.00000
CID_4030	R-HSA-1430728_R-HSA-1428517_R-HSA-163200_R-HSA-611105_R-HSA-6799198_O15239	-8.64075	0.00000	0.00000
CID_4030	R-HSA-1430728_R-HSA-1428517_R-HSA-163200_R-HSA-611105_R-HSA-6799198_O95299	-8.64039	0.00000	0.00000
CID_4030	R-HSA-1430728_R-HSA-1428517_R-HSA-163200_R-HSA-611105_R-HSA-6799198_O14561	-7.79092	0.00000	0.00000
CID_4030	R-HSA-1430728_R-HSA-1428517_R-HSA-163200_R-HSA-611105_R-HSA-6799198_O75438	-8.64128	0.00000	0.00000
CID_4030	R-HSA-1430728_R-HSA-1428517_R-HSA-163200_R-HSA-611105_R-HSA-6799198_O95178	-8.64108	0.00000	0.00000
CID_4030	R-HSA-1430728_R-HSA-1428517_R-HSA-163200_R-HSA-611105_R-HSA-6799198_O00217	-8.64054	0.00000	0.00000
CID_4030	R-HSA-1430728_R-HSA-1428517_R-HSA-163200_R-HSA-611105_R-HSA-6799198_O75380	-8.64107	0.00000	0.00000
CID_4030	R-HSA-1430728_R-HSA-1428517_R-HSA-163200_R-HSA-611105_R-HSA-6799198_O43920	-8.64079	0.00000	0.00000
CID_4030	R-HSA-1430728_R-HSA-1428517_R-HSA-163200_R-HSA-611105_R-HSA-6799198_O43181	-8.64014	0.00000	0.00000
CID_4030	R-HSA-1430728_R-HSA-1428517_R-HSA-163200_R-HSA-611105_R-HSA-6799198_P49821	-8.64015	0.00000	0.00000
CID_4030	R-HSA-1430728_R-HSA-1428517_R-HSA-163200_R-HSA-611105_R-HSA-6799198_O75489	-8.64063	0.00000	0.00000
CID_4030	R-HSA-1430728_R-HSA-1428517_R-HSA-163200_R-HSA-611105_R-HSA-6799198_O75306	-8.64139	0.00000	0.00000
CID_4030	R-HSA-1430728_R-HSA-1428517_R-HSA-163200_R-HSA-611105_R-HSA-6799198_P56181	-8.64008	0.00000	0.00000
CID_4030	R-HSA-1430728_R-HSA-1428517_R-HSA-163200_R-HSA-611105_R-HSA-6799198_P28331	-8.64027	0.00000	0.00000
CID_4030	R-HSA-1430728_R-HSA-1428517_R-HSA-163200_R-HSA-611105_R-HSA-6799198_O95298	-8.64056	0.00000	0.00000
CID_4030	R-HSA-1430728_R-HSA-1428517_R-HSA-163200_R-HSA-611105_R-HSA-6799198_O43677	-8.64041	0.00000	0.00000
CID_4030	R-HSA-1430728_R-HSA-1428517_R-HSA-163200_R-HSA-611105_R-HSA-6799198_O96000	-8.64053	0.00000	0.00000
CID_4030	R-HSA-1430728_R-HSA-1428517_R-HSA-163200_R-HSA-611105_R-HSA-6799198_Q9Y6M9	-8.64067	0.00000	0.00000
CID_4030	R-HSA-1430728_R-HSA-1428517_R-HSA-163200_R-HSA-611105_R-HSA-6799198_O95169	-8.64080	0.00000	0.00000
CID_4030	R-HSA-1430728_R-HSA-1428517_R-HSA-163200_R-HSA-611105_R-HSA-6799198_P17568	-8.64067	0.00000	0.00000
CID_4030	R-HSA-1430728_R-HSA-1428517_R-HSA-163200_R-HSA-611105_R-HSA-6799198_O95139	-8.64074	0.00000	0.00000
CID_4030	R-HSA-1430728_R-HSA-1428517_R-HSA-163200_R-HSA-611105_R-HSA-6799198_O43674	-8.64083	0.00000	0.00000
CID_4030	R-HSA-1430728_R-HSA-1428517_R-HSA-163200_R-HSA-611105_R-HSA-6799198_O95168	-8.64068	0.00000	0.00000
CID_4030	R-HSA-1430728_R-HSA-1428517_R-HSA-163200_R-HSA-611105_R-HSA-6799198_O43676	-8.64028	0.00000	0.00000
CID_4030	R-HSA-1430728_R-HSA-1428517_R-HSA-71406_R-HSA-70268_R-HSA-204174_P19793	-6.42451	0.00000	0.00000
CID_4030	R-HSA-1430728_R-HSA-1428517_R-HSA-71406_R-HSA-70268_R-HSA-204174_P11177	-8.20141	0.00000	0.00000
CID_4030	R-HSA-1430728_R-HSA-196854_R-HSA-196849_R-HSA-196807_R-HSA-197264_P40261	-6.88553	0.00000	0.00000
CID_4030	R-HSA-1430728_R-HSA-196854_R-HSA-196849_R-HSA-196807_R-HSA-197264_Q16647	-7.06561	0.00000	0.00000
CID_4030	R-HSA-1430728_R-HSA-71387_R-HSA-70326_R-HSA-70171_R-HSA-9634600_P67775	-6.92726	0.00000	0.00000
CID_4030	R-HSA-1430728_R-HSA-1475029_Q8N1Q1	-2.87051	0.00500	0.04608
CID_4030	R-HSA-1430728_R-HSA-163685_R-HSA-163767_P67775	-3.62909	0.00500	0.04608
CID_4030	R-HSA-1430728_R-HSA-71387_R-HSA-70326_R-HSA-70171_R-HSA-9634600_P62714	-6.85285	0.00500	0.04608
CID_4055	R-HSA-162582_R-HSA-372790_R-HSA-388396_R-HSA-418597_P17252	-7.31642	0.00000	0.00000
CID_4055	R-HSA-162582_R-HSA-372790_R-HSA-388396_R-HSA-397795_R-HSA-392451_O15530	-9.34043	0.00000	0.00000
CID_4055	R-HSA-162582_R-HSA-372790_R-HSA-500792_R-HSA-373076_R-HSA-375280_R-HSA-390666_P50406	-7.45439	0.00000	0.00000
CID_4055	R-HSA-162582_R-HSA-372790_R-HSA-388396_R-HSA-416476_R-HSA-881907_R-HSA-2179392_P17252	-11.58486	0.00000	0.00000
CID_4055	R-HSA-162582_R-HSA-372790_R-HSA-388396_R-HSA-418594_R-HSA-2187338_R-HSA-2187335_O75911	-14.14641	0.00000	0.00000
CID_4055	R-HSA-162582_R-HSA-372790_R-HSA-388396_R-HSA-418594_R-HSA-2187338_R-HSA-2187335_P12271	-13.57430	0.00000	0.00000
CID_4055	R-HSA-162582_R-HSA-372790_R-HSA-388396_R-HSA-418594_R-HSA-2187338_R-HSA-2187335_P10745	-13.56909	0.00000	0.00000
CID_4055	R-HSA-162582_R-HSA-372790_R-HSA-388396_R-HSA-418594_R-HSA-2187338_R-HSA-2453902_O95237	-12.54135	0.00000	0.00000
CID_4055	R-HSA-162582_R-HSA-372790_R-HSA-388396_R-HSA-418594_R-HSA-2187338_R-HSA-2453902_P12271	-12.81448	0.00000	0.00000
CID_4055	R-HSA-162582_R-HSA-372790_R-HSA-388396_R-HSA-418594_R-HSA-2187338_R-HSA-2453902_P02753	-12.61343	0.00000	0.00000
CID_4055	R-HSA-162582_R-HSA-372790_R-HSA-388396_R-HSA-418594_R-HSA-2187338_R-HSA-2453902_P10745	-12.80927	0.00000	0.00000
CID_4055	R-HSA-162582_R-HSA-372790_R-HSA-388396_R-HSA-418594_R-HSA-2187338_R-HSA-2453902_P09455	-12.57046	0.00000	0.00000
CID_4055	R-HSA-162582_R-HSA-372790_R-HSA-388396_R-HSA-418594_R-HSA-2187338_R-HSA-975634_O95237	-12.64312	0.00000	0.00000
CID_4055	R-HSA-162582_R-HSA-372790_R-HSA-388396_R-HSA-418594_R-HSA-2187338_R-HSA-975634_P09455	-12.67222	0.00000	0.00000
CID_4055	R-HSA-162582_R-HSA-372790_R-HSA-388396_R-HSA-418594_R-HSA-2187338_R-HSA-2514856_R-HSA-2514859_P17252	-12.56235	0.00000	0.00000
CID_4055	R-HSA-162582_R-HSA-372790_R-HSA-388396_R-HSA-418597_P05771	-7.24690	0.00500	0.04608
CID_4055	R-HSA-162582_R-HSA-372790_R-HSA-500792_R-HSA-373080_R-HSA-420092_Q02643	-7.69453	0.00500	0.04608
CID_4055	R-HSA-162582_R-HSA-372790_R-HSA-500792_R-HSA-373076_R-HSA-375281_P30968	-7.40454	0.00500	0.04608
CID_4055	R-HSA-162582_R-HSA-372790_R-HSA-500792_R-HSA-373076_R-HSA-375276_R-HSA-380108_P10145	-9.20393	0.00500	0.04608
CID_4055	R-HSA-162582_R-HSA-372790_R-HSA-500792_R-HSA-373076_R-HSA-375280_R-HSA-390666_P28566	-8.92032	0.00500	0.04608
CID_4055	R-HSA-162582_R-HSA-372790_R-HSA-500792_R-HSA-373076_R-HSA-391903_R-HSA-391908_P43088	-11.60589	0.00500	0.04608
CID_4055	R-HSA-162582_R-HSA-372790_R-HSA-500792_R-HSA-373076_R-HSA-391903_R-HSA-391908_P43116	-10.23047	0.00500	0.04608
CID_4055	R-HSA-162582_R-HSA-372790_R-HSA-388396_R-HSA-418594_R-HSA-2187338_R-HSA-2453902_Q92781	-13.07344	0.00500	0.04608
CID_4055	R-HSA-162582_R-HSA-372790_R-HSA-388396_R-HSA-418594_R-HSA-2187338_R-HSA-975634_P02753	-12.71519	0.00500	0.04608
CID_4055	R-HSA-162582_R-HSA-372790_R-HSA-388396_R-HSA-418594_R-HSA-2187338_R-HSA-975634_P50120	-13.13508	0.00500	0.04608
CID_4055	R-HSA-162582_R-HSA-372790_R-HSA-388396_R-HSA-418594_R-HSA-2187338_R-HSA-2514856_R-HSA-2514859_P50579	-12.64890	0.00500	0.04608
CID_4055	R-HSA-162582_R-HSA-372790_R-HSA-388396_R-HSA-418594_R-HSA-2187338_R-HSA-2514856_R-HSA-2514859_P35913	-13.43860	0.00500	0.04608
CID_4055	R-HSA-162582_R-HSA-372790_R-HSA-388396_R-HSA-418594_R-HSA-2187338_R-HSA-2514856_R-HSA-2485179_P35913	-14.40761	0.00500	0.04608
CID_4066	R-HSA-162582_R-HSA-372790_R-HSA-388396_R-HSA-418597_P05771	-5.66475	0.00000	0.00000
CID_4066	R-HSA-162582_R-HSA-372790_R-HSA-388396_R-HSA-418597_P17252	-5.73578	0.00000	0.00000
CID_4066	R-HSA-162582_R-HSA-372790_R-HSA-500792_R-HSA-373076_R-HSA-375281_P30968	-5.88698	0.00000	0.00000
CID_4066	R-HSA-162582_R-HSA-372790_R-HSA-388396_R-HSA-397795_R-HSA-392451_O15530	-7.37331	0.00000	0.00000
CID_4066	R-HSA-162582_R-HSA-372790_R-HSA-500792_R-HSA-373076_R-HSA-375276_R-HSA-380108_P10145	-7.13409	0.00000	0.00000
CID_4066	R-HSA-162582_R-HSA-372790_R-HSA-500792_R-HSA-373076_R-HSA-391903_R-HSA-391908_P43088	-9.81366	0.00000	0.00000
CID_4066	R-HSA-162582_R-HSA-372790_R-HSA-500792_R-HSA-373076_R-HSA-391903_R-HSA-391908_P43116	-8.44673	0.00000	0.00000
CID_4066	R-HSA-162582_R-HSA-372790_R-HSA-388396_R-HSA-416476_R-HSA-881907_R-HSA-2179392_P17252	-9.23535	0.00000	0.00000
CID_4066	R-HSA-162582_R-HSA-372790_R-HSA-388396_R-HSA-418594_R-HSA-2187338_R-HSA-2187335_O75911	-11.79159	0.00000	0.00000
CID_4066	R-HSA-162582_R-HSA-372790_R-HSA-388396_R-HSA-418594_R-HSA-2187338_R-HSA-2187335_P12271	-11.22066	0.00000	0.00000
CID_4066	R-HSA-162582_R-HSA-372790_R-HSA-388396_R-HSA-418594_R-HSA-2187338_R-HSA-2187335_P10745	-11.21545	0.00000	0.00000
CID_4066	R-HSA-162582_R-HSA-372790_R-HSA-388396_R-HSA-418594_R-HSA-2187338_R-HSA-2453902_O95237	-10.19551	0.00000	0.00000
CID_4066	R-HSA-162582_R-HSA-372790_R-HSA-388396_R-HSA-418594_R-HSA-2187338_R-HSA-2453902_P12271	-10.46077	0.00000	0.00000
CID_4066	R-HSA-162582_R-HSA-372790_R-HSA-388396_R-HSA-418594_R-HSA-2187338_R-HSA-2453902_Q92781	-10.71912	0.00000	0.00000
CID_4066	R-HSA-162582_R-HSA-372790_R-HSA-388396_R-HSA-418594_R-HSA-2187338_R-HSA-2453902_P02753	-10.26719	0.00000	0.00000
CID_4066	R-HSA-162582_R-HSA-372790_R-HSA-388396_R-HSA-418594_R-HSA-2187338_R-HSA-2453902_P10745	-10.45556	0.00000	0.00000
CID_4066	R-HSA-162582_R-HSA-372790_R-HSA-388396_R-HSA-418594_R-HSA-2187338_R-HSA-2453902_P09455	-10.22422	0.00000	0.00000
CID_4066	R-HSA-162582_R-HSA-372790_R-HSA-388396_R-HSA-418594_R-HSA-2187338_R-HSA-975634_O95237	-10.31150	0.00000	0.00000
CID_4066	R-HSA-162582_R-HSA-372790_R-HSA-388396_R-HSA-418594_R-HSA-2187338_R-HSA-975634_P02753	-10.38319	0.00000	0.00000
CID_4066	R-HSA-162582_R-HSA-372790_R-HSA-388396_R-HSA-418594_R-HSA-2187338_R-HSA-975634_P50120	-10.81086	0.00000	0.00000
CID_4066	R-HSA-162582_R-HSA-372790_R-HSA-388396_R-HSA-418594_R-HSA-2187338_R-HSA-975634_P09455	-10.34021	0.00000	0.00000
CID_4066	R-HSA-162582_R-HSA-372790_R-HSA-388396_R-HSA-418594_R-HSA-111885_R-HSA-202040_P01189	-9.98767	0.00000	0.00000
CID_4066	R-HSA-162582_R-HSA-372790_R-HSA-388396_R-HSA-418594_R-HSA-2187338_R-HSA-2514856_R-HSA-2514859_P50579	-9.90879	0.00000	0.00000
CID_4066	R-HSA-162582_R-HSA-372790_R-HSA-388396_R-HSA-418594_R-HSA-2187338_R-HSA-2514856_R-HSA-2514859_P17252	-9.82275	0.00000	0.00000
CID_4066	R-HSA-162582_R-HSA-372790_R-HSA-388396_R-HSA-418594_R-HSA-2187338_R-HSA-2514856_R-HSA-2514859_P35913	-10.69851	0.00000	0.00000
CID_4066	R-HSA-162582_R-HSA-372790_R-HSA-388396_R-HSA-418594_R-HSA-2187338_R-HSA-2514856_R-HSA-2485179_P35913	-11.66753	0.00000	0.00000
CID_4066	R-HSA-162582_R-HSA-2586552_P40763	-5.52258	0.00500	0.04608
CID_4066	R-HSA-162582_R-HSA-372790_R-HSA-500792_R-HSA-373080_R-HSA-420092_Q02643	-6.76742	0.00500	0.04608
CID_426756	R-HSA-162582_R-HSA-372790_R-HSA-388396_R-HSA-418597_P05771	-7.96362	0.00000	0.00000
CID_426756	R-HSA-162582_R-HSA-372790_R-HSA-388396_R-HSA-416476_R-HSA-881907_R-HSA-2179392_P17252	-12.58826	0.00000	0.00000
CID_426756	R-HSA-162582_R-HSA-372790_R-HSA-388396_R-HSA-418594_R-HSA-2187338_R-HSA-2187335_P12271	-14.57770	0.00000	0.00000
CID_426756	R-HSA-162582_R-HSA-372790_R-HSA-388396_R-HSA-418594_R-HSA-2187338_R-HSA-2187335_P10745	-14.57249	0.00000	0.00000
CID_426756	R-HSA-162582_R-HSA-372790_R-HSA-388396_R-HSA-418594_R-HSA-2187338_R-HSA-2453902_O95237	-13.54238	0.00000	0.00000
CID_426756	R-HSA-162582_R-HSA-372790_R-HSA-388396_R-HSA-418594_R-HSA-2187338_R-HSA-2453902_P12271	-13.81788	0.00000	0.00000
CID_426756	R-HSA-162582_R-HSA-372790_R-HSA-388396_R-HSA-418594_R-HSA-2187338_R-HSA-2453902_P10745	-13.81267	0.00000	0.00000
CID_426756	R-HSA-162582_R-HSA-372790_R-HSA-388396_R-HSA-418594_R-HSA-2187338_R-HSA-975634_O95237	-13.63989	0.00000	0.00000
CID_426756	R-HSA-162582_R-HSA-372790_R-HSA-388396_R-HSA-418597_P17252	-8.03314	0.00500	0.04608
CID_426756	R-HSA-162582_R-HSA-372790_R-HSA-500792_R-HSA-373076_R-HSA-375281_P30968	-8.26460	0.00500	0.04608
CID_426756	R-HSA-162582_R-HSA-372790_R-HSA-388396_R-HSA-397795_R-HSA-392451_O15530	-10.20049	0.00500	0.04608
CID_426756	R-HSA-162582_R-HSA-372790_R-HSA-500792_R-HSA-373076_R-HSA-375276_R-HSA-380108_P10145	-10.20733	0.00500	0.04608
CID_426756	R-HSA-162582_R-HSA-372790_R-HSA-500792_R-HSA-373076_R-HSA-375280_R-HSA-390666_P50406	-8.45779	0.00500	0.04608
CID_426756	R-HSA-162582_R-HSA-372790_R-HSA-500792_R-HSA-373076_R-HSA-391903_R-HSA-391908_P43088	-12.60929	0.00500	0.04608
CID_426756	R-HSA-162582_R-HSA-372790_R-HSA-500792_R-HSA-373076_R-HSA-391903_R-HSA-391908_P43116	-11.23387	0.00500	0.04608
CID_426756	R-HSA-162582_R-HSA-372790_R-HSA-388396_R-HSA-418594_R-HSA-2187338_R-HSA-2187335_O75911	-15.14981	0.00500	0.04608
CID_426756	R-HSA-162582_R-HSA-372790_R-HSA-388396_R-HSA-418594_R-HSA-2187338_R-HSA-2453902_P02753	-13.61457	0.00500	0.04608
CID_426756	R-HSA-162582_R-HSA-372790_R-HSA-388396_R-HSA-418594_R-HSA-2187338_R-HSA-2453902_P09455	-13.57161	0.00500	0.04608
CID_426756	R-HSA-162582_R-HSA-372790_R-HSA-388396_R-HSA-418594_R-HSA-2187338_R-HSA-975634_P02753	-13.71208	0.00500	0.04608
CID_426756	R-HSA-162582_R-HSA-372790_R-HSA-388396_R-HSA-418594_R-HSA-2187338_R-HSA-975634_P50120	-14.12966	0.00500	0.04608
CID_426756	R-HSA-162582_R-HSA-372790_R-HSA-388396_R-HSA-418594_R-HSA-2187338_R-HSA-975634_P09455	-13.66912	0.00500	0.04608
CID_426756	R-HSA-162582_R-HSA-372790_R-HSA-388396_R-HSA-418594_R-HSA-111885_R-HSA-202040_P01189	-13.34551	0.00500	0.04608
CID_426756	R-HSA-162582_R-HSA-372790_R-HSA-388396_R-HSA-418594_R-HSA-2187338_R-HSA-2514856_R-HSA-2514859_P50579	-13.79565	0.00500	0.04608
CID_426756	R-HSA-162582_R-HSA-372790_R-HSA-388396_R-HSA-418594_R-HSA-2187338_R-HSA-2514856_R-HSA-2514859_P17252	-13.70909	0.00500	0.04608
CID_426756	R-HSA-162582_R-HSA-372790_R-HSA-388396_R-HSA-418594_R-HSA-2187338_R-HSA-2514856_R-HSA-2514859_P35913	-14.58535	0.00500	0.04608
CID_426756	R-HSA-162582_R-HSA-372790_R-HSA-388396_R-HSA-418594_R-HSA-2187338_R-HSA-2514856_R-HSA-2485179_P35913	-15.55435	0.00500	0.04608
CID_43815	R-HSA-1430728_R-HSA-1475029_Q8N1Q1	-2.93695	0.00000	0.00000
CID_43815	R-HSA-1430728_R-HSA-1483249_R-HSA-1855204_P0DP23	-3.50134	0.00000	0.00000
CID_43815	R-HSA-1430728_R-HSA-202131_R-HSA-203615_P0DP23	-2.94515	0.00000	0.00000
CID_43815	R-HSA-1430728_R-HSA-202131_R-HSA-203615_P29474	-3.10976	0.00000	0.00000
CID_43815	R-HSA-1430728_R-HSA-15869_R-HSA-499943_P04818	-3.60323	0.00000	0.00000
CID_43815	R-HSA-1430728_R-HSA-163685_R-HSA-163765_P30613	-2.49071	0.00000	0.00000
CID_43815	R-HSA-1430728_R-HSA-163685_R-HSA-163767_P62714	-3.59135	0.00000	0.00000
CID_43815	R-HSA-1430728_R-HSA-71291_R-HSA-389661_Q02218	-3.67688	0.00000	0.00000
CID_43815	R-HSA-1430728_R-HSA-71291_R-HSA-389661_O14561	-4.63519	0.00000	0.00000
CID_43815	R-HSA-1430728_R-HSA-71291_R-HSA-389661_P11177	-4.71508	0.00000	0.00000
CID_43815	R-HSA-1430728_R-HSA-71291_R-HSA-70895_P54687	-3.86221	0.00000	0.00000
CID_43815	R-HSA-1430728_R-HSA-71291_R-HSA-71288_P48066	-3.88225	0.00000	0.00000
CID_43815	R-HSA-1430728_R-HSA-71291_R-HSA-70921_P50135	-4.26705	0.00000	0.00000
CID_43815	R-HSA-1430728_R-HSA-71291_R-HSA-71064_Q02218	-3.63561	0.00000	0.00000
CID_43815	R-HSA-1430728_R-HSA-15869_R-HSA-8956319_R-HSA-73621_P19971	-4.85829	0.00000	0.00000
CID_43815	R-HSA-1430728_R-HSA-15869_R-HSA-8956319_R-HSA-73621_Q16831	-5.11451	0.00000	0.00000
CID_43815	R-HSA-1430728_R-HSA-15869_R-HSA-8956321_R-HSA-74217_P00813	-4.82067	0.00000	0.00000
CID_43815	R-HSA-1430728_R-HSA-15869_R-HSA-8956321_R-HSA-73614_P19971	-5.19657	0.00000	0.00000
CID_43815	R-HSA-1430728_R-HSA-15869_R-HSA-8956321_R-HSA-73614_Q16831	-5.45279	0.00000	0.00000
CID_43815	R-HSA-1430728_R-HSA-163685_R-HSA-422356_R-HSA-400042_Q01668	-1.94665	0.00000	0.00000
CID_43815	R-HSA-1430728_R-HSA-163685_R-HSA-422356_R-HSA-400042_Q13936	-2.09354	0.00000	0.00000
CID_43815	R-HSA-1430728_R-HSA-163685_R-HSA-422356_R-HSA-400042_Q9NY47	-1.86442	0.00000	0.00000
CID_43815	R-HSA-1430728_R-HSA-163685_R-HSA-422356_R-HSA-400042_Q08289	-2.38848	0.00000	0.00000
CID_43815	R-HSA-1430728_R-HSA-163685_R-HSA-422356_R-HSA-381676_Q9BQ31	-0.89494	0.00000	0.00000
CID_43815	R-HSA-1430728_R-HSA-71291_R-HSA-209776_R-HSA-209931_P17752	-4.59110	0.00000	0.00000
CID_43815	R-HSA-1430728_R-HSA-71291_R-HSA-2408522_R-HSA-2408557_P39023	-4.38877	0.00000	0.00000
CID_43815	R-HSA-1430728_R-HSA-71291_R-HSA-2408522_R-HSA-2408508_P50135	-5.71860	0.00000	0.00000
CID_43815	R-HSA-1430728_R-HSA-71291_R-HSA-2408522_R-HSA-2408508_P40261	-5.57284	0.00000	0.00000
CID_43815	R-HSA-1430728_R-HSA-71291_R-HSA-351202_R-HSA-350562_P20618	-4.25209	0.00000	0.00000
CID_43815	R-HSA-1430728_R-HSA-71291_R-HSA-351202_R-HSA-350562_P49721	-4.49574	0.00000	0.00000
CID_43815	R-HSA-1430728_R-HSA-71291_R-HSA-351202_R-HSA-350562_P28074	-4.21876	0.00000	0.00000
CID_43815	R-HSA-1430728_R-HSA-71291_R-HSA-351202_R-HSA-350562_P28062	-4.77279	0.00000	0.00000
CID_43815	R-HSA-1430728_R-HSA-71291_R-HSA-351202_R-HSA-350562_P25786	-4.73083	0.00000	0.00000
CID_43815	R-HSA-1430728_R-HSA-71291_R-HSA-351202_R-HSA-350562_Q99460	-4.68880	0.00000	0.00000
CID_43815	R-HSA-1430728_R-HSA-71291_R-HSA-351202_R-HSA-350562_Q13200	-4.76246	0.00000	0.00000
CID_43815	R-HSA-1430728_R-HSA-1428517_R-HSA-163200_R-HSA-163210_P30049	-5.55076	0.00000	0.00000
CID_43815	R-HSA-1430728_R-HSA-1428517_R-HSA-71406_R-HSA-71403_Q02218	-5.39340	0.00000	0.00000
CID_43815	R-HSA-1430728_R-HSA-196854_R-HSA-6806667_R-HSA-975634_O95237	-6.77131	0.00000	0.00000
CID_43815	R-HSA-1430728_R-HSA-196854_R-HSA-6806667_R-HSA-975634_P02753	-6.86551	0.00000	0.00000
CID_43815	R-HSA-1430728_R-HSA-196854_R-HSA-6806667_R-HSA-975634_P50120	-6.97158	0.00000	0.00000
CID_43815	R-HSA-1430728_R-HSA-196854_R-HSA-6806667_R-HSA-975634_P09455	-6.82396	0.00000	0.00000
CID_43815	R-HSA-1430728_R-HSA-196854_R-HSA-8978934_R-HSA-1474151_P0DP23	-4.97633	0.00000	0.00000
CID_43815	R-HSA-1430728_R-HSA-196854_R-HSA-8978934_R-HSA-1474151_P29474	-5.14094	0.00000	0.00000
CID_43815	R-HSA-1430728_R-HSA-196854_R-HSA-196849_R-HSA-196741_P33527	-6.89799	0.00000	0.00000
CID_43815	R-HSA-1430728_R-HSA-196854_R-HSA-196849_R-HSA-196741_Q9UBK8	-7.90718	0.00000	0.00000
CID_43815	R-HSA-1430728_R-HSA-196854_R-HSA-196849_R-HSA-196741_O60494	-7.88283	0.00000	0.00000
CID_43815	R-HSA-1430728_R-HSA-196854_R-HSA-196849_R-HSA-196780_P11498	-5.74536	0.00000	0.00000
CID_43815	R-HSA-1430728_R-HSA-196854_R-HSA-196849_R-HSA-196780_Q9Y289	-8.13003	0.00000	0.00000
CID_43815	R-HSA-1430728_R-HSA-196854_R-HSA-196849_R-HSA-196757_Q96NT5	-6.60785	0.00000	0.00000
CID_43815	R-HSA-1430728_R-HSA-196854_R-HSA-196849_R-HSA-196757_P41440	-6.69196	0.00000	0.00000
CID_43815	R-HSA-1430728_R-HSA-196854_R-HSA-196849_R-HSA-196757_P34897	-7.20592	0.00000	0.00000
CID_43815	R-HSA-1430728_R-HSA-196854_R-HSA-196849_R-HSA-196757_P34896	-7.20466	0.00000	0.00000
CID_43815	R-HSA-1430728_R-HSA-196854_R-HSA-196849_R-HSA-196836_P78417	-5.86864	0.00000	0.00000
CID_43815	R-HSA-1430728_R-HSA-196854_R-HSA-196849_R-HSA-196836_Q9UHI7	-5.67491	0.00000	0.00000
CID_43815	R-HSA-1430728_R-HSA-71387_R-HSA-8982491_R-HSA-70221_P0DP23	-3.75295	0.00000	0.00000
CID_43815	R-HSA-1430728_R-HSA-71387_R-HSA-8982491_R-HSA-70221_P06737	-6.54234	0.00000	0.00000
CID_43815	R-HSA-1430728_R-HSA-71387_R-HSA-70326_R-HSA-70263_P11498	-5.41743	0.00000	0.00000
CID_43815	R-HSA-1430728_R-HSA-71387_R-HSA-70326_R-HSA-70263_P00558	-5.66465	0.00000	0.00000
CID_43815	R-HSA-1430728_R-HSA-1428517_R-HSA-163200_R-HSA-611105_R-HSA-6799198_P19404	-8.61021	0.00000	0.00000
CID_43815	R-HSA-1430728_R-HSA-1428517_R-HSA-163200_R-HSA-611105_R-HSA-6799198_Q16795	-8.60951	0.00000	0.00000
CID_43815	R-HSA-1430728_R-HSA-1428517_R-HSA-163200_R-HSA-611105_R-HSA-6799198_P51970	-8.61094	0.00000	0.00000
CID_43815	R-HSA-1430728_R-HSA-1428517_R-HSA-163200_R-HSA-611105_R-HSA-6799198_O95182	-8.61103	0.00000	0.00000
CID_43815	R-HSA-1430728_R-HSA-1428517_R-HSA-163200_R-HSA-611105_R-HSA-6799198_P56556	-8.60982	0.00000	0.00000
CID_43815	R-HSA-1430728_R-HSA-1428517_R-HSA-163200_R-HSA-611105_R-HSA-6799198_Q16718	-8.60999	0.00000	0.00000
CID_43815	R-HSA-1430728_R-HSA-1428517_R-HSA-163200_R-HSA-611105_R-HSA-6799198_O95167	-8.60981	0.00000	0.00000
CID_43815	R-HSA-1430728_R-HSA-1428517_R-HSA-163200_R-HSA-611105_R-HSA-6799198_O43678	-8.60958	0.00000	0.00000
CID_43815	R-HSA-1430728_R-HSA-1428517_R-HSA-163200_R-HSA-611105_R-HSA-6799198_O15239	-8.61014	0.00000	0.00000
CID_43815	R-HSA-1430728_R-HSA-1428517_R-HSA-163200_R-HSA-611105_R-HSA-6799198_O95299	-8.60977	0.00000	0.00000
CID_43815	R-HSA-1430728_R-HSA-1428517_R-HSA-163200_R-HSA-611105_R-HSA-6799198_O14561	-7.76073	0.00000	0.00000
CID_43815	R-HSA-1430728_R-HSA-1428517_R-HSA-163200_R-HSA-611105_R-HSA-6799198_O75438	-8.61067	0.00000	0.00000
CID_43815	R-HSA-1430728_R-HSA-1428517_R-HSA-163200_R-HSA-611105_R-HSA-6799198_O95178	-8.61046	0.00000	0.00000
CID_43815	R-HSA-1430728_R-HSA-1428517_R-HSA-163200_R-HSA-611105_R-HSA-6799198_O00217	-8.60992	0.00000	0.00000
CID_43815	R-HSA-1430728_R-HSA-1428517_R-HSA-163200_R-HSA-611105_R-HSA-6799198_O75380	-8.61046	0.00000	0.00000
CID_43815	R-HSA-1430728_R-HSA-1428517_R-HSA-163200_R-HSA-611105_R-HSA-6799198_O43920	-8.61017	0.00000	0.00000
CID_43815	R-HSA-1430728_R-HSA-1428517_R-HSA-163200_R-HSA-611105_R-HSA-6799198_O43181	-8.60953	0.00000	0.00000
CID_43815	R-HSA-1430728_R-HSA-1428517_R-HSA-163200_R-HSA-611105_R-HSA-6799198_P49821	-8.60953	0.00000	0.00000
CID_43815	R-HSA-1430728_R-HSA-1428517_R-HSA-163200_R-HSA-611105_R-HSA-6799198_O75489	-8.61001	0.00000	0.00000
CID_43815	R-HSA-1430728_R-HSA-1428517_R-HSA-163200_R-HSA-611105_R-HSA-6799198_O75306	-8.61078	0.00000	0.00000
CID_43815	R-HSA-1430728_R-HSA-1428517_R-HSA-163200_R-HSA-611105_R-HSA-6799198_P56181	-8.60947	0.00000	0.00000
CID_43815	R-HSA-1430728_R-HSA-1428517_R-HSA-163200_R-HSA-611105_R-HSA-6799198_P28331	-8.60965	0.00000	0.00000
CID_43815	R-HSA-1430728_R-HSA-1428517_R-HSA-163200_R-HSA-611105_R-HSA-6799198_O95298	-8.60995	0.00000	0.00000
CID_43815	R-HSA-1430728_R-HSA-1428517_R-HSA-163200_R-HSA-611105_R-HSA-6799198_O43677	-8.60980	0.00000	0.00000
CID_43815	R-HSA-1430728_R-HSA-1428517_R-HSA-163200_R-HSA-611105_R-HSA-6799198_O96000	-8.60992	0.00000	0.00000
CID_43815	R-HSA-1430728_R-HSA-1428517_R-HSA-163200_R-HSA-611105_R-HSA-6799198_Q9Y6M9	-8.61005	0.00000	0.00000
CID_43815	R-HSA-1430728_R-HSA-1428517_R-HSA-163200_R-HSA-611105_R-HSA-6799198_O95169	-8.61019	0.00000	0.00000
CID_43815	R-HSA-1430728_R-HSA-1428517_R-HSA-163200_R-HSA-611105_R-HSA-6799198_P17568	-8.61006	0.00000	0.00000
CID_43815	R-HSA-1430728_R-HSA-1428517_R-HSA-163200_R-HSA-611105_R-HSA-6799198_O95139	-8.61012	0.00000	0.00000
CID_43815	R-HSA-1430728_R-HSA-1428517_R-HSA-163200_R-HSA-611105_R-HSA-6799198_O43674	-8.61022	0.00000	0.00000
CID_43815	R-HSA-1430728_R-HSA-1428517_R-HSA-163200_R-HSA-611105_R-HSA-6799198_O95168	-8.61007	0.00000	0.00000
CID_43815	R-HSA-1430728_R-HSA-1428517_R-HSA-163200_R-HSA-611105_R-HSA-6799198_O43676	-8.60966	0.00000	0.00000
CID_43815	R-HSA-1430728_R-HSA-1428517_R-HSA-71406_R-HSA-70268_R-HSA-204174_P19793	-6.88179	0.00000	0.00000
CID_43815	R-HSA-1430728_R-HSA-1428517_R-HSA-71406_R-HSA-70268_R-HSA-204174_P11177	-8.17601	0.00000	0.00000
CID_43815	R-HSA-1430728_R-HSA-196854_R-HSA-196849_R-HSA-196807_R-HSA-197264_P40261	-6.85993	0.00000	0.00000
CID_43815	R-HSA-1430728_R-HSA-196854_R-HSA-196849_R-HSA-196807_R-HSA-197264_Q16647	-7.04030	0.00000	0.00000
CID_43815	R-HSA-1430728_R-HSA-163685_R-HSA-163680_O43741	-5.39413	0.00500	0.04608
CID_43815	R-HSA-1430728_R-HSA-163685_R-HSA-163767_P67775	-3.90841	0.00500	0.04608
CID_43815	R-HSA-1430728_R-HSA-196854_R-HSA-196849_R-HSA-196780_P05165	-11.45288	0.00500	0.04608
CID_43815	R-HSA-1430728_R-HSA-71387_R-HSA-70326_R-HSA-70171_R-HSA-9634600_P62714	-6.84651	0.00500	0.04608
CID_43815	R-HSA-1430728_R-HSA-71387_R-HSA-70326_R-HSA-70171_R-HSA-9634600_P67775	-7.16357	0.00500	0.04608
CID_441140	R-HSA-162582_R-HSA-372790_R-HSA-388396_R-HSA-418597_P05771	-7.96362	0.00000	0.00000
CID_441140	R-HSA-162582_R-HSA-372790_R-HSA-388396_R-HSA-416476_R-HSA-881907_R-HSA-2179392_P17252	-12.58826	0.00000	0.00000
CID_441140	R-HSA-162582_R-HSA-372790_R-HSA-388396_R-HSA-418594_R-HSA-2187338_R-HSA-2187335_P12271	-14.57770	0.00000	0.00000
CID_441140	R-HSA-162582_R-HSA-372790_R-HSA-388396_R-HSA-418594_R-HSA-2187338_R-HSA-2187335_P10745	-14.57249	0.00000	0.00000
CID_441140	R-HSA-162582_R-HSA-372790_R-HSA-388396_R-HSA-418594_R-HSA-2187338_R-HSA-2453902_O95237	-13.54238	0.00000	0.00000
CID_441140	R-HSA-162582_R-HSA-372790_R-HSA-388396_R-HSA-418594_R-HSA-2187338_R-HSA-2453902_P12271	-13.81788	0.00000	0.00000
CID_441140	R-HSA-162582_R-HSA-372790_R-HSA-388396_R-HSA-418594_R-HSA-2187338_R-HSA-2453902_P10745	-13.81267	0.00000	0.00000
CID_441140	R-HSA-162582_R-HSA-372790_R-HSA-388396_R-HSA-418594_R-HSA-2187338_R-HSA-975634_O95237	-13.63989	0.00000	0.00000
CID_441140	R-HSA-162582_R-HSA-372790_R-HSA-388396_R-HSA-418597_P17252	-8.03314	0.00500	0.04608
CID_441140	R-HSA-162582_R-HSA-372790_R-HSA-500792_R-HSA-373076_R-HSA-375281_P30968	-8.26460	0.00500	0.04608
CID_441140	R-HSA-162582_R-HSA-372790_R-HSA-388396_R-HSA-397795_R-HSA-392451_O15530	-10.20049	0.00500	0.04608
CID_441140	R-HSA-162582_R-HSA-372790_R-HSA-500792_R-HSA-373076_R-HSA-375276_R-HSA-380108_P10145	-10.20733	0.00500	0.04608
CID_441140	R-HSA-162582_R-HSA-372790_R-HSA-500792_R-HSA-373076_R-HSA-375280_R-HSA-390666_P50406	-8.45779	0.00500	0.04608
CID_441140	R-HSA-162582_R-HSA-372790_R-HSA-500792_R-HSA-373076_R-HSA-391903_R-HSA-391908_P43088	-12.60929	0.00500	0.04608
CID_441140	R-HSA-162582_R-HSA-372790_R-HSA-500792_R-HSA-373076_R-HSA-391903_R-HSA-391908_P43116	-11.23387	0.00500	0.04608
CID_441140	R-HSA-162582_R-HSA-372790_R-HSA-388396_R-HSA-418594_R-HSA-2187338_R-HSA-2187335_O75911	-15.14981	0.00500	0.04608
CID_441140	R-HSA-162582_R-HSA-372790_R-HSA-388396_R-HSA-418594_R-HSA-2187338_R-HSA-2453902_P02753	-13.61457	0.00500	0.04608
CID_441140	R-HSA-162582_R-HSA-372790_R-HSA-388396_R-HSA-418594_R-HSA-2187338_R-HSA-2453902_P09455	-13.57161	0.00500	0.04608
CID_441140	R-HSA-162582_R-HSA-372790_R-HSA-388396_R-HSA-418594_R-HSA-2187338_R-HSA-975634_P02753	-13.71208	0.00500	0.04608
CID_441140	R-HSA-162582_R-HSA-372790_R-HSA-388396_R-HSA-418594_R-HSA-2187338_R-HSA-975634_P50120	-14.12966	0.00500	0.04608
CID_441140	R-HSA-162582_R-HSA-372790_R-HSA-388396_R-HSA-418594_R-HSA-2187338_R-HSA-975634_P09455	-13.66912	0.00500	0.04608
CID_441140	R-HSA-162582_R-HSA-372790_R-HSA-388396_R-HSA-418594_R-HSA-111885_R-HSA-202040_P01189	-13.34551	0.00500	0.04608
CID_441140	R-HSA-162582_R-HSA-372790_R-HSA-388396_R-HSA-418594_R-HSA-2187338_R-HSA-2514856_R-HSA-2514859_P50579	-13.79565	0.00500	0.04608
CID_441140	R-HSA-162582_R-HSA-372790_R-HSA-388396_R-HSA-418594_R-HSA-2187338_R-HSA-2514856_R-HSA-2514859_P17252	-13.70909	0.00500	0.04608
CID_441140	R-HSA-162582_R-HSA-372790_R-HSA-388396_R-HSA-418594_R-HSA-2187338_R-HSA-2514856_R-HSA-2514859_P35913	-14.58535	0.00500	0.04608
CID_441140	R-HSA-162582_R-HSA-372790_R-HSA-388396_R-HSA-418594_R-HSA-2187338_R-HSA-2514856_R-HSA-2485179_P35913	-15.55435	0.00500	0.04608
CID_443879	R-HSA-1430728_R-HSA-1475029_Q8N1Q1	-2.62407	0.00000	0.00000
CID_443879	R-HSA-1430728_R-HSA-1483249_R-HSA-1855204_P0DP23	-3.02229	0.00000	0.00000
CID_443879	R-HSA-1430728_R-HSA-202131_R-HSA-203615_P0DP23	-2.46083	0.00000	0.00000
CID_443879	R-HSA-1430728_R-HSA-202131_R-HSA-203615_P29474	-2.62126	0.00000	0.00000
CID_443879	R-HSA-1430728_R-HSA-15869_R-HSA-499943_P04818	-3.12405	0.00000	0.00000
CID_443879	R-HSA-1430728_R-HSA-163685_R-HSA-163765_P30613	-2.00553	0.00000	0.00000
CID_443879	R-HSA-1430728_R-HSA-163685_R-HSA-163767_P62714	-3.11360	0.00000	0.00000
CID_443879	R-HSA-1430728_R-HSA-71291_R-HSA-389661_Q02218	-3.19890	0.00000	0.00000
CID_443879	R-HSA-1430728_R-HSA-71291_R-HSA-389661_O14561	-4.15657	0.00000	0.00000
CID_443879	R-HSA-1430728_R-HSA-71291_R-HSA-389661_P11177	-4.23650	0.00000	0.00000
CID_443879	R-HSA-1430728_R-HSA-71291_R-HSA-70895_P54687	-3.38350	0.00000	0.00000
CID_443879	R-HSA-1430728_R-HSA-71291_R-HSA-71288_P48066	-3.40320	0.00000	0.00000
CID_443879	R-HSA-1430728_R-HSA-71291_R-HSA-70921_P50135	-3.78843	0.00000	0.00000
CID_443879	R-HSA-1430728_R-HSA-71291_R-HSA-71064_Q02218	-3.15760	0.00000	0.00000
CID_443879	R-HSA-1430728_R-HSA-15869_R-HSA-8956319_R-HSA-73621_P19971	-4.22743	0.00000	0.00000
CID_443879	R-HSA-1430728_R-HSA-15869_R-HSA-8956319_R-HSA-73621_Q16831	-4.48366	0.00000	0.00000
CID_443879	R-HSA-1430728_R-HSA-15869_R-HSA-8956321_R-HSA-74217_P00813	-4.18842	0.00000	0.00000
CID_443879	R-HSA-1430728_R-HSA-15869_R-HSA-8956321_R-HSA-73614_P19971	-4.56477	0.00000	0.00000
CID_443879	R-HSA-1430728_R-HSA-15869_R-HSA-8956321_R-HSA-73614_Q16831	-4.82100	0.00000	0.00000
CID_443879	R-HSA-1430728_R-HSA-163685_R-HSA-422356_R-HSA-400042_Q01668	-1.30471	0.00000	0.00000
CID_443879	R-HSA-1430728_R-HSA-163685_R-HSA-422356_R-HSA-400042_Q13936	-1.45160	0.00000	0.00000
CID_443879	R-HSA-1430728_R-HSA-163685_R-HSA-422356_R-HSA-400042_Q9NY47	-1.22248	0.00000	0.00000
CID_443879	R-HSA-1430728_R-HSA-163685_R-HSA-422356_R-HSA-400042_Q08289	-1.74654	0.00000	0.00000
CID_443879	R-HSA-1430728_R-HSA-163685_R-HSA-422356_R-HSA-381676_Q9BQ31	-0.25323	0.00000	0.00000
CID_443879	R-HSA-1430728_R-HSA-71291_R-HSA-209776_R-HSA-209931_P17752	-3.95942	0.00000	0.00000
CID_443879	R-HSA-1430728_R-HSA-71291_R-HSA-2408522_R-HSA-2408557_P39023	-3.75777	0.00000	0.00000
CID_443879	R-HSA-1430728_R-HSA-71291_R-HSA-2408522_R-HSA-2408508_P50135	-5.08759	0.00000	0.00000
CID_443879	R-HSA-1430728_R-HSA-71291_R-HSA-2408522_R-HSA-2408508_P40261	-4.94223	0.00000	0.00000
CID_443879	R-HSA-1430728_R-HSA-71291_R-HSA-351202_R-HSA-350562_P20618	-3.61940	0.00000	0.00000
CID_443879	R-HSA-1430728_R-HSA-71291_R-HSA-351202_R-HSA-350562_P49721	-3.86325	0.00000	0.00000
CID_443879	R-HSA-1430728_R-HSA-71291_R-HSA-351202_R-HSA-350562_P28074	-3.58605	0.00000	0.00000
CID_443879	R-HSA-1430728_R-HSA-71291_R-HSA-351202_R-HSA-350562_P28062	-4.14074	0.00000	0.00000
CID_443879	R-HSA-1430728_R-HSA-71291_R-HSA-351202_R-HSA-350562_P25786	-4.09820	0.00000	0.00000
CID_443879	R-HSA-1430728_R-HSA-71291_R-HSA-351202_R-HSA-350562_Q99460	-4.05615	0.00000	0.00000
CID_443879	R-HSA-1430728_R-HSA-71291_R-HSA-351202_R-HSA-350562_Q13200	-4.12986	0.00000	0.00000
CID_443879	R-HSA-1430728_R-HSA-1428517_R-HSA-163200_R-HSA-163210_P30049	-4.92030	0.00000	0.00000
CID_443879	R-HSA-1430728_R-HSA-1428517_R-HSA-71406_R-HSA-71403_Q02218	-4.76611	0.00000	0.00000
CID_443879	R-HSA-1430728_R-HSA-196854_R-HSA-6806667_R-HSA-975634_O95237	-6.14376	0.00000	0.00000
CID_443879	R-HSA-1430728_R-HSA-196854_R-HSA-6806667_R-HSA-975634_P02753	-6.23796	0.00000	0.00000
CID_443879	R-HSA-1430728_R-HSA-196854_R-HSA-6806667_R-HSA-975634_P50120	-6.34399	0.00000	0.00000
CID_443879	R-HSA-1430728_R-HSA-196854_R-HSA-6806667_R-HSA-975634_P09455	-6.19642	0.00000	0.00000
CID_443879	R-HSA-1430728_R-HSA-196854_R-HSA-8978934_R-HSA-1474151_P0DP23	-4.34817	0.00000	0.00000
CID_443879	R-HSA-1430728_R-HSA-196854_R-HSA-8978934_R-HSA-1474151_P29474	-4.50859	0.00000	0.00000
CID_443879	R-HSA-1430728_R-HSA-196854_R-HSA-196849_R-HSA-196741_P33527	-6.27460	0.00000	0.00000
CID_443879	R-HSA-1430728_R-HSA-196854_R-HSA-196849_R-HSA-196741_Q9UBK8	-7.37093	0.00000	0.00000
CID_443879	R-HSA-1430728_R-HSA-196854_R-HSA-196849_R-HSA-196741_O60494	-7.25433	0.00000	0.00000
CID_443879	R-HSA-1430728_R-HSA-196854_R-HSA-196849_R-HSA-196780_P05165	-10.82436	0.00000	0.00000
CID_443879	R-HSA-1430728_R-HSA-196854_R-HSA-196849_R-HSA-196780_P11498	-5.11767	0.00000	0.00000
CID_443879	R-HSA-1430728_R-HSA-196854_R-HSA-196849_R-HSA-196780_Q9Y289	-7.50152	0.00000	0.00000
CID_443879	R-HSA-1430728_R-HSA-196854_R-HSA-196849_R-HSA-196757_Q96NT5	-5.97935	0.00000	0.00000
CID_443879	R-HSA-1430728_R-HSA-196854_R-HSA-196849_R-HSA-196757_P41440	-6.06346	0.00000	0.00000
CID_443879	R-HSA-1430728_R-HSA-196854_R-HSA-196849_R-HSA-196757_P34897	-6.57741	0.00000	0.00000
CID_443879	R-HSA-1430728_R-HSA-196854_R-HSA-196849_R-HSA-196757_P34896	-6.57616	0.00000	0.00000
CID_443879	R-HSA-1430728_R-HSA-196854_R-HSA-196849_R-HSA-196836_P78417	-5.24187	0.00000	0.00000
CID_443879	R-HSA-1430728_R-HSA-196854_R-HSA-196849_R-HSA-196836_Q9UHI7	-5.04639	0.00000	0.00000
CID_443879	R-HSA-1430728_R-HSA-71387_R-HSA-8982491_R-HSA-70221_P0DP23	-3.12553	0.00000	0.00000
CID_443879	R-HSA-1430728_R-HSA-71387_R-HSA-8982491_R-HSA-70221_P06737	-5.91439	0.00000	0.00000
CID_443879	R-HSA-1430728_R-HSA-71387_R-HSA-70326_R-HSA-70263_P11498	-4.79298	0.00000	0.00000
CID_443879	R-HSA-1430728_R-HSA-71387_R-HSA-70326_R-HSA-70263_P00558	-5.04095	0.00000	0.00000
CID_443879	R-HSA-1430728_R-HSA-1428517_R-HSA-163200_R-HSA-611105_R-HSA-6799198_P19404	-7.82632	0.00000	0.00000
CID_443879	R-HSA-1430728_R-HSA-1428517_R-HSA-163200_R-HSA-611105_R-HSA-6799198_Q16795	-7.82562	0.00000	0.00000
CID_443879	R-HSA-1430728_R-HSA-1428517_R-HSA-163200_R-HSA-611105_R-HSA-6799198_P51970	-7.82705	0.00000	0.00000
CID_443879	R-HSA-1430728_R-HSA-1428517_R-HSA-163200_R-HSA-611105_R-HSA-6799198_O95182	-7.82713	0.00000	0.00000
CID_443879	R-HSA-1430728_R-HSA-1428517_R-HSA-163200_R-HSA-611105_R-HSA-6799198_P56556	-7.82593	0.00000	0.00000
CID_443879	R-HSA-1430728_R-HSA-1428517_R-HSA-163200_R-HSA-611105_R-HSA-6799198_Q16718	-7.82610	0.00000	0.00000
CID_443879	R-HSA-1430728_R-HSA-1428517_R-HSA-163200_R-HSA-611105_R-HSA-6799198_O95167	-7.82592	0.00000	0.00000
CID_443879	R-HSA-1430728_R-HSA-1428517_R-HSA-163200_R-HSA-611105_R-HSA-6799198_O43678	-7.82568	0.00000	0.00000
CID_443879	R-HSA-1430728_R-HSA-1428517_R-HSA-163200_R-HSA-611105_R-HSA-6799198_O15239	-7.82624	0.00000	0.00000
CID_443879	R-HSA-1430728_R-HSA-1428517_R-HSA-163200_R-HSA-611105_R-HSA-6799198_O95299	-7.82588	0.00000	0.00000
CID_443879	R-HSA-1430728_R-HSA-1428517_R-HSA-163200_R-HSA-611105_R-HSA-6799198_O14561	-6.97711	0.00000	0.00000
CID_443879	R-HSA-1430728_R-HSA-1428517_R-HSA-163200_R-HSA-611105_R-HSA-6799198_O75438	-7.82677	0.00000	0.00000
CID_443879	R-HSA-1430728_R-HSA-1428517_R-HSA-163200_R-HSA-611105_R-HSA-6799198_O95178	-7.82657	0.00000	0.00000
CID_443879	R-HSA-1430728_R-HSA-1428517_R-HSA-163200_R-HSA-611105_R-HSA-6799198_O00217	-7.82603	0.00000	0.00000
CID_443879	R-HSA-1430728_R-HSA-1428517_R-HSA-163200_R-HSA-611105_R-HSA-6799198_O75380	-7.82656	0.00000	0.00000
CID_443879	R-HSA-1430728_R-HSA-1428517_R-HSA-163200_R-HSA-611105_R-HSA-6799198_O43920	-7.82628	0.00000	0.00000
CID_443879	R-HSA-1430728_R-HSA-1428517_R-HSA-163200_R-HSA-611105_R-HSA-6799198_O43181	-7.82563	0.00000	0.00000
CID_443879	R-HSA-1430728_R-HSA-1428517_R-HSA-163200_R-HSA-611105_R-HSA-6799198_P49821	-7.82564	0.00000	0.00000
CID_443879	R-HSA-1430728_R-HSA-1428517_R-HSA-163200_R-HSA-611105_R-HSA-6799198_O75489	-7.82612	0.00000	0.00000
CID_443879	R-HSA-1430728_R-HSA-1428517_R-HSA-163200_R-HSA-611105_R-HSA-6799198_O75306	-7.82688	0.00000	0.00000
CID_443879	R-HSA-1430728_R-HSA-1428517_R-HSA-163200_R-HSA-611105_R-HSA-6799198_P56181	-7.82557	0.00000	0.00000
CID_443879	R-HSA-1430728_R-HSA-1428517_R-HSA-163200_R-HSA-611105_R-HSA-6799198_P28331	-7.82576	0.00000	0.00000
CID_443879	R-HSA-1430728_R-HSA-1428517_R-HSA-163200_R-HSA-611105_R-HSA-6799198_O95298	-7.82605	0.00000	0.00000
CID_443879	R-HSA-1430728_R-HSA-1428517_R-HSA-163200_R-HSA-611105_R-HSA-6799198_O43677	-7.82591	0.00000	0.00000
CID_443879	R-HSA-1430728_R-HSA-1428517_R-HSA-163200_R-HSA-611105_R-HSA-6799198_O96000	-7.82603	0.00000	0.00000
CID_443879	R-HSA-1430728_R-HSA-1428517_R-HSA-163200_R-HSA-611105_R-HSA-6799198_Q9Y6M9	-7.82616	0.00000	0.00000
CID_443879	R-HSA-1430728_R-HSA-1428517_R-HSA-163200_R-HSA-611105_R-HSA-6799198_O95169	-7.82630	0.00000	0.00000
CID_443879	R-HSA-1430728_R-HSA-1428517_R-HSA-163200_R-HSA-611105_R-HSA-6799198_P17568	-7.82616	0.00000	0.00000
CID_443879	R-HSA-1430728_R-HSA-1428517_R-HSA-163200_R-HSA-611105_R-HSA-6799198_O95139	-7.82623	0.00000	0.00000
CID_443879	R-HSA-1430728_R-HSA-1428517_R-HSA-163200_R-HSA-611105_R-HSA-6799198_O43674	-7.82632	0.00000	0.00000
CID_443879	R-HSA-1430728_R-HSA-1428517_R-HSA-163200_R-HSA-611105_R-HSA-6799198_O95168	-7.82618	0.00000	0.00000
CID_443879	R-HSA-1430728_R-HSA-1428517_R-HSA-163200_R-HSA-611105_R-HSA-6799198_O43676	-7.82577	0.00000	0.00000
CID_443879	R-HSA-1430728_R-HSA-1428517_R-HSA-71406_R-HSA-70268_R-HSA-204174_P19793	-6.10050	0.00000	0.00000
CID_443879	R-HSA-1430728_R-HSA-1428517_R-HSA-71406_R-HSA-70268_R-HSA-204174_P11177	-7.39612	0.00000	0.00000
CID_443879	R-HSA-1430728_R-HSA-196854_R-HSA-196849_R-HSA-196807_R-HSA-197264_P40261	-6.07932	0.00000	0.00000
CID_443879	R-HSA-1430728_R-HSA-196854_R-HSA-196849_R-HSA-196807_R-HSA-197264_Q16647	-6.25991	0.00000	0.00000
CID_443879	R-HSA-1430728_R-HSA-163685_R-HSA-163680_O43741	-4.96763	0.00500	0.04608
CID_443879	R-HSA-1430728_R-HSA-163685_R-HSA-163767_P67775	-3.43102	0.00500	0.04608
CID_443879	R-HSA-1430728_R-HSA-71387_R-HSA-70326_R-HSA-70171_R-HSA-9634600_P62714	-6.07072	0.00500	0.04608
CID_443879	R-HSA-1430728_R-HSA-71387_R-HSA-70326_R-HSA-70171_R-HSA-9634600_P67775	-6.38814	0.00500	0.04608
CID_446155	R-HSA-1430728_R-HSA-1475029_Q8N1Q1	-2.33022	0.00000	0.00000
CID_446155	R-HSA-1430728_R-HSA-1483249_R-HSA-1855204_P0DP23	-4.17390	0.00000	0.00000
CID_446155	R-HSA-1430728_R-HSA-202131_R-HSA-203615_P0DP23	-4.46653	0.00000	0.00000
CID_446155	R-HSA-1430728_R-HSA-15869_R-HSA-499943_P04818	-4.05875	0.00000	0.00000
CID_446155	R-HSA-1430728_R-HSA-163685_R-HSA-163767_P62714	-4.01428	0.00000	0.00000
CID_446155	R-HSA-1430728_R-HSA-71291_R-HSA-389661_Q02218	-3.94866	0.00000	0.00000
CID_446155	R-HSA-1430728_R-HSA-71291_R-HSA-389661_O14561	-4.94154	0.00000	0.00000
CID_446155	R-HSA-1430728_R-HSA-71291_R-HSA-389661_P11177	-5.01702	0.00000	0.00000
CID_446155	R-HSA-1430728_R-HSA-71291_R-HSA-70895_P24752	-4.49559	0.00000	0.00000
CID_446155	R-HSA-1430728_R-HSA-71291_R-HSA-70895_P54687	-4.17173	0.00000	0.00000
CID_446155	R-HSA-1430728_R-HSA-71291_R-HSA-71288_P48066	-4.22775	0.00000	0.00000
CID_446155	R-HSA-1430728_R-HSA-71291_R-HSA-70921_P50135	-4.56718	0.00000	0.00000
CID_446155	R-HSA-1430728_R-HSA-71291_R-HSA-71064_Q02218	-3.90789	0.00000	0.00000
CID_446155	R-HSA-1430728_R-HSA-15869_R-HSA-8956319_R-HSA-73621_P19971	-5.51309	0.00000	0.00000
CID_446155	R-HSA-1430728_R-HSA-15869_R-HSA-8956319_R-HSA-73621_Q16831	-5.76879	0.00000	0.00000
CID_446155	R-HSA-1430728_R-HSA-15869_R-HSA-8956321_R-HSA-73614_P19971	-5.92409	0.00000	0.00000
CID_446155	R-HSA-1430728_R-HSA-15869_R-HSA-8956321_R-HSA-73614_Q16831	-6.17980	0.00000	0.00000
CID_446155	R-HSA-1430728_R-HSA-163685_R-HSA-422356_R-HSA-400042_Q01668	-3.98138	0.00000	0.00000
CID_446155	R-HSA-1430728_R-HSA-163685_R-HSA-422356_R-HSA-400042_Q13936	-4.12836	0.00000	0.00000
CID_446155	R-HSA-1430728_R-HSA-163685_R-HSA-422356_R-HSA-400042_Q9NY47	-3.89921	0.00000	0.00000
CID_446155	R-HSA-1430728_R-HSA-163685_R-HSA-422356_R-HSA-400042_Q08289	-4.42325	0.00000	0.00000
CID_446155	R-HSA-1430728_R-HSA-71291_R-HSA-209776_R-HSA-209931_P17752	-5.17008	0.00000	0.00000
CID_446155	R-HSA-1430728_R-HSA-71291_R-HSA-2408522_R-HSA-2408557_P39023	-4.89263	0.00000	0.00000
CID_446155	R-HSA-1430728_R-HSA-71291_R-HSA-2408522_R-HSA-2408508_P50135	-6.22840	0.00000	0.00000
CID_446155	R-HSA-1430728_R-HSA-71291_R-HSA-2408522_R-HSA-2408508_P40261	-6.06713	0.00000	0.00000
CID_446155	R-HSA-1430728_R-HSA-71291_R-HSA-351202_R-HSA-350562_P20618	-4.99148	0.00000	0.00000
CID_446155	R-HSA-1430728_R-HSA-71291_R-HSA-351202_R-HSA-350562_P49721	-5.21711	0.00000	0.00000
CID_446155	R-HSA-1430728_R-HSA-71291_R-HSA-351202_R-HSA-350562_P28074	-4.95688	0.00000	0.00000
CID_446155	R-HSA-1430728_R-HSA-71291_R-HSA-351202_R-HSA-350562_P28062	-5.47883	0.00000	0.00000
CID_446155	R-HSA-1430728_R-HSA-71291_R-HSA-351202_R-HSA-350562_P25786	-5.41940	0.00000	0.00000
CID_446155	R-HSA-1430728_R-HSA-71291_R-HSA-351202_R-HSA-350562_Q99460	-5.38504	0.00000	0.00000
CID_446155	R-HSA-1430728_R-HSA-71291_R-HSA-351202_R-HSA-350562_Q13200	-5.44481	0.00000	0.00000
CID_446155	R-HSA-1430728_R-HSA-1428517_R-HSA-163200_R-HSA-163210_P30049	-6.07739	0.00000	0.00000
CID_446155	R-HSA-1430728_R-HSA-1428517_R-HSA-71406_R-HSA-71403_Q02218	-5.74492	0.00000	0.00000
CID_446155	R-HSA-1430728_R-HSA-196854_R-HSA-8978934_R-HSA-1474151_P0DP23	-5.61482	0.00000	0.00000
CID_446155	R-HSA-1430728_R-HSA-196854_R-HSA-8978934_R-HSA-1474151_P29474	-6.12264	0.00000	0.00000
CID_446155	R-HSA-1430728_R-HSA-196854_R-HSA-196849_R-HSA-196741_P33527	-6.90641	0.00000	0.00000
CID_446155	R-HSA-1430728_R-HSA-196854_R-HSA-196849_R-HSA-196741_P22033	-6.52783	0.00000	0.00000
CID_446155	R-HSA-1430728_R-HSA-196854_R-HSA-196849_R-HSA-196741_Q9UBK8	-7.06910	0.00000	0.00000
CID_446155	R-HSA-1430728_R-HSA-196854_R-HSA-196849_R-HSA-196780_P05165	-11.89616	0.00000	0.00000
CID_446155	R-HSA-1430728_R-HSA-196854_R-HSA-196849_R-HSA-196780_P11498	-6.12792	0.00000	0.00000
CID_446155	R-HSA-1430728_R-HSA-196854_R-HSA-196849_R-HSA-196780_Q9Y289	-8.57261	0.00000	0.00000
CID_446155	R-HSA-1430728_R-HSA-196854_R-HSA-196849_R-HSA-196757_Q96NT5	-7.05034	0.00000	0.00000
CID_446155	R-HSA-1430728_R-HSA-196854_R-HSA-196849_R-HSA-196757_P41440	-7.13381	0.00000	0.00000
CID_446155	R-HSA-1430728_R-HSA-196854_R-HSA-196849_R-HSA-196757_P34897	-7.64840	0.00000	0.00000
CID_446155	R-HSA-1430728_R-HSA-196854_R-HSA-196849_R-HSA-196757_P34896	-7.64715	0.00000	0.00000
CID_446155	R-HSA-1430728_R-HSA-196854_R-HSA-196849_R-HSA-196836_P78417	-6.16822	0.00000	0.00000
CID_446155	R-HSA-1430728_R-HSA-196854_R-HSA-196849_R-HSA-196836_Q9UHI7	-6.12087	0.00000	0.00000
CID_446155	R-HSA-1430728_R-HSA-71387_R-HSA-8982491_R-HSA-70221_P0DP23	-4.31900	0.00000	0.00000
CID_446155	R-HSA-1430728_R-HSA-71387_R-HSA-8982491_R-HSA-70221_P06737	-6.93167	0.00000	0.00000
CID_446155	R-HSA-1430728_R-HSA-71387_R-HSA-70326_R-HSA-70263_P11498	-5.56628	0.00000	0.00000
CID_446155	R-HSA-1430728_R-HSA-71387_R-HSA-70326_R-HSA-70263_P00558	-5.76541	0.00000	0.00000
CID_446155	R-HSA-1430728_R-HSA-211859_R-HSA-156580_R-HSA-156581_P40261	-7.59336	0.00000	0.00000
CID_446155	R-HSA-1430728_R-HSA-211859_R-HSA-156580_R-HSA-156581_P78417	-7.88012	0.00000	0.00000
CID_446155	R-HSA-1430728_R-HSA-556833_R-HSA-400206_R-HSA-1989781_P04798	-1.33907	0.00000	0.00000
CID_446155	R-HSA-1430728_R-HSA-556833_R-HSA-400206_R-HSA-1989781_P19793	-1.05950	0.00000	0.00000
CID_446155	R-HSA-1430728_R-HSA-556833_R-HSA-400206_R-HSA-1989781_P35869	-1.36856	0.00000	0.00000
CID_446155	R-HSA-1430728_R-HSA-556833_R-HSA-400206_R-HSA-1989781_P04035	-0.22570	0.00000	0.00000
CID_446155	R-HSA-1430728_R-HSA-556833_R-HSA-400206_R-HSA-1989781_O60656	-1.71322	0.00000	0.00000
CID_446155	R-HSA-1430728_R-HSA-556833_R-HSA-400206_R-HSA-1989781_O60427	-1.66917	0.00000	0.00000
CID_446155	R-HSA-1430728_R-HSA-556833_R-HSA-400206_R-HSA-1989781_Q9Y6Q9	-2.30148	0.00000	0.00000
CID_446155	R-HSA-1430728_R-HSA-556833_R-HSA-428157_R-HSA-1660662_Q9Y3R4	-5.62187	0.00000	0.00000
CID_446155	R-HSA-1430728_R-HSA-556833_R-HSA-9018678_R-HSA-2142700_Q16873	-5.32632	0.00000	0.00000
CID_446155	R-HSA-1430728_R-HSA-556833_R-HSA-8978868_R-HSA-200425_P19793	-4.98890	0.00000	0.00000
CID_446155	R-HSA-1430728_R-HSA-556833_R-HSA-8978868_R-HSA-200425_O43741	-6.11712	0.00000	0.00000
CID_446155	R-HSA-1430728_R-HSA-556833_R-HSA-8957322_R-HSA-196791_Q6VVX0	-5.38669	0.00000	0.00000
CID_446155	R-HSA-1430728_R-HSA-556833_R-HSA-8957322_R-HSA-196791_P02774	-5.38654	0.00000	0.00000
CID_446155	R-HSA-1430728_R-HSA-556833_R-HSA-8957322_R-HSA-196791_O60494	-6.61618	0.00000	0.00000
CID_446155	R-HSA-1430728_R-HSA-556833_R-HSA-8957322_R-HSA-191273_P04035	-1.47721	0.00000	0.00000
CID_446155	R-HSA-1430728_R-HSA-1428517_R-HSA-163200_R-HSA-611105_R-HSA-6799198_P19404	-9.44904	0.00000	0.00000
CID_446155	R-HSA-1430728_R-HSA-1428517_R-HSA-163200_R-HSA-611105_R-HSA-6799198_Q16795	-9.44833	0.00000	0.00000
CID_446155	R-HSA-1430728_R-HSA-1428517_R-HSA-163200_R-HSA-611105_R-HSA-6799198_P51970	-9.44979	0.00000	0.00000
CID_446155	R-HSA-1430728_R-HSA-1428517_R-HSA-163200_R-HSA-611105_R-HSA-6799198_O95182	-9.44989	0.00000	0.00000
CID_446155	R-HSA-1430728_R-HSA-1428517_R-HSA-163200_R-HSA-611105_R-HSA-6799198_P56556	-9.44864	0.00000	0.00000
CID_446155	R-HSA-1430728_R-HSA-1428517_R-HSA-163200_R-HSA-611105_R-HSA-6799198_Q16718	-9.44882	0.00000	0.00000
CID_446155	R-HSA-1430728_R-HSA-1428517_R-HSA-163200_R-HSA-611105_R-HSA-6799198_O95167	-9.44863	0.00000	0.00000
CID_446155	R-HSA-1430728_R-HSA-1428517_R-HSA-163200_R-HSA-611105_R-HSA-6799198_O43678	-9.44839	0.00000	0.00000
CID_446155	R-HSA-1430728_R-HSA-1428517_R-HSA-163200_R-HSA-611105_R-HSA-6799198_O15239	-9.44897	0.00000	0.00000
CID_446155	R-HSA-1430728_R-HSA-1428517_R-HSA-163200_R-HSA-611105_R-HSA-6799198_O95299	-9.44859	0.00000	0.00000
CID_446155	R-HSA-1430728_R-HSA-1428517_R-HSA-163200_R-HSA-611105_R-HSA-6799198_O14561	-8.57134	0.00000	0.00000
CID_446155	R-HSA-1430728_R-HSA-1428517_R-HSA-163200_R-HSA-611105_R-HSA-6799198_O75438	-9.44951	0.00000	0.00000
CID_446155	R-HSA-1430728_R-HSA-1428517_R-HSA-163200_R-HSA-611105_R-HSA-6799198_O95178	-9.44931	0.00000	0.00000
CID_446155	R-HSA-1430728_R-HSA-1428517_R-HSA-163200_R-HSA-611105_R-HSA-6799198_O00217	-9.44874	0.00000	0.00000
CID_446155	R-HSA-1430728_R-HSA-1428517_R-HSA-163200_R-HSA-611105_R-HSA-6799198_O75380	-9.44930	0.00000	0.00000
CID_446155	R-HSA-1430728_R-HSA-1428517_R-HSA-163200_R-HSA-611105_R-HSA-6799198_O43920	-9.44900	0.00000	0.00000
CID_446155	R-HSA-1430728_R-HSA-1428517_R-HSA-163200_R-HSA-611105_R-HSA-6799198_O43181	-9.44834	0.00000	0.00000
CID_446155	R-HSA-1430728_R-HSA-1428517_R-HSA-163200_R-HSA-611105_R-HSA-6799198_P49821	-9.44835	0.00000	0.00000
CID_446155	R-HSA-1430728_R-HSA-1428517_R-HSA-163200_R-HSA-611105_R-HSA-6799198_O75489	-9.44884	0.00000	0.00000
CID_446155	R-HSA-1430728_R-HSA-1428517_R-HSA-163200_R-HSA-611105_R-HSA-6799198_O75306	-9.44963	0.00000	0.00000
CID_446155	R-HSA-1430728_R-HSA-1428517_R-HSA-163200_R-HSA-611105_R-HSA-6799198_P56181	-9.44828	0.00000	0.00000
CID_446155	R-HSA-1430728_R-HSA-1428517_R-HSA-163200_R-HSA-611105_R-HSA-6799198_P28331	-9.44846	0.00000	0.00000
CID_446155	R-HSA-1430728_R-HSA-1428517_R-HSA-163200_R-HSA-611105_R-HSA-6799198_O95298	-9.44878	0.00000	0.00000
CID_446155	R-HSA-1430728_R-HSA-1428517_R-HSA-163200_R-HSA-611105_R-HSA-6799198_O43677	-9.44862	0.00000	0.00000
CID_446155	R-HSA-1430728_R-HSA-1428517_R-HSA-163200_R-HSA-611105_R-HSA-6799198_O96000	-9.44874	0.00000	0.00000
CID_446155	R-HSA-1430728_R-HSA-1428517_R-HSA-163200_R-HSA-611105_R-HSA-6799198_Q9Y6M9	-9.44888	0.00000	0.00000
CID_446155	R-HSA-1430728_R-HSA-1428517_R-HSA-163200_R-HSA-611105_R-HSA-6799198_O95169	-9.44902	0.00000	0.00000
CID_446155	R-HSA-1430728_R-HSA-1428517_R-HSA-163200_R-HSA-611105_R-HSA-6799198_P17568	-9.44888	0.00000	0.00000
CID_446155	R-HSA-1430728_R-HSA-1428517_R-HSA-163200_R-HSA-611105_R-HSA-6799198_O95139	-9.44896	0.00000	0.00000
CID_446155	R-HSA-1430728_R-HSA-1428517_R-HSA-163200_R-HSA-611105_R-HSA-6799198_O43674	-9.44904	0.00000	0.00000
CID_446155	R-HSA-1430728_R-HSA-1428517_R-HSA-163200_R-HSA-611105_R-HSA-6799198_O95168	-9.44890	0.00000	0.00000
CID_446155	R-HSA-1430728_R-HSA-1428517_R-HSA-163200_R-HSA-611105_R-HSA-6799198_O43676	-9.44848	0.00000	0.00000
CID_446155	R-HSA-1430728_R-HSA-1428517_R-HSA-71406_R-HSA-70268_R-HSA-204174_P19793	-7.18922	0.00000	0.00000
CID_446155	R-HSA-1430728_R-HSA-1428517_R-HSA-71406_R-HSA-70268_R-HSA-204174_P11177	-8.76230	0.00000	0.00000
CID_446155	R-HSA-1430728_R-HSA-196854_R-HSA-196849_R-HSA-196807_R-HSA-197264_P40261	-7.51397	0.00000	0.00000
CID_446155	R-HSA-1430728_R-HSA-196854_R-HSA-196849_R-HSA-196807_R-HSA-197264_Q16647	-7.68974	0.00000	0.00000
CID_446155	R-HSA-1430728_R-HSA-556833_R-HSA-1483257_R-HSA-1483206_R-HSA-1482798_P47712	-8.77943	0.00000	0.00000
CID_446155	R-HSA-1430728_R-HSA-556833_R-HSA-1483257_R-HSA-1483255_R-HSA-1660499_O00750	-8.62521	0.00000	0.00000
CID_446155	R-HSA-1430728_R-HSA-556833_R-HSA-1483257_R-HSA-1483255_R-HSA-1660499_Q8TBX8	-7.85565	0.00000	0.00000
CID_446155	R-HSA-1430728_R-HSA-556833_R-HSA-8978868_R-HSA-2046104_R-HSA-2046106_O60427	-8.20031	0.00000	0.00000
CID_446155	R-HSA-1430728_R-HSA-556833_R-HSA-8978868_R-HSA-2046104_R-HSA-2046106_O95864	-9.51161	0.00000	0.00000
CID_446155	R-HSA-1430728_R-HSA-556833_R-HSA-8978868_R-HSA-2142753_R-HSA-2142670_Q16678	-45.61221	0.00000	0.00000
CID_446155	R-HSA-1430728_R-HSA-556833_R-HSA-8978868_R-HSA-2142753_R-HSA-2142670_P04798	-44.73741	0.00000	0.00000
CID_446155	R-HSA-1430728_R-HSA-556833_R-HSA-8978868_R-HSA-2142753_R-HSA-2142816_Q16678	-9.00194	0.00000	0.00000
CID_446155	R-HSA-1430728_R-HSA-556833_R-HSA-8978868_R-HSA-2142753_R-HSA-2142816_P04798	-8.12713	0.00000	0.00000
CID_446155	R-HSA-1430728_R-HSA-556833_R-HSA-8978868_R-HSA-2142753_R-HSA-2142691_P33527	-8.86232	0.00000	0.00000
CID_446155	R-HSA-1430728_R-HSA-556833_R-HSA-8978868_R-HSA-2142753_R-HSA-2142691_P13584	-8.84321	0.00000	0.00000
CID_446155	R-HSA-1430728_R-HSA-556833_R-HSA-8978868_R-HSA-2142753_R-HSA-2142691_Q16873	-8.37395	0.00000	0.00000
CID_446155	R-HSA-1430728_R-HSA-556833_R-HSA-8978868_R-HSA-2142753_R-HSA-2162123_P16152	-10.91027	0.00000	0.00000
CID_446155	R-HSA-1430728_R-HSA-556833_R-HSA-8978868_R-HSA-2142753_R-HSA-2162123_Q16647	-9.31651	0.00000	0.00000
CID_446155	R-HSA-1430728_R-HSA-556833_R-HSA-8978868_R-HSA-2142753_R-HSA-2142688_Q15166	-10.45579	0.00000	0.00000
CID_446155	R-HSA-1430728_R-HSA-556833_R-HSA-8978868_R-HSA-2142753_R-HSA-2142688_Q16873	-8.99709	0.00000	0.00000
CID_446155	R-HSA-1430728_R-HSA-556833_R-HSA-8978868_R-HSA-390918_R-HSA-389599_O14832	-8.41573	0.00000	0.00000
CID_446155	R-HSA-1430728_R-HSA-556833_R-HSA-8978868_R-HSA-75105_R-HSA-75876_Q9GZR5	-9.58844	0.00000	0.00000
CID_446155	R-HSA-1430728_R-HSA-556833_R-HSA-8978868_R-HSA-77289_R-HSA-71032_P22033	-7.63046	0.00000	0.00000
CID_446155	R-HSA-1430728_R-HSA-556833_R-HSA-8957322_R-HSA-1655829_R-HSA-2426168_P19793	-4.40158	0.00000	0.00000
CID_446155	R-HSA-1430728_R-HSA-556833_R-HSA-8957322_R-HSA-1655829_R-HSA-2426168_P04035	-3.56778	0.00000	0.00000
CID_446155	R-HSA-1430728_R-HSA-202131_R-HSA-203615_P29474	-4.97435	0.00500	0.04608
CID_446155	R-HSA-1430728_R-HSA-163685_R-HSA-163767_P67775	-4.05247	0.00500	0.04608
CID_446155	R-HSA-1430728_R-HSA-15869_R-HSA-8956321_R-HSA-74217_P00813	-5.58398	0.00500	0.04608
CID_446155	R-HSA-1430728_R-HSA-163685_R-HSA-422356_R-HSA-381676_Q9BQ31	-2.88280	0.00500	0.04608
CID_446155	R-HSA-1430728_R-HSA-196854_R-HSA-196849_R-HSA-196741_O60494	-8.32386	0.00500	0.04608
CID_446155	R-HSA-1430728_R-HSA-211859_R-HSA-156580_R-HSA-156581_Q9UBK8	-8.23264	0.00500	0.04608
CID_446155	R-HSA-1430728_R-HSA-556833_R-HSA-74182_R-HSA-77111_P24752	-6.90653	0.00500	0.04608
CID_446155	R-HSA-1430728_R-HSA-71387_R-HSA-70326_R-HSA-70171_R-HSA-9634600_P62714	-7.15241	0.00500	0.04608
CID_446155	R-HSA-1430728_R-HSA-71387_R-HSA-70326_R-HSA-70171_R-HSA-9634600_P67775	-7.19060	0.00500	0.04608
CID_446155	R-HSA-1430728_R-HSA-211859_R-HSA-211945_R-HSA-211897_R-HSA-211976_Q16678	-7.49814	0.00500	0.04608
CID_446155	R-HSA-1430728_R-HSA-556833_R-HSA-1483257_R-HSA-1483206_R-HSA-1483191_P06276	-9.10040	0.00500	0.04608
CID_446155	R-HSA-1430728_R-HSA-556833_R-HSA-1483257_R-HSA-1483206_R-HSA-1483191_P22303	-9.76462	0.00500	0.04608
CID_446155	R-HSA-1430728_R-HSA-556833_R-HSA-1483257_R-HSA-1483206_R-HSA-1482788_P47712	-8.31462	0.00500	0.04608
CID_446155	R-HSA-1430728_R-HSA-556833_R-HSA-1483257_R-HSA-1483206_R-HSA-1482801_P47712	-8.20464	0.00500	0.04608
CID_446155	R-HSA-1430728_R-HSA-556833_R-HSA-1483257_R-HSA-1483206_R-HSA-1482839_P47712	-8.11128	0.00500	0.04608
CID_446155	R-HSA-1430728_R-HSA-556833_R-HSA-1483257_R-HSA-1483206_R-HSA-1482922_P47712	-8.22899	0.00500	0.04608
CID_446155	R-HSA-1430728_R-HSA-556833_R-HSA-1483257_R-HSA-1483206_R-HSA-1482925_P47712	-7.77114	0.00500	0.04608
CID_446155	R-HSA-1430728_R-HSA-556833_R-HSA-1483257_R-HSA-1483206_R-HSA-1483166_P47712	-7.91026	0.00500	0.04608
CID_446155	R-HSA-1430728_R-HSA-556833_R-HSA-1483257_R-HSA-1483206_R-HSA-1483213_Q99447	-8.27827	0.00500	0.04608
CID_446155	R-HSA-1430728_R-HSA-556833_R-HSA-1483257_R-HSA-1483255_R-HSA-1660514_Q9UBF8	-8.91157	0.00500	0.04608
CID_446155	R-HSA-1430728_R-HSA-556833_R-HSA-8978868_R-HSA-77289_R-HSA-71032_P05165	-13.23269	0.00500	0.04608
CID_4474	R-HSA-1430728_R-HSA-1483249_R-HSA-1855204_P0DP23	-4.89475	0.00000	0.00000
CID_4474	R-HSA-1430728_R-HSA-163685_R-HSA-163767_P62714	-4.65030	0.00000	0.00000
CID_4474	R-HSA-1430728_R-HSA-71291_R-HSA-389661_P11177	-6.77239	0.00000	0.00000
CID_4474	R-HSA-1430728_R-HSA-71291_R-HSA-351202_R-HSA-350562_P20618	-6.68903	0.00000	0.00000
CID_4474	R-HSA-1430728_R-HSA-71291_R-HSA-351202_R-HSA-350562_P49721	-6.91663	0.00000	0.00000
CID_4474	R-HSA-1430728_R-HSA-71291_R-HSA-351202_R-HSA-350562_P28074	-6.65324	0.00000	0.00000
CID_4474	R-HSA-1430728_R-HSA-71291_R-HSA-351202_R-HSA-350562_P28062	-7.14811	0.00000	0.00000
CID_4474	R-HSA-1430728_R-HSA-71291_R-HSA-351202_R-HSA-350562_P25786	-7.19876	0.00000	0.00000
CID_4474	R-HSA-1430728_R-HSA-71291_R-HSA-351202_R-HSA-350562_Q99460	-7.15698	0.00000	0.00000
CID_4474	R-HSA-1430728_R-HSA-71291_R-HSA-351202_R-HSA-350562_Q13200	-7.23089	0.00000	0.00000
CID_4474	R-HSA-1430728_R-HSA-196854_R-HSA-8978934_R-HSA-1474151_P0DP23	-7.77025	0.00000	0.00000
CID_4474	R-HSA-1430728_R-HSA-1428517_R-HSA-71406_R-HSA-70268_R-HSA-204174_P19793	-10.24408	0.00000	0.00000
CID_4474	R-HSA-74160_R-HSA-73857_R-HSA-212436_R-HSA-8986944_R-HSA-9022692_P0DP23	-5.37999	0.00000	0.00000
CID_4474	R-HSA-1430728_R-HSA-202131_R-HSA-203615_P0DP23	-4.20853	0.00500	0.04608
CID_4474	R-HSA-1430728_R-HSA-163685_R-HSA-163767_P67775	-4.64854	0.00500	0.04608
CID_4474	R-HSA-1430728_R-HSA-71291_R-HSA-389661_Q02218	-5.72609	0.00500	0.04608
CID_4474	R-HSA-1430728_R-HSA-71291_R-HSA-389661_O14561	-6.69250	0.00500	0.04608
CID_4474	R-HSA-1430728_R-HSA-71291_R-HSA-70895_P54687	-5.91977	0.00500	0.04608
CID_4474	R-HSA-1430728_R-HSA-71291_R-HSA-71288_P48066	-5.94502	0.00500	0.04608
CID_4474	R-HSA-1430728_R-HSA-71291_R-HSA-70921_P50135	-6.32447	0.00500	0.04608
CID_4474	R-HSA-1430728_R-HSA-71291_R-HSA-71064_Q02218	-5.68488	0.00500	0.04608
CID_4474	R-HSA-1430728_R-HSA-163685_R-HSA-422356_R-HSA-400042_Q13936	-1.15081	0.00500	0.04608
CID_4474	R-HSA-1430728_R-HSA-163685_R-HSA-422356_R-HSA-381676_Q9BQ31	-2.40258	0.00500	0.04608
CID_4474	R-HSA-1430728_R-HSA-71291_R-HSA-209776_R-HSA-209931_P17752	-7.34258	0.00500	0.04608
CID_4474	R-HSA-1430728_R-HSA-71291_R-HSA-2408522_R-HSA-2408557_P39023	-7.13094	0.00500	0.04608
CID_4474	R-HSA-1430728_R-HSA-71291_R-HSA-2408522_R-HSA-2408508_P50135	-8.46151	0.00500	0.04608
CID_4474	R-HSA-1430728_R-HSA-71291_R-HSA-2408522_R-HSA-2408508_P40261	-8.30685	0.00500	0.04608
CID_4474	R-HSA-1430728_R-HSA-196854_R-HSA-8978934_R-HSA-1474151_P29474	-9.59593	0.00500	0.04608
CID_4474	R-HSA-1430728_R-HSA-196854_R-HSA-196849_R-HSA-196780_Q9Y289	-10.87042	0.00500	0.04608
CID_4474	R-HSA-1430728_R-HSA-196854_R-HSA-196849_R-HSA-196757_Q96NT5	-9.34814	0.00500	0.04608
CID_4474	R-HSA-1430728_R-HSA-196854_R-HSA-196849_R-HSA-196757_P41440	-9.43215	0.00500	0.04608
CID_4474	R-HSA-1430728_R-HSA-196854_R-HSA-196849_R-HSA-196836_P78417	-8.58593	0.00500	0.04608
CID_4474	R-HSA-1430728_R-HSA-71387_R-HSA-8982491_R-HSA-70221_P06737	-7.72425	0.00500	0.04608
CID_4474	R-HSA-1430728_R-HSA-196854_R-HSA-196849_R-HSA-196807_R-HSA-197264_Q16647	-10.45471	0.00500	0.04608
CID_4474	R-HSA-1430728_R-HSA-71387_R-HSA-70326_R-HSA-70171_R-HSA-9634600_P67775	-10.19674	0.00500	0.04608
CID_4477	R-HSA-162582_R-HSA-372790_R-HSA-388396_R-HSA-418597_P05771	-7.96369	0.00000	0.00000
CID_4477	R-HSA-162582_R-HSA-372790_R-HSA-388396_R-HSA-416476_R-HSA-881907_R-HSA-2179392_P17252	-12.58836	0.00000	0.00000
CID_4477	R-HSA-162582_R-HSA-372790_R-HSA-388396_R-HSA-418594_R-HSA-2187338_R-HSA-2187335_P12271	-14.57780	0.00000	0.00000
CID_4477	R-HSA-162582_R-HSA-372790_R-HSA-388396_R-HSA-418594_R-HSA-2187338_R-HSA-2187335_P10745	-14.57259	0.00000	0.00000
CID_4477	R-HSA-162582_R-HSA-372790_R-HSA-388396_R-HSA-418594_R-HSA-2187338_R-HSA-2453902_O95237	-13.54248	0.00000	0.00000
CID_4477	R-HSA-162582_R-HSA-372790_R-HSA-388396_R-HSA-418594_R-HSA-2187338_R-HSA-2453902_P12271	-13.81798	0.00000	0.00000
CID_4477	R-HSA-162582_R-HSA-372790_R-HSA-388396_R-HSA-418594_R-HSA-2187338_R-HSA-2453902_P10745	-13.81277	0.00000	0.00000
CID_4477	R-HSA-162582_R-HSA-372790_R-HSA-388396_R-HSA-418594_R-HSA-2187338_R-HSA-975634_O95237	-13.63999	0.00000	0.00000
CID_4477	R-HSA-162582_R-HSA-372790_R-HSA-388396_R-HSA-418597_P17252	-8.03321	0.00500	0.04608
CID_4477	R-HSA-162582_R-HSA-372790_R-HSA-500792_R-HSA-373076_R-HSA-375281_P30968	-8.26468	0.00500	0.04608
CID_4477	R-HSA-162582_R-HSA-372790_R-HSA-388396_R-HSA-397795_R-HSA-392451_O15530	-10.20058	0.00500	0.04608
CID_4477	R-HSA-162582_R-HSA-372790_R-HSA-500792_R-HSA-373076_R-HSA-375276_R-HSA-380108_P10145	-10.20743	0.00500	0.04608
CID_4477	R-HSA-162582_R-HSA-372790_R-HSA-500792_R-HSA-373076_R-HSA-375280_R-HSA-390666_P50406	-8.45789	0.00500	0.04608
CID_4477	R-HSA-162582_R-HSA-372790_R-HSA-500792_R-HSA-373076_R-HSA-391903_R-HSA-391908_P43088	-12.60939	0.00500	0.04608
CID_4477	R-HSA-162582_R-HSA-372790_R-HSA-500792_R-HSA-373076_R-HSA-391903_R-HSA-391908_P43116	-11.23397	0.00500	0.04608
CID_4477	R-HSA-162582_R-HSA-372790_R-HSA-388396_R-HSA-418594_R-HSA-2187338_R-HSA-2187335_O75911	-15.14991	0.00500	0.04608
CID_4477	R-HSA-162582_R-HSA-372790_R-HSA-388396_R-HSA-418594_R-HSA-2187338_R-HSA-2453902_P02753	-13.61467	0.00500	0.04608
CID_4477	R-HSA-162582_R-HSA-372790_R-HSA-388396_R-HSA-418594_R-HSA-2187338_R-HSA-2453902_P09455	-13.57171	0.00500	0.04608
CID_4477	R-HSA-162582_R-HSA-372790_R-HSA-388396_R-HSA-418594_R-HSA-2187338_R-HSA-975634_P02753	-13.71217	0.00500	0.04608
CID_4477	R-HSA-162582_R-HSA-372790_R-HSA-388396_R-HSA-418594_R-HSA-2187338_R-HSA-975634_P50120	-14.12976	0.00500	0.04608
CID_4477	R-HSA-162582_R-HSA-372790_R-HSA-388396_R-HSA-418594_R-HSA-2187338_R-HSA-975634_P09455	-13.66922	0.00500	0.04608
CID_4477	R-HSA-162582_R-HSA-372790_R-HSA-388396_R-HSA-418594_R-HSA-111885_R-HSA-202040_P01189	-13.34561	0.00500	0.04608
CID_4477	R-HSA-162582_R-HSA-372790_R-HSA-388396_R-HSA-418594_R-HSA-2187338_R-HSA-2514856_R-HSA-2514859_P50579	-13.79576	0.00500	0.04608
CID_4477	R-HSA-162582_R-HSA-372790_R-HSA-388396_R-HSA-418594_R-HSA-2187338_R-HSA-2514856_R-HSA-2514859_P17252	-13.70921	0.00500	0.04608
CID_4477	R-HSA-162582_R-HSA-372790_R-HSA-388396_R-HSA-418594_R-HSA-2187338_R-HSA-2514856_R-HSA-2514859_P35913	-14.58546	0.00500	0.04608
CID_4477	R-HSA-162582_R-HSA-372790_R-HSA-388396_R-HSA-418594_R-HSA-2187338_R-HSA-2514856_R-HSA-2485179_P35913	-15.55447	0.00500	0.04608
CID_4485	R-HSA-1430728_R-HSA-1483249_R-HSA-1855204_P0DP23	-5.06714	0.00000	0.00000
CID_4485	R-HSA-1430728_R-HSA-15869_R-HSA-499943_P04818	-4.75237	0.00000	0.00000
CID_4485	R-HSA-1430728_R-HSA-163685_R-HSA-163765_P30613	-3.03843	0.00000	0.00000
CID_4485	R-HSA-1430728_R-HSA-71291_R-HSA-389661_Q02218	-4.77778	0.00000	0.00000
CID_4485	R-HSA-1430728_R-HSA-71291_R-HSA-389661_O14561	-5.74712	0.00000	0.00000
CID_4485	R-HSA-1430728_R-HSA-71291_R-HSA-389661_P11177	-5.82711	0.00000	0.00000
CID_4485	R-HSA-1430728_R-HSA-71291_R-HSA-70895_P54687	-4.97441	0.00000	0.00000
CID_4485	R-HSA-1430728_R-HSA-71291_R-HSA-71064_Q02218	-4.73658	0.00000	0.00000
CID_4485	R-HSA-1430728_R-HSA-15869_R-HSA-8956319_R-HSA-73621_P19971	-6.45592	0.00000	0.00000
CID_4485	R-HSA-1430728_R-HSA-15869_R-HSA-8956321_R-HSA-73614_P19971	-6.81161	0.00000	0.00000
CID_4485	R-HSA-1430728_R-HSA-15869_R-HSA-8956321_R-HSA-73614_Q16831	-7.06773	0.00000	0.00000
CID_4485	R-HSA-1430728_R-HSA-163685_R-HSA-422356_R-HSA-400042_Q01668	0.06335	0.00000	0.00000
CID_4485	R-HSA-1430728_R-HSA-163685_R-HSA-422356_R-HSA-400042_Q13936	-0.04675	0.00000	0.00000
CID_4485	R-HSA-1430728_R-HSA-1428517_R-HSA-71406_R-HSA-71403_Q02218	-6.88776	0.00000	0.00000
CID_4485	R-HSA-1430728_R-HSA-196854_R-HSA-196849_R-HSA-196757_Q96NT5	-8.15744	0.00000	0.00000
CID_4485	R-HSA-1430728_R-HSA-1428517_R-HSA-163200_R-HSA-611105_R-HSA-6799198_O14561	-9.76113	0.00000	0.00000
CID_4485	R-HSA-1430728_R-HSA-1428517_R-HSA-71406_R-HSA-70268_R-HSA-204174_P19793	-8.39935	0.00000	0.00000
CID_4485	R-HSA-1430728_R-HSA-1428517_R-HSA-71406_R-HSA-70268_R-HSA-204174_P11177	-10.12518	0.00000	0.00000
CID_4485	R-HSA-1430728_R-HSA-196854_R-HSA-196849_R-HSA-196807_R-HSA-197264_Q16647	-9.02836	0.00000	0.00000
CID_4485	R-HSA-74160_R-HSA-73857_R-HSA-212436_R-HSA-8986944_R-HSA-9022692_P0DP23	-5.15186	0.00000	0.00000
CID_4485	R-HSA-1430728_R-HSA-202131_R-HSA-203615_P29474	-5.13198	0.00500	0.04608
CID_4485	R-HSA-1430728_R-HSA-163685_R-HSA-163767_P62714	-3.72856	0.00500	0.04608
CID_4485	R-HSA-1430728_R-HSA-71291_R-HSA-71288_P48066	-5.00158	0.00500	0.04608
CID_4485	R-HSA-1430728_R-HSA-71291_R-HSA-70921_P50135	-5.37907	0.00500	0.04608
CID_4485	R-HSA-1430728_R-HSA-15869_R-HSA-8956319_R-HSA-73621_Q16831	-6.71204	0.00500	0.04608
CID_4485	R-HSA-1430728_R-HSA-163685_R-HSA-422356_R-HSA-400042_Q08289	-0.37199	0.00500	0.04608
CID_4485	R-HSA-1430728_R-HSA-163685_R-HSA-422356_R-HSA-381676_Q9BQ31	-1.29863	0.00500	0.04608
CID_4485	R-HSA-1430728_R-HSA-71291_R-HSA-209776_R-HSA-209931_P17752	-6.16685	0.00500	0.04608
CID_4485	R-HSA-1430728_R-HSA-71291_R-HSA-2408522_R-HSA-2408557_P39023	-5.95194	0.00500	0.04608
CID_4485	R-HSA-1430728_R-HSA-71291_R-HSA-2408522_R-HSA-2408508_P50135	-7.28274	0.00500	0.04608
CID_4485	R-HSA-1430728_R-HSA-71291_R-HSA-2408522_R-HSA-2408508_P40261	-7.12604	0.00500	0.04608
CID_4485	R-HSA-1430728_R-HSA-71291_R-HSA-351202_R-HSA-350562_P20618	-5.45920	0.00500	0.04608
CID_4485	R-HSA-1430728_R-HSA-71291_R-HSA-351202_R-HSA-350562_P49721	-5.64297	0.00500	0.04608
CID_4485	R-HSA-1430728_R-HSA-71291_R-HSA-351202_R-HSA-350562_P28074	-5.42673	0.00500	0.04608
CID_4485	R-HSA-1430728_R-HSA-71291_R-HSA-351202_R-HSA-350562_P28062	-5.81666	0.00500	0.04608
CID_4485	R-HSA-1430728_R-HSA-71291_R-HSA-351202_R-HSA-350562_P25786	-5.96463	0.00500	0.04608
CID_4485	R-HSA-1430728_R-HSA-71291_R-HSA-351202_R-HSA-350562_Q99460	-5.92966	0.00500	0.04608
CID_4485	R-HSA-1430728_R-HSA-71291_R-HSA-351202_R-HSA-350562_Q13200	-5.99131	0.00500	0.04608
CID_4485	R-HSA-1430728_R-HSA-1428517_R-HSA-163200_R-HSA-163210_P30049	-7.08365	0.00500	0.04608
CID_4485	R-HSA-1430728_R-HSA-196854_R-HSA-6806667_R-HSA-975634_O95237	-5.27955	0.00500	0.04608
CID_4485	R-HSA-1430728_R-HSA-196854_R-HSA-6806667_R-HSA-975634_P02753	-5.39684	0.00500	0.04608
CID_4485	R-HSA-1430728_R-HSA-196854_R-HSA-6806667_R-HSA-975634_P50120	-5.63429	0.00500	0.04608
CID_4485	R-HSA-1430728_R-HSA-196854_R-HSA-6806667_R-HSA-975634_P09455	-5.29762	0.00500	0.04608
CID_4485	R-HSA-1430728_R-HSA-196854_R-HSA-8978934_R-HSA-1474151_P0DP23	-7.68632	0.00500	0.04608
CID_4485	R-HSA-1430728_R-HSA-196854_R-HSA-8978934_R-HSA-1474151_P29474	-8.40434	0.00500	0.04608
CID_4485	R-HSA-1430728_R-HSA-196854_R-HSA-196849_R-HSA-196741_P33527	-8.27741	0.00500	0.04608
CID_4485	R-HSA-1430728_R-HSA-196854_R-HSA-196849_R-HSA-196741_P22033	-9.39217	0.00500	0.04608
CID_4485	R-HSA-1430728_R-HSA-196854_R-HSA-196849_R-HSA-196741_Q9UBK8	-8.80080	0.00500	0.04608
CID_4485	R-HSA-1430728_R-HSA-196854_R-HSA-196849_R-HSA-196741_O60494	-9.43242	0.00500	0.04608
CID_4485	R-HSA-1430728_R-HSA-196854_R-HSA-196849_R-HSA-196780_P05165	-13.00276	0.00500	0.04608
CID_4485	R-HSA-1430728_R-HSA-196854_R-HSA-196849_R-HSA-196780_P11498	-7.27778	0.00500	0.04608
CID_4485	R-HSA-1430728_R-HSA-196854_R-HSA-196849_R-HSA-196780_Q9Y289	-9.67975	0.00500	0.04608
CID_4485	R-HSA-1430728_R-HSA-196854_R-HSA-196849_R-HSA-196757_P41440	-8.24141	0.00500	0.04608
CID_4485	R-HSA-1430728_R-HSA-196854_R-HSA-196849_R-HSA-196757_P34897	-8.75550	0.00500	0.04608
CID_4485	R-HSA-1430728_R-HSA-196854_R-HSA-196849_R-HSA-196757_P34896	-8.75425	0.00500	0.04608
CID_4485	R-HSA-1430728_R-HSA-196854_R-HSA-196849_R-HSA-196836_P78417	-7.38743	0.00500	0.04608
CID_4485	R-HSA-1430728_R-HSA-196854_R-HSA-196849_R-HSA-196836_Q9UHI7	-7.22472	0.00500	0.04608
CID_4485	R-HSA-1430728_R-HSA-71387_R-HSA-8982491_R-HSA-70221_P06737	-6.54497	0.00500	0.04608
CID_4485	R-HSA-1430728_R-HSA-71387_R-HSA-70326_R-HSA-70263_P11498	-6.92509	0.00500	0.04608
CID_4485	R-HSA-1430728_R-HSA-1428517_R-HSA-163200_R-HSA-611105_R-HSA-6799198_P19404	-10.61006	0.00500	0.04608
CID_4485	R-HSA-1430728_R-HSA-1428517_R-HSA-163200_R-HSA-611105_R-HSA-6799198_Q16795	-10.60935	0.00500	0.04608
CID_4485	R-HSA-1430728_R-HSA-1428517_R-HSA-163200_R-HSA-611105_R-HSA-6799198_P51970	-10.61079	0.00500	0.04608
CID_4485	R-HSA-1430728_R-HSA-1428517_R-HSA-163200_R-HSA-611105_R-HSA-6799198_O95182	-10.61088	0.00500	0.04608
CID_4485	R-HSA-1430728_R-HSA-1428517_R-HSA-163200_R-HSA-611105_R-HSA-6799198_P56556	-10.60966	0.00500	0.04608
CID_4485	R-HSA-1430728_R-HSA-1428517_R-HSA-163200_R-HSA-611105_R-HSA-6799198_Q16718	-10.60984	0.00500	0.04608
CID_4485	R-HSA-1430728_R-HSA-1428517_R-HSA-163200_R-HSA-611105_R-HSA-6799198_O95167	-10.60965	0.00500	0.04608
CID_4485	R-HSA-1430728_R-HSA-1428517_R-HSA-163200_R-HSA-611105_R-HSA-6799198_O43678	-10.60942	0.00500	0.04608
CID_4485	R-HSA-1430728_R-HSA-1428517_R-HSA-163200_R-HSA-611105_R-HSA-6799198_O15239	-10.60998	0.00500	0.04608
CID_4485	R-HSA-1430728_R-HSA-1428517_R-HSA-163200_R-HSA-611105_R-HSA-6799198_O95299	-10.60961	0.00500	0.04608
CID_4485	R-HSA-1430728_R-HSA-1428517_R-HSA-163200_R-HSA-611105_R-HSA-6799198_O75438	-10.61051	0.00500	0.04608
CID_4485	R-HSA-1430728_R-HSA-1428517_R-HSA-163200_R-HSA-611105_R-HSA-6799198_O95178	-10.61031	0.00500	0.04608
CID_4485	R-HSA-1430728_R-HSA-1428517_R-HSA-163200_R-HSA-611105_R-HSA-6799198_O00217	-10.60976	0.00500	0.04608
CID_4485	R-HSA-1430728_R-HSA-1428517_R-HSA-163200_R-HSA-611105_R-HSA-6799198_O75380	-10.61030	0.00500	0.04608
CID_4485	R-HSA-1430728_R-HSA-1428517_R-HSA-163200_R-HSA-611105_R-HSA-6799198_O43920	-10.61001	0.00500	0.04608
CID_4485	R-HSA-1430728_R-HSA-1428517_R-HSA-163200_R-HSA-611105_R-HSA-6799198_O43181	-10.60937	0.00500	0.04608
CID_4485	R-HSA-1430728_R-HSA-1428517_R-HSA-163200_R-HSA-611105_R-HSA-6799198_P49821	-10.60937	0.00500	0.04608
CID_4485	R-HSA-1430728_R-HSA-1428517_R-HSA-163200_R-HSA-611105_R-HSA-6799198_O75489	-10.60985	0.00500	0.04608
CID_4485	R-HSA-1430728_R-HSA-1428517_R-HSA-163200_R-HSA-611105_R-HSA-6799198_O75306	-10.61063	0.00500	0.04608
CID_4485	R-HSA-1430728_R-HSA-1428517_R-HSA-163200_R-HSA-611105_R-HSA-6799198_P56181	-10.60930	0.00500	0.04608
CID_4485	R-HSA-1430728_R-HSA-1428517_R-HSA-163200_R-HSA-611105_R-HSA-6799198_P28331	-10.60949	0.00500	0.04608
CID_4485	R-HSA-1430728_R-HSA-1428517_R-HSA-163200_R-HSA-611105_R-HSA-6799198_O95298	-10.60979	0.00500	0.04608
CID_4485	R-HSA-1430728_R-HSA-1428517_R-HSA-163200_R-HSA-611105_R-HSA-6799198_O43677	-10.60964	0.00500	0.04608
CID_4485	R-HSA-1430728_R-HSA-1428517_R-HSA-163200_R-HSA-611105_R-HSA-6799198_O96000	-10.60976	0.00500	0.04608
CID_4485	R-HSA-1430728_R-HSA-1428517_R-HSA-163200_R-HSA-611105_R-HSA-6799198_Q9Y6M9	-10.60989	0.00500	0.04608
CID_4485	R-HSA-1430728_R-HSA-1428517_R-HSA-163200_R-HSA-611105_R-HSA-6799198_O95169	-10.61003	0.00500	0.04608
CID_4485	R-HSA-1430728_R-HSA-1428517_R-HSA-163200_R-HSA-611105_R-HSA-6799198_P17568	-10.60990	0.00500	0.04608
CID_4485	R-HSA-1430728_R-HSA-1428517_R-HSA-163200_R-HSA-611105_R-HSA-6799198_O95139	-10.60997	0.00500	0.04608
CID_4485	R-HSA-1430728_R-HSA-1428517_R-HSA-163200_R-HSA-611105_R-HSA-6799198_O43674	-10.61006	0.00500	0.04608
CID_4485	R-HSA-1430728_R-HSA-1428517_R-HSA-163200_R-HSA-611105_R-HSA-6799198_O95168	-10.60991	0.00500	0.04608
CID_4485	R-HSA-1430728_R-HSA-1428517_R-HSA-163200_R-HSA-611105_R-HSA-6799198_O43676	-10.60950	0.00500	0.04608
CID_4485	R-HSA-1430728_R-HSA-196854_R-HSA-196849_R-HSA-196807_R-HSA-197264_P40261	-8.85385	0.00500	0.04608
CID_4485	R-HSA-1430728_R-HSA-71387_R-HSA-70326_R-HSA-70171_R-HSA-9634600_P62714	-8.75635	0.00500	0.04608
CID_4485	R-HSA-74160_R-HSA-73857_R-HSA-212436_R-HSA-8878159_R-HSA-8941858_P20618	-6.10386	0.00500	0.04608
CID_4485	R-HSA-74160_R-HSA-73857_R-HSA-212436_R-HSA-8878159_R-HSA-8941858_P49721	-6.28764	0.00500	0.04608
CID_4497	R-HSA-1430728_R-HSA-1483249_R-HSA-1855204_P0DP23	-4.12902	0.00000	0.00000
CID_4497	R-HSA-1430728_R-HSA-202131_R-HSA-203615_P0DP23	-4.42165	0.00000	0.00000
CID_4497	R-HSA-1430728_R-HSA-202131_R-HSA-203615_P29474	-4.93121	0.00000	0.00000
CID_4497	R-HSA-1430728_R-HSA-15869_R-HSA-499943_P04818	-4.01561	0.00000	0.00000
CID_4497	R-HSA-1430728_R-HSA-163685_R-HSA-163765_P30613	-3.02363	0.00000	0.00000
CID_4497	R-HSA-1430728_R-HSA-163685_R-HSA-163767_P62714	-3.46068	0.00000	0.00000
CID_4497	R-HSA-1430728_R-HSA-71291_R-HSA-389661_Q02218	-3.90552	0.00000	0.00000
CID_4497	R-HSA-1430728_R-HSA-71291_R-HSA-389661_O14561	-4.89840	0.00000	0.00000
CID_4497	R-HSA-1430728_R-HSA-71291_R-HSA-389661_P11177	-4.97388	0.00000	0.00000
CID_4497	R-HSA-1430728_R-HSA-71291_R-HSA-70895_P24752	-4.70139	0.00000	0.00000
CID_4497	R-HSA-1430728_R-HSA-71291_R-HSA-70895_P54687	-4.12859	0.00000	0.00000
CID_4497	R-HSA-1430728_R-HSA-71291_R-HSA-71288_P48066	-4.18461	0.00000	0.00000
CID_4497	R-HSA-1430728_R-HSA-71291_R-HSA-70921_P50135	-4.52404	0.00000	0.00000
CID_4497	R-HSA-1430728_R-HSA-71291_R-HSA-71064_Q02218	-3.86475	0.00000	0.00000
CID_4497	R-HSA-1430728_R-HSA-15869_R-HSA-8956319_R-HSA-73621_P19971	-5.46539	0.00000	0.00000
CID_4497	R-HSA-1430728_R-HSA-15869_R-HSA-8956319_R-HSA-73621_Q16831	-5.72109	0.00000	0.00000
CID_4497	R-HSA-1430728_R-HSA-15869_R-HSA-8956321_R-HSA-74217_P00813	-5.53627	0.00000	0.00000
CID_4497	R-HSA-1430728_R-HSA-15869_R-HSA-8956321_R-HSA-73614_P19971	-5.87639	0.00000	0.00000
CID_4497	R-HSA-1430728_R-HSA-15869_R-HSA-8956321_R-HSA-73614_Q16831	-6.13209	0.00000	0.00000
CID_4497	R-HSA-1430728_R-HSA-163685_R-HSA-422356_R-HSA-400042_Q01668	-0.11955	0.00000	0.00000
CID_4497	R-HSA-1430728_R-HSA-163685_R-HSA-422356_R-HSA-400042_Q13936	-0.22962	0.00000	0.00000
CID_4497	R-HSA-1430728_R-HSA-163685_R-HSA-422356_R-HSA-381676_Q9BQ31	-1.48516	0.00000	0.00000
CID_4497	R-HSA-1430728_R-HSA-71291_R-HSA-209776_R-HSA-209931_P17752	-5.12237	0.00000	0.00000
CID_4497	R-HSA-1430728_R-HSA-71291_R-HSA-2408522_R-HSA-2408557_P39023	-4.84492	0.00000	0.00000
CID_4497	R-HSA-1430728_R-HSA-71291_R-HSA-2408522_R-HSA-2408508_P50135	-6.18070	0.00000	0.00000
CID_4497	R-HSA-1430728_R-HSA-71291_R-HSA-2408522_R-HSA-2408508_P40261	-6.01942	0.00000	0.00000
CID_4497	R-HSA-1430728_R-HSA-71291_R-HSA-351202_R-HSA-350562_P20618	-5.18290	0.00000	0.00000
CID_4497	R-HSA-1430728_R-HSA-71291_R-HSA-351202_R-HSA-350562_P49721	-5.41689	0.00000	0.00000
CID_4497	R-HSA-1430728_R-HSA-71291_R-HSA-351202_R-HSA-350562_P28074	-5.15056	0.00000	0.00000
CID_4497	R-HSA-1430728_R-HSA-71291_R-HSA-351202_R-HSA-350562_P28062	-5.72787	0.00000	0.00000
CID_4497	R-HSA-1430728_R-HSA-71291_R-HSA-351202_R-HSA-350562_P25786	-5.54591	0.00000	0.00000
CID_4497	R-HSA-1430728_R-HSA-71291_R-HSA-351202_R-HSA-350562_Q99460	-5.51509	0.00000	0.00000
CID_4497	R-HSA-1430728_R-HSA-71291_R-HSA-351202_R-HSA-350562_Q13200	-5.56783	0.00000	0.00000
CID_4497	R-HSA-1430728_R-HSA-1428517_R-HSA-163200_R-HSA-163210_P30049	-6.02969	0.00000	0.00000
CID_4497	R-HSA-1430728_R-HSA-1428517_R-HSA-71406_R-HSA-71403_Q02218	-5.69721	0.00000	0.00000
CID_4497	R-HSA-1430728_R-HSA-196854_R-HSA-8978934_R-HSA-1474151_P0DP23	-5.56539	0.00000	0.00000
CID_4497	R-HSA-1430728_R-HSA-196854_R-HSA-8978934_R-HSA-1474151_P29474	-6.07494	0.00000	0.00000
CID_4497	R-HSA-1430728_R-HSA-196854_R-HSA-196849_R-HSA-196741_P33527	-6.91529	0.00000	0.00000
CID_4497	R-HSA-1430728_R-HSA-196854_R-HSA-196849_R-HSA-196741_P22033	-6.59512	0.00000	0.00000
CID_4497	R-HSA-1430728_R-HSA-196854_R-HSA-196849_R-HSA-196741_Q9UBK8	-7.02284	0.00000	0.00000
CID_4497	R-HSA-1430728_R-HSA-196854_R-HSA-196849_R-HSA-196741_O60494	-8.27616	0.00000	0.00000
CID_4497	R-HSA-1430728_R-HSA-196854_R-HSA-196849_R-HSA-196780_P05165	-11.84846	0.00000	0.00000
CID_4497	R-HSA-1430728_R-HSA-196854_R-HSA-196849_R-HSA-196780_P11498	-6.08022	0.00000	0.00000
CID_4497	R-HSA-1430728_R-HSA-196854_R-HSA-196849_R-HSA-196780_Q9Y289	-8.52490	0.00000	0.00000
CID_4497	R-HSA-1430728_R-HSA-196854_R-HSA-196849_R-HSA-196757_Q96NT5	-7.00264	0.00000	0.00000
CID_4497	R-HSA-1430728_R-HSA-196854_R-HSA-196849_R-HSA-196757_P41440	-7.08611	0.00000	0.00000
CID_4497	R-HSA-1430728_R-HSA-196854_R-HSA-196849_R-HSA-196757_P34897	-7.60070	0.00000	0.00000
CID_4497	R-HSA-1430728_R-HSA-196854_R-HSA-196849_R-HSA-196757_P34896	-7.59945	0.00000	0.00000
CID_4497	R-HSA-1430728_R-HSA-196854_R-HSA-196849_R-HSA-196836_P78417	-6.12610	0.00000	0.00000
CID_4497	R-HSA-1430728_R-HSA-196854_R-HSA-196849_R-HSA-196836_Q9UHI7	-6.07317	0.00000	0.00000
CID_4497	R-HSA-1430728_R-HSA-71387_R-HSA-8982491_R-HSA-70221_P0DP23	-4.26956	0.00000	0.00000
CID_4497	R-HSA-1430728_R-HSA-71387_R-HSA-8982491_R-HSA-70221_P06737	-6.88396	0.00000	0.00000
CID_4497	R-HSA-1430728_R-HSA-71387_R-HSA-70326_R-HSA-70263_P11498	-5.51858	0.00000	0.00000
CID_4497	R-HSA-1430728_R-HSA-556833_R-HSA-400206_R-HSA-1989781_O60656	-2.96610	0.00000	0.00000
CID_4497	R-HSA-1430728_R-HSA-1428517_R-HSA-163200_R-HSA-611105_R-HSA-6799198_P19404	-9.39677	0.00000	0.00000
CID_4497	R-HSA-1430728_R-HSA-1428517_R-HSA-163200_R-HSA-611105_R-HSA-6799198_Q16795	-9.39606	0.00000	0.00000
CID_4497	R-HSA-1430728_R-HSA-1428517_R-HSA-163200_R-HSA-611105_R-HSA-6799198_P51970	-9.39752	0.00000	0.00000
CID_4497	R-HSA-1430728_R-HSA-1428517_R-HSA-163200_R-HSA-611105_R-HSA-6799198_O95182	-9.39762	0.00000	0.00000
CID_4497	R-HSA-1430728_R-HSA-1428517_R-HSA-163200_R-HSA-611105_R-HSA-6799198_P56556	-9.39638	0.00000	0.00000
CID_4497	R-HSA-1430728_R-HSA-1428517_R-HSA-163200_R-HSA-611105_R-HSA-6799198_Q16718	-9.39656	0.00000	0.00000
CID_4497	R-HSA-1430728_R-HSA-1428517_R-HSA-163200_R-HSA-611105_R-HSA-6799198_O95167	-9.39637	0.00000	0.00000
CID_4497	R-HSA-1430728_R-HSA-1428517_R-HSA-163200_R-HSA-611105_R-HSA-6799198_O43678	-9.39613	0.00000	0.00000
CID_4497	R-HSA-1430728_R-HSA-1428517_R-HSA-163200_R-HSA-611105_R-HSA-6799198_O15239	-9.39670	0.00000	0.00000
CID_4497	R-HSA-1430728_R-HSA-1428517_R-HSA-163200_R-HSA-611105_R-HSA-6799198_O95299	-9.39632	0.00000	0.00000
CID_4497	R-HSA-1430728_R-HSA-1428517_R-HSA-163200_R-HSA-611105_R-HSA-6799198_O14561	-8.51907	0.00000	0.00000
CID_4497	R-HSA-1430728_R-HSA-1428517_R-HSA-163200_R-HSA-611105_R-HSA-6799198_O75438	-9.39725	0.00000	0.00000
CID_4497	R-HSA-1430728_R-HSA-1428517_R-HSA-163200_R-HSA-611105_R-HSA-6799198_O95178	-9.39704	0.00000	0.00000
CID_4497	R-HSA-1430728_R-HSA-1428517_R-HSA-163200_R-HSA-611105_R-HSA-6799198_O00217	-9.39648	0.00000	0.00000
CID_4497	R-HSA-1430728_R-HSA-1428517_R-HSA-163200_R-HSA-611105_R-HSA-6799198_O75380	-9.39703	0.00000	0.00000
CID_4497	R-HSA-1430728_R-HSA-1428517_R-HSA-163200_R-HSA-611105_R-HSA-6799198_O43920	-9.39673	0.00000	0.00000
CID_4497	R-HSA-1430728_R-HSA-1428517_R-HSA-163200_R-HSA-611105_R-HSA-6799198_O43181	-9.39608	0.00000	0.00000
CID_4497	R-HSA-1430728_R-HSA-1428517_R-HSA-163200_R-HSA-611105_R-HSA-6799198_P49821	-9.39608	0.00000	0.00000
CID_4497	R-HSA-1430728_R-HSA-1428517_R-HSA-163200_R-HSA-611105_R-HSA-6799198_O75489	-9.39657	0.00000	0.00000
CID_4497	R-HSA-1430728_R-HSA-1428517_R-HSA-163200_R-HSA-611105_R-HSA-6799198_O75306	-9.39737	0.00000	0.00000
CID_4497	R-HSA-1430728_R-HSA-1428517_R-HSA-163200_R-HSA-611105_R-HSA-6799198_P56181	-9.39601	0.00000	0.00000
CID_4497	R-HSA-1430728_R-HSA-1428517_R-HSA-163200_R-HSA-611105_R-HSA-6799198_P28331	-9.39619	0.00000	0.00000
CID_4497	R-HSA-1430728_R-HSA-1428517_R-HSA-163200_R-HSA-611105_R-HSA-6799198_O95298	-9.39651	0.00000	0.00000
CID_4497	R-HSA-1430728_R-HSA-1428517_R-HSA-163200_R-HSA-611105_R-HSA-6799198_O43677	-9.39635	0.00000	0.00000
CID_4497	R-HSA-1430728_R-HSA-1428517_R-HSA-163200_R-HSA-611105_R-HSA-6799198_O96000	-9.39647	0.00000	0.00000
CID_4497	R-HSA-1430728_R-HSA-1428517_R-HSA-163200_R-HSA-611105_R-HSA-6799198_Q9Y6M9	-9.39662	0.00000	0.00000
CID_4497	R-HSA-1430728_R-HSA-1428517_R-HSA-163200_R-HSA-611105_R-HSA-6799198_O95169	-9.39675	0.00000	0.00000
CID_4497	R-HSA-1430728_R-HSA-1428517_R-HSA-163200_R-HSA-611105_R-HSA-6799198_P17568	-9.39661	0.00000	0.00000
CID_4497	R-HSA-1430728_R-HSA-1428517_R-HSA-163200_R-HSA-611105_R-HSA-6799198_O95139	-9.39669	0.00000	0.00000
CID_4497	R-HSA-1430728_R-HSA-1428517_R-HSA-163200_R-HSA-611105_R-HSA-6799198_O43674	-9.39677	0.00000	0.00000
CID_4497	R-HSA-1430728_R-HSA-1428517_R-HSA-163200_R-HSA-611105_R-HSA-6799198_O95168	-9.39663	0.00000	0.00000
CID_4497	R-HSA-1430728_R-HSA-1428517_R-HSA-163200_R-HSA-611105_R-HSA-6799198_O43676	-9.39621	0.00000	0.00000
CID_4497	R-HSA-1430728_R-HSA-1428517_R-HSA-71406_R-HSA-70268_R-HSA-204174_P19793	-7.51594	0.00000	0.00000
CID_4497	R-HSA-1430728_R-HSA-1428517_R-HSA-71406_R-HSA-70268_R-HSA-204174_P11177	-8.71003	0.00000	0.00000
CID_4497	R-HSA-1430728_R-HSA-196854_R-HSA-196849_R-HSA-196807_R-HSA-197264_P40261	-7.46170	0.00000	0.00000
CID_4497	R-HSA-1430728_R-HSA-196854_R-HSA-196849_R-HSA-196807_R-HSA-197264_Q16647	-7.63747	0.00000	0.00000
CID_4497	R-HSA-1430728_R-HSA-556833_R-HSA-1483257_R-HSA-1483255_R-HSA-1660499_O00750	-9.66628	0.00000	0.00000
CID_4497	R-HSA-1430728_R-HSA-556833_R-HSA-8978868_R-HSA-2142753_R-HSA-2142670_Q16678	-47.39784	0.00000	0.00000
CID_4497	R-HSA-1430728_R-HSA-556833_R-HSA-8978868_R-HSA-2142753_R-HSA-2142670_P04798	-45.16305	0.00000	0.00000
CID_4497	R-HSA-1430728_R-HSA-556833_R-HSA-8978868_R-HSA-77289_R-HSA-71032_P05165	-14.08927	0.00000	0.00000
CID_4497	R-HSA-1430728_R-HSA-163685_R-HSA-163680_O43741	-4.08245	0.00500	0.04608
CID_4497	R-HSA-1430728_R-HSA-163685_R-HSA-163767_P67775	-3.55385	0.00500	0.04608
CID_4497	R-HSA-1430728_R-HSA-163685_R-HSA-422356_R-HSA-400042_Q08289	-0.55491	0.00500	0.04608
CID_4497	R-HSA-1430728_R-HSA-71387_R-HSA-70326_R-HSA-70263_P00558	-5.71771	0.00500	0.04608
CID_4497	R-HSA-1430728_R-HSA-556833_R-HSA-400206_R-HSA-1989781_P04798	-2.40666	0.00500	0.04608
CID_4497	R-HSA-1430728_R-HSA-556833_R-HSA-400206_R-HSA-1989781_P19793	-2.70922	0.00500	0.04608
CID_4497	R-HSA-1430728_R-HSA-556833_R-HSA-400206_R-HSA-1989781_P35869	-2.32866	0.00500	0.04608
CID_4497	R-HSA-1430728_R-HSA-556833_R-HSA-400206_R-HSA-1989781_O60427	-2.93197	0.00500	0.04608
CID_4497	R-HSA-1430728_R-HSA-556833_R-HSA-400206_R-HSA-1989781_Q9Y6Q9	-3.57234	0.00500	0.04608
CID_4497	R-HSA-1430728_R-HSA-556833_R-HSA-8978868_R-HSA-200425_O43741	-6.99763	0.00500	0.04608
CID_4497	R-HSA-1430728_R-HSA-71387_R-HSA-70326_R-HSA-70171_R-HSA-9634600_P62714	-7.10015	0.00500	0.04608
CID_4497	R-HSA-1430728_R-HSA-71387_R-HSA-70326_R-HSA-70171_R-HSA-9634600_P67775	-7.19332	0.00500	0.04608
CID_4497	R-HSA-1430728_R-HSA-556833_R-HSA-8978868_R-HSA-2142753_R-HSA-2142670_P34913	-84.95848	0.00500	0.04608
CID_4497	R-HSA-1430728_R-HSA-556833_R-HSA-8978868_R-HSA-2142753_R-HSA-2142670_P51589	-114.82271	0.00500	0.04608
CID_4497	R-HSA-1430728_R-HSA-556833_R-HSA-8978868_R-HSA-2142753_R-HSA-2162123_P16152	-11.92888	0.00500	0.04608
CID_4499	R-HSA-1430728_R-HSA-1475029_Q8N1Q1	-2.74128	0.00000	0.00000
CID_4499	R-HSA-1430728_R-HSA-1483249_R-HSA-1855204_P0DP23	-4.17193	0.00000	0.00000
CID_4499	R-HSA-1430728_R-HSA-202131_R-HSA-203615_P0DP23	-3.68664	0.00000	0.00000
CID_4499	R-HSA-1430728_R-HSA-202131_R-HSA-203615_P29474	-3.40988	0.00000	0.00000
CID_4499	R-HSA-1430728_R-HSA-15869_R-HSA-499943_P04818	-3.77857	0.00000	0.00000
CID_4499	R-HSA-1430728_R-HSA-163685_R-HSA-163680_O43741	-3.95199	0.00000	0.00000
CID_4499	R-HSA-1430728_R-HSA-163685_R-HSA-163765_P30613	-2.01617	0.00000	0.00000
CID_4499	R-HSA-1430728_R-HSA-163685_R-HSA-163767_P62714	-2.74133	0.00000	0.00000
CID_4499	R-HSA-1430728_R-HSA-163685_R-HSA-163767_P67775	-2.48050	0.00000	0.00000
CID_4499	R-HSA-1430728_R-HSA-71291_R-HSA-389661_Q02218	-3.82131	0.00000	0.00000
CID_4499	R-HSA-1430728_R-HSA-71291_R-HSA-389661_O14561	-4.78701	0.00000	0.00000
CID_4499	R-HSA-1430728_R-HSA-71291_R-HSA-389661_P11177	-4.86695	0.00000	0.00000
CID_4499	R-HSA-1430728_R-HSA-71291_R-HSA-70895_P54687	-4.01425	0.00000	0.00000
CID_4499	R-HSA-1430728_R-HSA-71291_R-HSA-71288_P48066	-4.03906	0.00000	0.00000
CID_4499	R-HSA-1430728_R-HSA-71291_R-HSA-70921_P50135	-4.41889	0.00000	0.00000
CID_4499	R-HSA-1430728_R-HSA-71291_R-HSA-71064_Q02218	-3.78003	0.00000	0.00000
CID_4499	R-HSA-1430728_R-HSA-15869_R-HSA-8956319_R-HSA-73621_P19971	-5.24139	0.00000	0.00000
CID_4499	R-HSA-1430728_R-HSA-15869_R-HSA-8956319_R-HSA-73621_Q16831	-5.49755	0.00000	0.00000
CID_4499	R-HSA-1430728_R-HSA-15869_R-HSA-8956321_R-HSA-73614_P19971	-5.59102	0.00000	0.00000
CID_4499	R-HSA-1430728_R-HSA-15869_R-HSA-8956321_R-HSA-73614_Q16831	-5.84718	0.00000	0.00000
CID_4499	R-HSA-1430728_R-HSA-163685_R-HSA-422356_R-HSA-400042_Q01668	1.35679	0.00000	0.00000
CID_4499	R-HSA-1430728_R-HSA-163685_R-HSA-422356_R-HSA-400042_Q13936	1.24669	0.00000	0.00000
CID_4499	R-HSA-1430728_R-HSA-163685_R-HSA-422356_R-HSA-400042_Q08289	0.92145	0.00000	0.00000
CID_4499	R-HSA-1430728_R-HSA-163685_R-HSA-422356_R-HSA-381676_Q9BQ31	-0.00505	0.00000	0.00000
CID_4499	R-HSA-1430728_R-HSA-71291_R-HSA-209776_R-HSA-209931_P17752	-4.96101	0.00000	0.00000
CID_4499	R-HSA-1430728_R-HSA-71291_R-HSA-2408522_R-HSA-2408557_P39023	-4.75038	0.00000	0.00000
CID_4499	R-HSA-1430728_R-HSA-71291_R-HSA-2408522_R-HSA-2408508_P50135	-6.08080	0.00000	0.00000
CID_4499	R-HSA-1430728_R-HSA-71291_R-HSA-2408522_R-HSA-2408508_P40261	-5.93008	0.00000	0.00000
CID_4499	R-HSA-1430728_R-HSA-71291_R-HSA-351202_R-HSA-350562_P20618	-4.66902	0.00000	0.00000
CID_4499	R-HSA-1430728_R-HSA-71291_R-HSA-351202_R-HSA-350562_P49721	-4.92358	0.00000	0.00000
CID_4499	R-HSA-1430728_R-HSA-71291_R-HSA-351202_R-HSA-350562_P28074	-4.63131	0.00000	0.00000
CID_4499	R-HSA-1430728_R-HSA-71291_R-HSA-351202_R-HSA-350562_P28062	-5.25384	0.00000	0.00000
CID_4499	R-HSA-1430728_R-HSA-71291_R-HSA-351202_R-HSA-350562_P25786	-5.10151	0.00000	0.00000
CID_4499	R-HSA-1430728_R-HSA-71291_R-HSA-351202_R-HSA-350562_Q99460	-5.06347	0.00000	0.00000
CID_4499	R-HSA-1430728_R-HSA-71291_R-HSA-351202_R-HSA-350562_Q13200	-5.12970	0.00000	0.00000
CID_4499	R-HSA-1430728_R-HSA-1428517_R-HSA-163200_R-HSA-163210_P30049	-5.89275	0.00000	0.00000
CID_4499	R-HSA-1430728_R-HSA-1428517_R-HSA-71406_R-HSA-71403_Q02218	-5.70892	0.00000	0.00000
CID_4499	R-HSA-1430728_R-HSA-196854_R-HSA-8978934_R-HSA-1474151_P0DP23	-5.80645	0.00000	0.00000
CID_4499	R-HSA-1430728_R-HSA-196854_R-HSA-8978934_R-HSA-1474151_P29474	-5.52969	0.00000	0.00000
CID_4499	R-HSA-1430728_R-HSA-196854_R-HSA-196849_R-HSA-196741_P33527	-7.15782	0.00000	0.00000
CID_4499	R-HSA-1430728_R-HSA-196854_R-HSA-196849_R-HSA-196741_Q9UBK8	-7.71651	0.00000	0.00000
CID_4499	R-HSA-1430728_R-HSA-196854_R-HSA-196849_R-HSA-196741_O60494	-8.21612	0.00000	0.00000
CID_4499	R-HSA-1430728_R-HSA-196854_R-HSA-196849_R-HSA-196780_P11498	-6.07150	0.00000	0.00000
CID_4499	R-HSA-1430728_R-HSA-196854_R-HSA-196849_R-HSA-196780_Q9Y289	-8.46340	0.00000	0.00000
CID_4499	R-HSA-1430728_R-HSA-196854_R-HSA-196849_R-HSA-196757_Q96NT5	-6.94112	0.00000	0.00000
CID_4499	R-HSA-1430728_R-HSA-196854_R-HSA-196849_R-HSA-196757_P41440	-7.02513	0.00000	0.00000
CID_4499	R-HSA-1430728_R-HSA-196854_R-HSA-196849_R-HSA-196757_P34897	-7.53918	0.00000	0.00000
CID_4499	R-HSA-1430728_R-HSA-196854_R-HSA-196849_R-HSA-196757_P34896	-7.53793	0.00000	0.00000
CID_4499	R-HSA-1430728_R-HSA-196854_R-HSA-196849_R-HSA-196836_P78417	-6.18118	0.00000	0.00000
CID_4499	R-HSA-1430728_R-HSA-196854_R-HSA-196849_R-HSA-196836_Q9UHI7	-6.00831	0.00000	0.00000
CID_4499	R-HSA-1430728_R-HSA-71387_R-HSA-8982491_R-HSA-70221_P0DP23	-4.58661	0.00000	0.00000
CID_4499	R-HSA-1430728_R-HSA-71387_R-HSA-8982491_R-HSA-70221_P06737	-6.88589	0.00000	0.00000
CID_4499	R-HSA-1430728_R-HSA-71387_R-HSA-70326_R-HSA-70263_P11498	-5.71873	0.00000	0.00000
CID_4499	R-HSA-1430728_R-HSA-71387_R-HSA-70326_R-HSA-70263_P00558	-5.95943	0.00000	0.00000
CID_4499	R-HSA-1430728_R-HSA-1428517_R-HSA-163200_R-HSA-611105_R-HSA-6799198_P19404	-9.17243	0.00000	0.00000
CID_4499	R-HSA-1430728_R-HSA-1428517_R-HSA-163200_R-HSA-611105_R-HSA-6799198_Q16795	-9.17172	0.00000	0.00000
CID_4499	R-HSA-1430728_R-HSA-1428517_R-HSA-163200_R-HSA-611105_R-HSA-6799198_P51970	-9.17316	0.00000	0.00000
CID_4499	R-HSA-1430728_R-HSA-1428517_R-HSA-163200_R-HSA-611105_R-HSA-6799198_O95182	-9.17324	0.00000	0.00000
CID_4499	R-HSA-1430728_R-HSA-1428517_R-HSA-163200_R-HSA-611105_R-HSA-6799198_P56556	-9.17203	0.00000	0.00000
CID_4499	R-HSA-1430728_R-HSA-1428517_R-HSA-163200_R-HSA-611105_R-HSA-6799198_Q16718	-9.17220	0.00000	0.00000
CID_4499	R-HSA-1430728_R-HSA-1428517_R-HSA-163200_R-HSA-611105_R-HSA-6799198_O95167	-9.17202	0.00000	0.00000
CID_4499	R-HSA-1430728_R-HSA-1428517_R-HSA-163200_R-HSA-611105_R-HSA-6799198_O43678	-9.17179	0.00000	0.00000
CID_4499	R-HSA-1430728_R-HSA-1428517_R-HSA-163200_R-HSA-611105_R-HSA-6799198_O15239	-9.17235	0.00000	0.00000
CID_4499	R-HSA-1430728_R-HSA-1428517_R-HSA-163200_R-HSA-611105_R-HSA-6799198_O95299	-9.17198	0.00000	0.00000
CID_4499	R-HSA-1430728_R-HSA-1428517_R-HSA-163200_R-HSA-611105_R-HSA-6799198_O14561	-8.32319	0.00000	0.00000
CID_4499	R-HSA-1430728_R-HSA-1428517_R-HSA-163200_R-HSA-611105_R-HSA-6799198_O75438	-9.17288	0.00000	0.00000
CID_4499	R-HSA-1430728_R-HSA-1428517_R-HSA-163200_R-HSA-611105_R-HSA-6799198_O95178	-9.17268	0.00000	0.00000
CID_4499	R-HSA-1430728_R-HSA-1428517_R-HSA-163200_R-HSA-611105_R-HSA-6799198_O00217	-9.17213	0.00000	0.00000
CID_4499	R-HSA-1430728_R-HSA-1428517_R-HSA-163200_R-HSA-611105_R-HSA-6799198_O75380	-9.17267	0.00000	0.00000
CID_4499	R-HSA-1430728_R-HSA-1428517_R-HSA-163200_R-HSA-611105_R-HSA-6799198_O43920	-9.17238	0.00000	0.00000
CID_4499	R-HSA-1430728_R-HSA-1428517_R-HSA-163200_R-HSA-611105_R-HSA-6799198_O43181	-9.17174	0.00000	0.00000
CID_4499	R-HSA-1430728_R-HSA-1428517_R-HSA-163200_R-HSA-611105_R-HSA-6799198_P49821	-9.17174	0.00000	0.00000
CID_4499	R-HSA-1430728_R-HSA-1428517_R-HSA-163200_R-HSA-611105_R-HSA-6799198_O75489	-9.17222	0.00000	0.00000
CID_4499	R-HSA-1430728_R-HSA-1428517_R-HSA-163200_R-HSA-611105_R-HSA-6799198_O75306	-9.17299	0.00000	0.00000
CID_4499	R-HSA-1430728_R-HSA-1428517_R-HSA-163200_R-HSA-611105_R-HSA-6799198_P56181	-9.17168	0.00000	0.00000
CID_4499	R-HSA-1430728_R-HSA-1428517_R-HSA-163200_R-HSA-611105_R-HSA-6799198_P28331	-9.17186	0.00000	0.00000
CID_4499	R-HSA-1430728_R-HSA-1428517_R-HSA-163200_R-HSA-611105_R-HSA-6799198_O95298	-9.17216	0.00000	0.00000
CID_4499	R-HSA-1430728_R-HSA-1428517_R-HSA-163200_R-HSA-611105_R-HSA-6799198_O43677	-9.17201	0.00000	0.00000
CID_4499	R-HSA-1430728_R-HSA-1428517_R-HSA-163200_R-HSA-611105_R-HSA-6799198_O96000	-9.17213	0.00000	0.00000
CID_4499	R-HSA-1430728_R-HSA-1428517_R-HSA-163200_R-HSA-611105_R-HSA-6799198_Q9Y6M9	-9.17226	0.00000	0.00000
CID_4499	R-HSA-1430728_R-HSA-1428517_R-HSA-163200_R-HSA-611105_R-HSA-6799198_O95169	-9.17240	0.00000	0.00000
CID_4499	R-HSA-1430728_R-HSA-1428517_R-HSA-163200_R-HSA-611105_R-HSA-6799198_P17568	-9.17227	0.00000	0.00000
CID_4499	R-HSA-1430728_R-HSA-1428517_R-HSA-163200_R-HSA-611105_R-HSA-6799198_O95139	-9.17234	0.00000	0.00000
CID_4499	R-HSA-1430728_R-HSA-1428517_R-HSA-163200_R-HSA-611105_R-HSA-6799198_O43674	-9.17243	0.00000	0.00000
CID_4499	R-HSA-1430728_R-HSA-1428517_R-HSA-163200_R-HSA-611105_R-HSA-6799198_O95168	-9.17228	0.00000	0.00000
CID_4499	R-HSA-1430728_R-HSA-1428517_R-HSA-163200_R-HSA-611105_R-HSA-6799198_O43676	-9.17187	0.00000	0.00000
CID_4499	R-HSA-1430728_R-HSA-1428517_R-HSA-71406_R-HSA-70268_R-HSA-204174_P19793	-7.42962	0.00000	0.00000
CID_4499	R-HSA-1430728_R-HSA-1428517_R-HSA-71406_R-HSA-70268_R-HSA-204174_P11177	-8.70355	0.00000	0.00000
CID_4499	R-HSA-1430728_R-HSA-196854_R-HSA-196849_R-HSA-196807_R-HSA-197264_P40261	-7.40065	0.00000	0.00000
CID_4499	R-HSA-1430728_R-HSA-196854_R-HSA-196849_R-HSA-196807_R-HSA-197264_Q16647	-7.57854	0.00000	0.00000
CID_4499	R-HSA-1430728_R-HSA-2161522_R-HSA-2161517_P08183	-5.94056	0.00500	0.04608
CID_4499	R-HSA-1430728_R-HSA-2161522_R-HSA-2161517_O15245	-5.99638	0.00500	0.04608
CID_4499	R-HSA-1430728_R-HSA-15869_R-HSA-8956321_R-HSA-74217_P00813	-5.22056	0.00500	0.04608
CID_4499	R-HSA-1430728_R-HSA-196854_R-HSA-196849_R-HSA-196780_P05165	-11.78636	0.00500	0.04608
CID_4499	R-HSA-1430728_R-HSA-71387_R-HSA-70326_R-HSA-70171_R-HSA-9634600_P67775	-7.07281	0.00500	0.04608
CID_4507	R-HSA-1430728_R-HSA-1475029_Q8N1Q1	-3.12466	0.00000	0.00000
CID_4507	R-HSA-1430728_R-HSA-1483249_R-HSA-1855204_P0DP23	-4.93296	0.00000	0.00000
CID_4507	R-HSA-1430728_R-HSA-202131_R-HSA-203615_P0DP23	-4.68897	0.00000	0.00000
CID_4507	R-HSA-1430728_R-HSA-202131_R-HSA-203615_P29474	-4.72712	0.00000	0.00000
CID_4507	R-HSA-1430728_R-HSA-15869_R-HSA-499943_P04818	-4.68825	0.00000	0.00000
CID_4507	R-HSA-1430728_R-HSA-163685_R-HSA-163765_P30613	-3.01485	0.00000	0.00000
CID_4507	R-HSA-1430728_R-HSA-163685_R-HSA-163767_P62714	-3.61080	0.00000	0.00000
CID_4507	R-HSA-1430728_R-HSA-163685_R-HSA-163767_P67775	-3.47294	0.00000	0.00000
CID_4507	R-HSA-1430728_R-HSA-71291_R-HSA-389661_Q02218	-4.55373	0.00000	0.00000
CID_4507	R-HSA-1430728_R-HSA-71291_R-HSA-389661_O14561	-5.53356	0.00000	0.00000
CID_4507	R-HSA-1430728_R-HSA-71291_R-HSA-389661_P11177	-5.61665	0.00000	0.00000
CID_4507	R-HSA-1430728_R-HSA-71291_R-HSA-70895_P54687	-4.75924	0.00000	0.00000
CID_4507	R-HSA-1430728_R-HSA-71291_R-HSA-71288_P48066	-4.79406	0.00000	0.00000
CID_4507	R-HSA-1430728_R-HSA-71291_R-HSA-70921_P50135	-5.16296	0.00000	0.00000
CID_4507	R-HSA-1430728_R-HSA-71291_R-HSA-71064_Q02218	-4.51213	0.00000	0.00000
CID_4507	R-HSA-1430728_R-HSA-15869_R-HSA-8956319_R-HSA-73621_Q16831	-6.62162	0.00000	0.00000
CID_4507	R-HSA-1430728_R-HSA-15869_R-HSA-8956321_R-HSA-73614_P19971	-6.75710	0.00000	0.00000
CID_4507	R-HSA-1430728_R-HSA-15869_R-HSA-8956321_R-HSA-73614_Q16831	-7.01311	0.00000	0.00000
CID_4507	R-HSA-1430728_R-HSA-163685_R-HSA-422356_R-HSA-400042_Q01668	0.34160	0.00000	0.00000
CID_4507	R-HSA-1430728_R-HSA-163685_R-HSA-422356_R-HSA-400042_Q13936	0.23255	0.00000	0.00000
CID_4507	R-HSA-1430728_R-HSA-163685_R-HSA-422356_R-HSA-400042_Q9NY47	0.45284	0.00000	0.00000
CID_4507	R-HSA-1430728_R-HSA-163685_R-HSA-422356_R-HSA-400042_Q08289	-0.09359	0.00000	0.00000
CID_4507	R-HSA-1430728_R-HSA-163685_R-HSA-422356_R-HSA-381676_Q9BQ31	-1.20212	0.00000	0.00000
CID_4507	R-HSA-1430728_R-HSA-71291_R-HSA-209776_R-HSA-209931_P17752	-5.92232	0.00000	0.00000
CID_4507	R-HSA-1430728_R-HSA-71291_R-HSA-2408522_R-HSA-2408557_P39023	-5.69777	0.00000	0.00000
CID_4507	R-HSA-1430728_R-HSA-71291_R-HSA-2408522_R-HSA-2408508_P50135	-7.02804	0.00000	0.00000
CID_4507	R-HSA-1430728_R-HSA-71291_R-HSA-2408522_R-HSA-2408508_P40261	-6.86926	0.00000	0.00000
CID_4507	R-HSA-1430728_R-HSA-71291_R-HSA-351202_R-HSA-350562_P20618	-5.69247	0.00000	0.00000
CID_4507	R-HSA-1430728_R-HSA-71291_R-HSA-351202_R-HSA-350562_P49721	-5.93450	0.00000	0.00000
CID_4507	R-HSA-1430728_R-HSA-71291_R-HSA-351202_R-HSA-350562_P28074	-5.65609	0.00000	0.00000
CID_4507	R-HSA-1430728_R-HSA-71291_R-HSA-351202_R-HSA-350562_P28062	-6.23314	0.00000	0.00000
CID_4507	R-HSA-1430728_R-HSA-71291_R-HSA-351202_R-HSA-350562_P25786	-6.12300	0.00000	0.00000
CID_4507	R-HSA-1430728_R-HSA-71291_R-HSA-351202_R-HSA-350562_Q99460	-6.08653	0.00000	0.00000
CID_4507	R-HSA-1430728_R-HSA-71291_R-HSA-351202_R-HSA-350562_Q13200	-6.14999	0.00000	0.00000
CID_4507	R-HSA-1430728_R-HSA-1428517_R-HSA-163200_R-HSA-163210_P30049	-6.72360	0.00000	0.00000
CID_4507	R-HSA-1430728_R-HSA-196854_R-HSA-8978934_R-HSA-1474151_P0DP23	-6.58656	0.00000	0.00000
CID_4507	R-HSA-1430728_R-HSA-196854_R-HSA-8978934_R-HSA-1474151_P29474	-6.62471	0.00000	0.00000
CID_4507	R-HSA-1430728_R-HSA-196854_R-HSA-196849_R-HSA-196741_P33527	-7.86858	0.00000	0.00000
CID_4507	R-HSA-1430728_R-HSA-196854_R-HSA-196849_R-HSA-196741_P22033	-7.87353	0.00000	0.00000
CID_4507	R-HSA-1430728_R-HSA-196854_R-HSA-196849_R-HSA-196741_Q9UBK8	-8.20914	0.00000	0.00000
CID_4507	R-HSA-1430728_R-HSA-196854_R-HSA-196849_R-HSA-196741_O60494	-9.10941	0.00000	0.00000
CID_4507	R-HSA-1430728_R-HSA-196854_R-HSA-196849_R-HSA-196780_P11498	-6.96512	0.00000	0.00000
CID_4507	R-HSA-1430728_R-HSA-196854_R-HSA-196849_R-HSA-196780_Q9Y289	-9.35691	0.00000	0.00000
CID_4507	R-HSA-1430728_R-HSA-196854_R-HSA-196849_R-HSA-196757_Q96NT5	-7.83443	0.00000	0.00000
CID_4507	R-HSA-1430728_R-HSA-196854_R-HSA-196849_R-HSA-196757_P41440	-7.91826	0.00000	0.00000
CID_4507	R-HSA-1430728_R-HSA-196854_R-HSA-196849_R-HSA-196757_P34897	-8.43249	0.00000	0.00000
CID_4507	R-HSA-1430728_R-HSA-196854_R-HSA-196849_R-HSA-196757_P34896	-8.43124	0.00000	0.00000
CID_4507	R-HSA-1430728_R-HSA-196854_R-HSA-196849_R-HSA-196836_P78417	-7.03330	0.00000	0.00000
CID_4507	R-HSA-1430728_R-HSA-196854_R-HSA-196849_R-HSA-196836_Q9UHI7	-6.90201	0.00000	0.00000
CID_4507	R-HSA-1430728_R-HSA-71387_R-HSA-8982491_R-HSA-70221_P0DP23	-5.45239	0.00000	0.00000
CID_4507	R-HSA-1430728_R-HSA-71387_R-HSA-70326_R-HSA-70263_P11498	-6.64277	0.00000	0.00000
CID_4507	R-HSA-1430728_R-HSA-71387_R-HSA-70326_R-HSA-70263_P00558	-6.88310	0.00000	0.00000
CID_4507	R-HSA-1430728_R-HSA-1428517_R-HSA-163200_R-HSA-611105_R-HSA-6799198_P19404	-10.20957	0.00000	0.00000
CID_4507	R-HSA-1430728_R-HSA-1428517_R-HSA-163200_R-HSA-611105_R-HSA-6799198_Q16795	-10.20886	0.00000	0.00000
CID_4507	R-HSA-1430728_R-HSA-1428517_R-HSA-163200_R-HSA-611105_R-HSA-6799198_P51970	-10.21031	0.00000	0.00000
CID_4507	R-HSA-1430728_R-HSA-1428517_R-HSA-163200_R-HSA-611105_R-HSA-6799198_O95182	-10.21040	0.00000	0.00000
CID_4507	R-HSA-1430728_R-HSA-1428517_R-HSA-163200_R-HSA-611105_R-HSA-6799198_P56556	-10.20918	0.00000	0.00000
CID_4507	R-HSA-1430728_R-HSA-1428517_R-HSA-163200_R-HSA-611105_R-HSA-6799198_Q16718	-10.20935	0.00000	0.00000
CID_4507	R-HSA-1430728_R-HSA-1428517_R-HSA-163200_R-HSA-611105_R-HSA-6799198_O95167	-10.20917	0.00000	0.00000
CID_4507	R-HSA-1430728_R-HSA-1428517_R-HSA-163200_R-HSA-611105_R-HSA-6799198_O43678	-10.20893	0.00000	0.00000
CID_4507	R-HSA-1430728_R-HSA-1428517_R-HSA-163200_R-HSA-611105_R-HSA-6799198_O15239	-10.20949	0.00000	0.00000
CID_4507	R-HSA-1430728_R-HSA-1428517_R-HSA-163200_R-HSA-611105_R-HSA-6799198_O95299	-10.20912	0.00000	0.00000
CID_4507	R-HSA-1430728_R-HSA-1428517_R-HSA-163200_R-HSA-611105_R-HSA-6799198_O14561	-9.37865	0.00000	0.00000
CID_4507	R-HSA-1430728_R-HSA-1428517_R-HSA-163200_R-HSA-611105_R-HSA-6799198_O75438	-10.21003	0.00000	0.00000
CID_4507	R-HSA-1430728_R-HSA-1428517_R-HSA-163200_R-HSA-611105_R-HSA-6799198_O95178	-10.20983	0.00000	0.00000
CID_4507	R-HSA-1430728_R-HSA-1428517_R-HSA-163200_R-HSA-611105_R-HSA-6799198_O00217	-10.20928	0.00000	0.00000
CID_4507	R-HSA-1430728_R-HSA-1428517_R-HSA-163200_R-HSA-611105_R-HSA-6799198_O75380	-10.20982	0.00000	0.00000
CID_4507	R-HSA-1430728_R-HSA-1428517_R-HSA-163200_R-HSA-611105_R-HSA-6799198_O43920	-10.20953	0.00000	0.00000
CID_4507	R-HSA-1430728_R-HSA-1428517_R-HSA-163200_R-HSA-611105_R-HSA-6799198_O43181	-10.20888	0.00000	0.00000
CID_4507	R-HSA-1430728_R-HSA-1428517_R-HSA-163200_R-HSA-611105_R-HSA-6799198_P49821	-10.20889	0.00000	0.00000
CID_4507	R-HSA-1430728_R-HSA-1428517_R-HSA-163200_R-HSA-611105_R-HSA-6799198_O75489	-10.20937	0.00000	0.00000
CID_4507	R-HSA-1430728_R-HSA-1428517_R-HSA-163200_R-HSA-611105_R-HSA-6799198_O75306	-10.21015	0.00000	0.00000
CID_4507	R-HSA-1430728_R-HSA-1428517_R-HSA-163200_R-HSA-611105_R-HSA-6799198_P56181	-10.20882	0.00000	0.00000
CID_4507	R-HSA-1430728_R-HSA-1428517_R-HSA-163200_R-HSA-611105_R-HSA-6799198_P28331	-10.20900	0.00000	0.00000
CID_4507	R-HSA-1430728_R-HSA-1428517_R-HSA-163200_R-HSA-611105_R-HSA-6799198_O95298	-10.20931	0.00000	0.00000
CID_4507	R-HSA-1430728_R-HSA-1428517_R-HSA-163200_R-HSA-611105_R-HSA-6799198_O43677	-10.20915	0.00000	0.00000
CID_4507	R-HSA-1430728_R-HSA-1428517_R-HSA-163200_R-HSA-611105_R-HSA-6799198_O96000	-10.20927	0.00000	0.00000
CID_4507	R-HSA-1430728_R-HSA-1428517_R-HSA-163200_R-HSA-611105_R-HSA-6799198_Q9Y6M9	-10.20941	0.00000	0.00000
CID_4507	R-HSA-1430728_R-HSA-1428517_R-HSA-163200_R-HSA-611105_R-HSA-6799198_O95169	-10.20955	0.00000	0.00000
CID_4507	R-HSA-1430728_R-HSA-1428517_R-HSA-163200_R-HSA-611105_R-HSA-6799198_P17568	-10.20941	0.00000	0.00000
CID_4507	R-HSA-1430728_R-HSA-1428517_R-HSA-163200_R-HSA-611105_R-HSA-6799198_O95139	-10.20948	0.00000	0.00000
CID_4507	R-HSA-1430728_R-HSA-1428517_R-HSA-163200_R-HSA-611105_R-HSA-6799198_O43674	-10.20957	0.00000	0.00000
CID_4507	R-HSA-1430728_R-HSA-1428517_R-HSA-163200_R-HSA-611105_R-HSA-6799198_O95168	-10.20943	0.00000	0.00000
CID_4507	R-HSA-1430728_R-HSA-1428517_R-HSA-163200_R-HSA-611105_R-HSA-6799198_O43676	-10.20901	0.00000	0.00000
CID_4507	R-HSA-1430728_R-HSA-1428517_R-HSA-71406_R-HSA-70268_R-HSA-204174_P19793	-8.52927	0.00000	0.00000
CID_4507	R-HSA-1430728_R-HSA-1428517_R-HSA-71406_R-HSA-70268_R-HSA-204174_P11177	-9.73768	0.00000	0.00000
CID_4507	R-HSA-1430728_R-HSA-196854_R-HSA-196849_R-HSA-196807_R-HSA-197264_P40261	-8.48980	0.00000	0.00000
CID_4507	R-HSA-1430728_R-HSA-196854_R-HSA-196849_R-HSA-196807_R-HSA-197264_Q16647	-8.66290	0.00000	0.00000
CID_4507	R-HSA-1430728_R-HSA-163685_R-HSA-163680_O43741	-4.72855	0.00500	0.04608
CID_4507	R-HSA-1430728_R-HSA-15869_R-HSA-8956319_R-HSA-73621_P19971	-6.36560	0.00500	0.04608
CID_4507	R-HSA-1430728_R-HSA-15869_R-HSA-8956321_R-HSA-74217_P00813	-6.40639	0.00500	0.04608
CID_4507	R-HSA-1430728_R-HSA-1428517_R-HSA-71406_R-HSA-71403_Q02218	-6.54356	0.00500	0.04608
CID_4507	R-HSA-1430728_R-HSA-71387_R-HSA-70326_R-HSA-70171_R-HSA-9634600_P67775	-8.34865	0.00500	0.04608
CID_456201	R-HSA-1430728_R-HSA-1483249_R-HSA-1855204_P0DP23	-4.09653	0.00000	0.00000
CID_456201	R-HSA-1430728_R-HSA-202131_R-HSA-203615_P0DP23	-4.32099	0.00000	0.00000
CID_456201	R-HSA-1430728_R-HSA-202131_R-HSA-203615_P29474	-4.79949	0.00000	0.00000
CID_456201	R-HSA-1430728_R-HSA-71291_R-HSA-389661_Q02218	-3.91235	0.00000	0.00000
CID_456201	R-HSA-1430728_R-HSA-71291_R-HSA-389661_O14561	-4.90313	0.00000	0.00000
CID_456201	R-HSA-1430728_R-HSA-71291_R-HSA-389661_P11177	-4.97725	0.00000	0.00000
CID_456201	R-HSA-1430728_R-HSA-71291_R-HSA-70895_P24752	-4.81794	0.00000	0.00000
CID_456201	R-HSA-1430728_R-HSA-71291_R-HSA-70895_P54687	-4.13543	0.00000	0.00000
CID_456201	R-HSA-1430728_R-HSA-71291_R-HSA-71288_P48066	-4.18947	0.00000	0.00000
CID_456201	R-HSA-1430728_R-HSA-71291_R-HSA-70921_P50135	-4.52721	0.00000	0.00000
CID_456201	R-HSA-1430728_R-HSA-71291_R-HSA-71064_Q02218	-3.87236	0.00000	0.00000
CID_456201	R-HSA-1430728_R-HSA-71291_R-HSA-209776_R-HSA-209931_P17752	-5.07853	0.00000	0.00000
CID_456201	R-HSA-1430728_R-HSA-71291_R-HSA-2408522_R-HSA-2408557_P39023	-4.80026	0.00000	0.00000
CID_456201	R-HSA-1430728_R-HSA-71291_R-HSA-2408522_R-HSA-2408508_P50135	-6.13486	0.00000	0.00000
CID_456201	R-HSA-1430728_R-HSA-71291_R-HSA-2408522_R-HSA-2408508_P40261	-5.97684	0.00000	0.00000
CID_456201	R-HSA-1430728_R-HSA-71291_R-HSA-351202_R-HSA-350562_P20618	-4.35946	0.00000	0.00000
CID_456201	R-HSA-1430728_R-HSA-71291_R-HSA-351202_R-HSA-350562_P49721	-4.59525	0.00000	0.00000
CID_456201	R-HSA-1430728_R-HSA-71291_R-HSA-351202_R-HSA-350562_P28074	-4.32296	0.00000	0.00000
CID_456201	R-HSA-1430728_R-HSA-71291_R-HSA-351202_R-HSA-350562_P28062	-4.85136	0.00000	0.00000
CID_456201	R-HSA-1430728_R-HSA-71291_R-HSA-351202_R-HSA-350562_P25786	-4.84904	0.00000	0.00000
CID_456201	R-HSA-1430728_R-HSA-71291_R-HSA-351202_R-HSA-350562_Q99460	-4.80826	0.00000	0.00000
CID_456201	R-HSA-1430728_R-HSA-71291_R-HSA-351202_R-HSA-350562_Q13200	-4.88023	0.00000	0.00000
CID_456201	R-HSA-1430728_R-HSA-1428517_R-HSA-163200_R-HSA-163210_P30049	-6.02230	0.00000	0.00000
CID_456201	R-HSA-1430728_R-HSA-196854_R-HSA-8978934_R-HSA-1474151_P0DP23	-5.51931	0.00000	0.00000
CID_456201	R-HSA-1430728_R-HSA-196854_R-HSA-8978934_R-HSA-1474151_P29474	-5.99781	0.00000	0.00000
CID_456201	R-HSA-1430728_R-HSA-71387_R-HSA-8982491_R-HSA-70221_P0DP23	-4.20013	0.00000	0.00000
CID_456201	R-HSA-1430728_R-HSA-71387_R-HSA-8982491_R-HSA-70221_P06737	-6.82360	0.00000	0.00000
CID_456201	R-HSA-1430728_R-HSA-71387_R-HSA-70326_R-HSA-70263_P11498	-5.46475	0.00000	0.00000
CID_456201	R-HSA-1430728_R-HSA-71387_R-HSA-70326_R-HSA-70263_P00558	-5.66138	0.00000	0.00000
CID_456201	R-HSA-1430728_R-HSA-556833_R-HSA-400206_R-HSA-1989781_P19793	-4.46907	0.00000	0.00000
CID_456201	R-HSA-1430728_R-HSA-556833_R-HSA-400206_R-HSA-1989781_Q9Y6Q9	-5.69741	0.00000	0.00000
CID_456201	R-HSA-1430728_R-HSA-556833_R-HSA-8978868_R-HSA-200425_P19793	-5.74326	0.00000	0.00000
CID_456201	R-HSA-1430728_R-HSA-556833_R-HSA-8957322_R-HSA-196791_Q6VVX0	-4.87830	0.00000	0.00000
CID_456201	R-HSA-1430728_R-HSA-556833_R-HSA-8957322_R-HSA-196791_P02774	-4.87816	0.00000	0.00000
CID_456201	R-HSA-74160_R-HSA-73857_R-HSA-212436_R-HSA-383280_P06401	-3.64700	0.00000	0.00000
CID_456201	R-HSA-1430728_R-HSA-1428517_R-HSA-163200_R-HSA-611105_R-HSA-6799198_P19404	-9.34796	0.00000	0.00000
CID_456201	R-HSA-1430728_R-HSA-1428517_R-HSA-163200_R-HSA-611105_R-HSA-6799198_Q16795	-9.34725	0.00000	0.00000
CID_456201	R-HSA-1430728_R-HSA-1428517_R-HSA-163200_R-HSA-611105_R-HSA-6799198_P51970	-9.34871	0.00000	0.00000
CID_456201	R-HSA-1430728_R-HSA-1428517_R-HSA-163200_R-HSA-611105_R-HSA-6799198_O95182	-9.34881	0.00000	0.00000
CID_456201	R-HSA-1430728_R-HSA-1428517_R-HSA-163200_R-HSA-611105_R-HSA-6799198_P56556	-9.34757	0.00000	0.00000
CID_456201	R-HSA-1430728_R-HSA-1428517_R-HSA-163200_R-HSA-611105_R-HSA-6799198_Q16718	-9.34775	0.00000	0.00000
CID_456201	R-HSA-1430728_R-HSA-1428517_R-HSA-163200_R-HSA-611105_R-HSA-6799198_O95167	-9.34756	0.00000	0.00000
CID_456201	R-HSA-1430728_R-HSA-1428517_R-HSA-163200_R-HSA-611105_R-HSA-6799198_O43678	-9.34732	0.00000	0.00000
CID_456201	R-HSA-1430728_R-HSA-1428517_R-HSA-163200_R-HSA-611105_R-HSA-6799198_O15239	-9.34789	0.00000	0.00000
CID_456201	R-HSA-1430728_R-HSA-1428517_R-HSA-163200_R-HSA-611105_R-HSA-6799198_O95299	-9.34751	0.00000	0.00000
CID_456201	R-HSA-1430728_R-HSA-1428517_R-HSA-163200_R-HSA-611105_R-HSA-6799198_O14561	-8.46119	0.00000	0.00000
CID_456201	R-HSA-1430728_R-HSA-1428517_R-HSA-163200_R-HSA-611105_R-HSA-6799198_O75438	-9.34844	0.00000	0.00000
CID_456201	R-HSA-1430728_R-HSA-1428517_R-HSA-163200_R-HSA-611105_R-HSA-6799198_O95178	-9.34823	0.00000	0.00000
CID_456201	R-HSA-1430728_R-HSA-1428517_R-HSA-163200_R-HSA-611105_R-HSA-6799198_O00217	-9.34767	0.00000	0.00000
CID_456201	R-HSA-1430728_R-HSA-1428517_R-HSA-163200_R-HSA-611105_R-HSA-6799198_O75380	-9.34822	0.00000	0.00000
CID_456201	R-HSA-1430728_R-HSA-1428517_R-HSA-163200_R-HSA-611105_R-HSA-6799198_O43920	-9.34792	0.00000	0.00000
CID_456201	R-HSA-1430728_R-HSA-1428517_R-HSA-163200_R-HSA-611105_R-HSA-6799198_O43181	-9.34727	0.00000	0.00000
CID_456201	R-HSA-1430728_R-HSA-1428517_R-HSA-163200_R-HSA-611105_R-HSA-6799198_P49821	-9.34727	0.00000	0.00000
CID_456201	R-HSA-1430728_R-HSA-1428517_R-HSA-163200_R-HSA-611105_R-HSA-6799198_O75489	-9.34777	0.00000	0.00000
CID_456201	R-HSA-1430728_R-HSA-1428517_R-HSA-163200_R-HSA-611105_R-HSA-6799198_O75306	-9.34856	0.00000	0.00000
CID_456201	R-HSA-1430728_R-HSA-1428517_R-HSA-163200_R-HSA-611105_R-HSA-6799198_P56181	-9.34720	0.00000	0.00000
CID_456201	R-HSA-1430728_R-HSA-1428517_R-HSA-163200_R-HSA-611105_R-HSA-6799198_P28331	-9.34739	0.00000	0.00000
CID_456201	R-HSA-1430728_R-HSA-1428517_R-HSA-163200_R-HSA-611105_R-HSA-6799198_O95298	-9.34770	0.00000	0.00000
CID_456201	R-HSA-1430728_R-HSA-1428517_R-HSA-163200_R-HSA-611105_R-HSA-6799198_O43677	-9.34754	0.00000	0.00000
CID_456201	R-HSA-1430728_R-HSA-1428517_R-HSA-163200_R-HSA-611105_R-HSA-6799198_O96000	-9.34766	0.00000	0.00000
CID_456201	R-HSA-1430728_R-HSA-1428517_R-HSA-163200_R-HSA-611105_R-HSA-6799198_Q9Y6M9	-9.34781	0.00000	0.00000
CID_456201	R-HSA-1430728_R-HSA-1428517_R-HSA-163200_R-HSA-611105_R-HSA-6799198_O95169	-9.34794	0.00000	0.00000
CID_456201	R-HSA-1430728_R-HSA-1428517_R-HSA-163200_R-HSA-611105_R-HSA-6799198_P17568	-9.34780	0.00000	0.00000
CID_456201	R-HSA-1430728_R-HSA-1428517_R-HSA-163200_R-HSA-611105_R-HSA-6799198_O95139	-9.34788	0.00000	0.00000
CID_456201	R-HSA-1430728_R-HSA-1428517_R-HSA-163200_R-HSA-611105_R-HSA-6799198_O43674	-9.34796	0.00000	0.00000
CID_456201	R-HSA-1430728_R-HSA-1428517_R-HSA-163200_R-HSA-611105_R-HSA-6799198_O95168	-9.34782	0.00000	0.00000
CID_456201	R-HSA-1430728_R-HSA-1428517_R-HSA-163200_R-HSA-611105_R-HSA-6799198_O43676	-9.34740	0.00000	0.00000
CID_456201	R-HSA-1430728_R-HSA-1428517_R-HSA-71406_R-HSA-70268_R-HSA-204174_P19793	-7.07542	0.00000	0.00000
CID_456201	R-HSA-1430728_R-HSA-1428517_R-HSA-71406_R-HSA-70268_R-HSA-204174_P11177	-8.64050	0.00000	0.00000
CID_456201	R-HSA-1430728_R-HSA-556833_R-HSA-8978868_R-HSA-2142753_R-HSA-2142670_Q16678	-47.50208	0.00000	0.00000
CID_456201	R-HSA-1430728_R-HSA-556833_R-HSA-8978868_R-HSA-2142753_R-HSA-2142670_P04798	-46.00064	0.00000	0.00000
CID_456201	R-HSA-1430728_R-HSA-556833_R-HSA-8957322_R-HSA-1655829_R-HSA-2426168_P19793	-4.36152	0.00000	0.00000
CID_456201	R-HSA-1430728_R-HSA-556833_R-HSA-8957322_R-HSA-1655829_R-HSA-2426168_Q16850	-4.18002	0.00000	0.00000
CID_456201	R-HSA-74160_R-HSA-73857_R-HSA-212436_R-HSA-3700989_R-HSA-5633008_R-HSA-6803204_P04637	-10.41958	0.00000	0.00000
CID_456201	R-HSA-74160_R-HSA-73857_R-HSA-212436_R-HSA-3700989_R-HSA-5633008_R-HSA-6803207_P04637	-9.87065	0.00000	0.00000
CID_456201	R-HSA-74160_R-HSA-73857_R-HSA-212436_R-HSA-3700989_R-HSA-5633008_R-HSA-6803211_P04637	-10.16032	0.00000	0.00000
CID_456201	R-HSA-1430728_R-HSA-2161522_R-HSA-2161517_P08183	-4.90490	0.00500	0.04608
CID_456201	R-HSA-1430728_R-HSA-2161522_R-HSA-2161517_O15245	-4.96072	0.00500	0.04608
CID_456201	R-HSA-1430728_R-HSA-163685_R-HSA-163767_P62714	-3.96127	0.00500	0.04608
CID_456201	R-HSA-1430728_R-HSA-163685_R-HSA-163767_P67775	-4.00272	0.00500	0.04608
CID_456201	R-HSA-1430728_R-HSA-163685_R-HSA-422356_R-HSA-400042_Q01668	-3.79111	0.00500	0.04608
CID_456201	R-HSA-1430728_R-HSA-163685_R-HSA-422356_R-HSA-400042_Q13936	-3.93808	0.00500	0.04608
CID_456201	R-HSA-1430728_R-HSA-163685_R-HSA-422356_R-HSA-400042_Q9NY47	-3.70893	0.00500	0.04608
CID_456201	R-HSA-1430728_R-HSA-163685_R-HSA-422356_R-HSA-400042_Q08289	-4.23298	0.00500	0.04608
CID_456201	R-HSA-1430728_R-HSA-1428517_R-HSA-71406_R-HSA-71403_Q02218	-5.67483	0.00500	0.04608
CID_456201	R-HSA-1430728_R-HSA-196854_R-HSA-196849_R-HSA-196780_P05165	-11.81875	0.00500	0.04608
CID_456201	R-HSA-1430728_R-HSA-196854_R-HSA-196849_R-HSA-196780_P11498	-6.04683	0.00500	0.04608
CID_456201	R-HSA-1430728_R-HSA-196854_R-HSA-196849_R-HSA-196757_P41440	-7.05659	0.00500	0.04608
CID_456201	R-HSA-1430728_R-HSA-196854_R-HSA-196849_R-HSA-196757_P34897	-7.57117	0.00500	0.04608
CID_456201	R-HSA-1430728_R-HSA-196854_R-HSA-196849_R-HSA-196757_P34896	-7.56992	0.00500	0.04608
CID_456201	R-HSA-1430728_R-HSA-556833_R-HSA-8957322_R-HSA-191273_Q16850	-2.58742	0.00500	0.04608
CID_456201	R-HSA-74160_R-HSA-73857_R-HSA-212436_R-HSA-383280_P08235	-3.86462	0.00500	0.04608
CID_456201	R-HSA-74160_R-HSA-73857_R-HSA-212436_R-HSA-383280_P62508	-4.09010	0.00500	0.04608
CID_456201	R-HSA-74160_R-HSA-73857_R-HSA-212436_R-HSA-383280_P10827	-5.30428	0.00500	0.04608
CID_456201	R-HSA-74160_R-HSA-73857_R-HSA-212436_R-HSA-383280_P10828	-5.01816	0.00500	0.04608
CID_456201	R-HSA-74160_R-HSA-73857_R-HSA-212436_R-HSA-383280_P51843	-3.69092	0.00500	0.04608
CID_456201	R-HSA-1430728_R-HSA-71387_R-HSA-70326_R-HSA-70171_R-HSA-9634600_P67775	-7.03189	0.00500	0.04608
CID_456201	R-HSA-1430728_R-HSA-556833_R-HSA-8978868_R-HSA-2142753_R-HSA-2142816_Q16678	-10.90460	0.00500	0.04608
CID_456201	R-HSA-1430728_R-HSA-556833_R-HSA-8978868_R-HSA-2142753_R-HSA-2142816_P04798	-9.40316	0.00500	0.04608
CID_456201	R-HSA-1430728_R-HSA-556833_R-HSA-8978868_R-HSA-2142753_R-HSA-2162123_Q16647	-10.20224	0.00500	0.04608
CID_456201	R-HSA-1430728_R-HSA-556833_R-HSA-8978868_R-HSA-77289_R-HSA-71032_P05165	-14.06787	0.00500	0.04608
CID_457193	R-HSA-162582_R-HSA-372790_R-HSA-388396_R-HSA-418597_P05771	-7.42113	0.00000	0.00000
CID_457193	R-HSA-162582_R-HSA-372790_R-HSA-388396_R-HSA-418597_P17252	-7.49065	0.00000	0.00000
CID_457193	R-HSA-162582_R-HSA-372790_R-HSA-388396_R-HSA-416482_P35348	-7.80467	0.00000	0.00000
CID_457193	R-HSA-162582_R-HSA-372790_R-HSA-500792_R-HSA-373076_R-HSA-375280_R-HSA-390666_P50406	-7.69831	0.00000	0.00000
CID_457193	R-HSA-162582_R-HSA-372790_R-HSA-388396_R-HSA-416476_R-HSA-881907_R-HSA-2179392_P17252	-11.82878	0.00000	0.00000
CID_457193	R-HSA-162582_R-HSA-372790_R-HSA-388396_R-HSA-418594_R-HSA-2187338_R-HSA-2187335_O75911	-14.39033	0.00000	0.00000
CID_457193	R-HSA-162582_R-HSA-372790_R-HSA-388396_R-HSA-418594_R-HSA-2187338_R-HSA-2187335_P12271	-13.81822	0.00000	0.00000
CID_457193	R-HSA-162582_R-HSA-372790_R-HSA-388396_R-HSA-418594_R-HSA-2187338_R-HSA-2187335_P10745	-13.81300	0.00000	0.00000
CID_457193	R-HSA-162582_R-HSA-372790_R-HSA-388396_R-HSA-418594_R-HSA-2187338_R-HSA-2453902_O95237	-12.78476	0.00000	0.00000
CID_457193	R-HSA-162582_R-HSA-372790_R-HSA-388396_R-HSA-418594_R-HSA-2187338_R-HSA-2453902_P12271	-13.05840	0.00000	0.00000
CID_457193	R-HSA-162582_R-HSA-372790_R-HSA-388396_R-HSA-418594_R-HSA-2187338_R-HSA-2453902_Q92781	-13.31736	0.00000	0.00000
CID_457193	R-HSA-162582_R-HSA-372790_R-HSA-388396_R-HSA-418594_R-HSA-2187338_R-HSA-2453902_P02753	-12.85686	0.00000	0.00000
CID_457193	R-HSA-162582_R-HSA-372790_R-HSA-388396_R-HSA-418594_R-HSA-2187338_R-HSA-2453902_P10745	-13.05318	0.00000	0.00000
CID_457193	R-HSA-162582_R-HSA-372790_R-HSA-388396_R-HSA-418594_R-HSA-2187338_R-HSA-2453902_P09455	-12.81389	0.00000	0.00000
CID_457193	R-HSA-162582_R-HSA-372790_R-HSA-388396_R-HSA-418594_R-HSA-2187338_R-HSA-975634_O95237	-12.88559	0.00000	0.00000
CID_457193	R-HSA-162582_R-HSA-372790_R-HSA-388396_R-HSA-418594_R-HSA-2187338_R-HSA-975634_P02753	-12.95769	0.00000	0.00000
CID_457193	R-HSA-162582_R-HSA-372790_R-HSA-388396_R-HSA-418594_R-HSA-2187338_R-HSA-975634_P50120	-13.37707	0.00000	0.00000
CID_457193	R-HSA-162582_R-HSA-372790_R-HSA-388396_R-HSA-418594_R-HSA-2187338_R-HSA-975634_P09455	-12.91472	0.00000	0.00000
CID_457193	R-HSA-162582_R-HSA-372790_R-HSA-388396_R-HSA-418594_R-HSA-111885_R-HSA-202040_P01189	-12.58603	0.00000	0.00000
CID_457193	R-HSA-162582_R-HSA-372790_R-HSA-388396_R-HSA-418594_R-HSA-2187338_R-HSA-2514856_R-HSA-2514859_P50579	-12.92767	0.00000	0.00000
CID_457193	R-HSA-162582_R-HSA-372790_R-HSA-388396_R-HSA-418594_R-HSA-2187338_R-HSA-2514856_R-HSA-2514859_P17252	-12.84111	0.00000	0.00000
CID_457193	R-HSA-162582_R-HSA-372790_R-HSA-388396_R-HSA-418594_R-HSA-2187338_R-HSA-2514856_R-HSA-2514859_P35913	-13.71737	0.00000	0.00000
CID_457193	R-HSA-162582_R-HSA-372790_R-HSA-388396_R-HSA-418594_R-HSA-2187338_R-HSA-2514856_R-HSA-2485179_P35913	-14.68637	0.00000	0.00000
CID_457193	R-HSA-162582_R-HSA-372790_R-HSA-500792_R-HSA-373080_R-HSA-420092_Q02643	-7.90360	0.00500	0.04608
CID_457193	R-HSA-162582_R-HSA-372790_R-HSA-500792_R-HSA-373076_R-HSA-375281_P30968	-7.61361	0.00500	0.04608
CID_457193	R-HSA-162582_R-HSA-372790_R-HSA-388396_R-HSA-397795_R-HSA-392451_O15530	-9.54950	0.00500	0.04608
CID_457193	R-HSA-162582_R-HSA-372790_R-HSA-500792_R-HSA-373076_R-HSA-375276_R-HSA-380108_P10145	-9.44785	0.00500	0.04608
CID_457193	R-HSA-162582_R-HSA-372790_R-HSA-500792_R-HSA-373076_R-HSA-375280_R-HSA-390666_P28566	-9.16423	0.00500	0.04608
CID_457193	R-HSA-162582_R-HSA-372790_R-HSA-500792_R-HSA-373076_R-HSA-391903_R-HSA-391908_P43088	-11.84981	0.00500	0.04608
CID_457193	R-HSA-162582_R-HSA-372790_R-HSA-500792_R-HSA-373076_R-HSA-391903_R-HSA-391908_P43116	-10.47439	0.00500	0.04608
CID_4659569	R-HSA-162582_R-HSA-372790_R-HSA-388396_R-HSA-418597_P05771	-7.96426	0.00000	0.00000
CID_4659569	R-HSA-162582_R-HSA-372790_R-HSA-388396_R-HSA-418594_R-HSA-2187338_R-HSA-2187335_P12271	-14.57860	0.00000	0.00000
CID_4659569	R-HSA-162582_R-HSA-372790_R-HSA-388396_R-HSA-418594_R-HSA-2187338_R-HSA-2187335_P10745	-14.57339	0.00000	0.00000
CID_4659569	R-HSA-162582_R-HSA-372790_R-HSA-388396_R-HSA-418594_R-HSA-2187338_R-HSA-2453902_O95237	-13.54328	0.00000	0.00000
CID_4659569	R-HSA-162582_R-HSA-372790_R-HSA-388396_R-HSA-418594_R-HSA-2187338_R-HSA-2453902_P12271	-13.81878	0.00000	0.00000
CID_4659569	R-HSA-162582_R-HSA-372790_R-HSA-388396_R-HSA-418594_R-HSA-2187338_R-HSA-2453902_P10745	-13.81357	0.00000	0.00000
CID_4659569	R-HSA-162582_R-HSA-372790_R-HSA-388396_R-HSA-418594_R-HSA-2187338_R-HSA-975634_O95237	-13.64077	0.00000	0.00000
CID_4659569	R-HSA-162582_R-HSA-372790_R-HSA-388396_R-HSA-418597_P17252	-8.03378	0.00500	0.04608
CID_4659569	R-HSA-162582_R-HSA-372790_R-HSA-500792_R-HSA-373076_R-HSA-375281_P30968	-8.26537	0.00500	0.04608
CID_4659569	R-HSA-162582_R-HSA-372790_R-HSA-388396_R-HSA-397795_R-HSA-392451_O15530	-10.20126	0.00500	0.04608
CID_4659569	R-HSA-162582_R-HSA-372790_R-HSA-500792_R-HSA-373076_R-HSA-375276_R-HSA-380108_P10145	-10.20823	0.00500	0.04608
CID_4659569	R-HSA-162582_R-HSA-372790_R-HSA-500792_R-HSA-373076_R-HSA-375280_R-HSA-390666_P50406	-8.45869	0.00500	0.04608
CID_4659569	R-HSA-162582_R-HSA-372790_R-HSA-500792_R-HSA-373076_R-HSA-391903_R-HSA-391908_P43088	-12.61019	0.00500	0.04608
CID_4659569	R-HSA-162582_R-HSA-372790_R-HSA-500792_R-HSA-373076_R-HSA-391903_R-HSA-391908_P43116	-11.23477	0.00500	0.04608
CID_4659569	R-HSA-162582_R-HSA-372790_R-HSA-388396_R-HSA-416476_R-HSA-881907_R-HSA-2179392_P17252	-12.58916	0.00500	0.04608
CID_4659569	R-HSA-162582_R-HSA-372790_R-HSA-388396_R-HSA-418594_R-HSA-2187338_R-HSA-2187335_O75911	-15.15071	0.00500	0.04608
CID_4659569	R-HSA-162582_R-HSA-372790_R-HSA-388396_R-HSA-418594_R-HSA-2187338_R-HSA-2453902_P02753	-13.61547	0.00500	0.04608
CID_4659569	R-HSA-162582_R-HSA-372790_R-HSA-388396_R-HSA-418594_R-HSA-2187338_R-HSA-2453902_P09455	-13.57251	0.00500	0.04608
CID_4659569	R-HSA-162582_R-HSA-372790_R-HSA-388396_R-HSA-418594_R-HSA-2187338_R-HSA-975634_P02753	-13.71296	0.00500	0.04608
CID_4659569	R-HSA-162582_R-HSA-372790_R-HSA-388396_R-HSA-418594_R-HSA-2187338_R-HSA-975634_P50120	-14.13054	0.00500	0.04608
CID_4659569	R-HSA-162582_R-HSA-372790_R-HSA-388396_R-HSA-418594_R-HSA-2187338_R-HSA-975634_P09455	-13.67000	0.00500	0.04608
CID_4659569	R-HSA-162582_R-HSA-372790_R-HSA-388396_R-HSA-418594_R-HSA-111885_R-HSA-202040_P01189	-13.34641	0.00500	0.04608
CID_4659569	R-HSA-162582_R-HSA-372790_R-HSA-388396_R-HSA-418594_R-HSA-2187338_R-HSA-2514856_R-HSA-2514859_P50579	-13.79668	0.00500	0.04608
CID_4659569	R-HSA-162582_R-HSA-372790_R-HSA-388396_R-HSA-418594_R-HSA-2187338_R-HSA-2514856_R-HSA-2514859_P17252	-13.71012	0.00500	0.04608
CID_4659569	R-HSA-162582_R-HSA-372790_R-HSA-388396_R-HSA-418594_R-HSA-2187338_R-HSA-2514856_R-HSA-2514859_P35913	-14.58638	0.00500	0.04608
CID_4659569	R-HSA-162582_R-HSA-372790_R-HSA-388396_R-HSA-418594_R-HSA-2187338_R-HSA-2514856_R-HSA-2485179_P35913	-15.55538	0.00500	0.04608
CID_4748	R-HSA-1430728_R-HSA-1483249_R-HSA-1855204_P0DP23	-4.13626	0.00000	0.00000
CID_4748	R-HSA-1430728_R-HSA-202131_R-HSA-203615_P0DP23	-3.36733	0.00000	0.00000
CID_4748	R-HSA-1430728_R-HSA-163685_R-HSA-163767_P62714	-4.93560	0.00000	0.00000
CID_4748	R-HSA-1430728_R-HSA-71291_R-HSA-389661_P11177	-6.08191	0.00000	0.00000
CID_4748	R-HSA-1430728_R-HSA-71291_R-HSA-71064_Q02218	-5.00290	0.00000	0.00000
CID_4748	R-HSA-1430728_R-HSA-163685_R-HSA-422356_R-HSA-400042_Q01668	-3.61265	0.00000	0.00000
CID_4748	R-HSA-1430728_R-HSA-163685_R-HSA-422356_R-HSA-400042_Q13936	-3.75954	0.00000	0.00000
CID_4748	R-HSA-1430728_R-HSA-163685_R-HSA-422356_R-HSA-400042_Q9NY47	-3.53042	0.00000	0.00000
CID_4748	R-HSA-1430728_R-HSA-163685_R-HSA-422356_R-HSA-400042_Q08289	-4.05448	0.00000	0.00000
CID_4748	R-HSA-1430728_R-HSA-71291_R-HSA-351202_R-HSA-350562_P20618	-5.58800	0.00000	0.00000
CID_4748	R-HSA-1430728_R-HSA-71291_R-HSA-351202_R-HSA-350562_P49721	-5.81713	0.00000	0.00000
CID_4748	R-HSA-1430728_R-HSA-71291_R-HSA-351202_R-HSA-350562_P28074	-5.55203	0.00000	0.00000
CID_4748	R-HSA-1430728_R-HSA-71291_R-HSA-351202_R-HSA-350562_P28062	-6.05138	0.00000	0.00000
CID_4748	R-HSA-1430728_R-HSA-71291_R-HSA-351202_R-HSA-350562_P25786	-6.09850	0.00000	0.00000
CID_4748	R-HSA-1430728_R-HSA-71291_R-HSA-351202_R-HSA-350562_Q99460	-6.05644	0.00000	0.00000
CID_4748	R-HSA-1430728_R-HSA-71291_R-HSA-351202_R-HSA-350562_Q13200	-6.13086	0.00000	0.00000
CID_4748	R-HSA-1430728_R-HSA-196854_R-HSA-6806667_R-HSA-975634_P02753	-8.43550	0.00000	0.00000
CID_4748	R-HSA-1430728_R-HSA-196854_R-HSA-6806667_R-HSA-975634_P50120	-8.56213	0.00000	0.00000
CID_4748	R-HSA-1430728_R-HSA-196854_R-HSA-6806667_R-HSA-975634_P09455	-8.38689	0.00000	0.00000
CID_4748	R-HSA-1430728_R-HSA-71387_R-HSA-8982491_R-HSA-70221_P06737	-6.66731	0.00000	0.00000
CID_4748	R-HSA-1430728_R-HSA-1428517_R-HSA-163200_R-HSA-611105_R-HSA-6799198_P51970	-10.59192	0.00000	0.00000
CID_4748	R-HSA-1430728_R-HSA-1428517_R-HSA-163200_R-HSA-611105_R-HSA-6799198_P17568	-10.59104	0.00000	0.00000
CID_4748	R-HSA-1430728_R-HSA-1428517_R-HSA-71406_R-HSA-70268_R-HSA-204174_P19793	-8.82341	0.00000	0.00000
CID_4748	R-HSA-1430728_R-HSA-1428517_R-HSA-71406_R-HSA-70268_R-HSA-204174_P11177	-10.15946	0.00000	0.00000
CID_4748	R-HSA-1430728_R-HSA-196854_R-HSA-196849_R-HSA-196807_R-HSA-197264_Q16647	-9.04828	0.00000	0.00000
CID_4748	R-HSA-1430728_R-HSA-71387_R-HSA-70326_R-HSA-70171_R-HSA-9634600_P67775	-9.19792	0.00000	0.00000
CID_4748	R-HSA-74160_R-HSA-73857_R-HSA-212436_R-HSA-8878159_R-HSA-8941855_P04637	-5.94750	0.00000	0.00000
CID_4748	R-HSA-74160_R-HSA-73857_R-HSA-212436_R-HSA-8878159_R-HSA-8941858_P20618	-4.99643	0.00000	0.00000
CID_4748	R-HSA-74160_R-HSA-73857_R-HSA-212436_R-HSA-8878159_R-HSA-8941858_P49721	-5.22556	0.00000	0.00000
CID_4748	R-HSA-74160_R-HSA-73857_R-HSA-212436_R-HSA-8878159_R-HSA-8941858_P28074	-4.96046	0.00000	0.00000
CID_4748	R-HSA-74160_R-HSA-73857_R-HSA-212436_R-HSA-8878159_R-HSA-8941858_P28062	-5.45981	0.00000	0.00000
CID_4748	R-HSA-74160_R-HSA-73857_R-HSA-212436_R-HSA-8878159_R-HSA-8941858_P25786	-5.50693	0.00000	0.00000
CID_4748	R-HSA-74160_R-HSA-73857_R-HSA-212436_R-HSA-8878159_R-HSA-8941858_Q99460	-5.46487	0.00000	0.00000
CID_4748	R-HSA-74160_R-HSA-73857_R-HSA-212436_R-HSA-8878159_R-HSA-8941858_Q13200	-5.53929	0.00000	0.00000
CID_4748	R-HSA-74160_R-HSA-73857_R-HSA-212436_R-HSA-8986944_R-HSA-9022692_P0DP23	-2.88490	0.00000	0.00000
CID_4748	R-HSA-74160_R-HSA-73857_R-HSA-212436_R-HSA-8986944_R-HSA-9022702_P61278	-6.31692	0.00000	0.00000
CID_4748	R-HSA-74160_R-HSA-73857_R-HSA-212436_R-HSA-3700989_R-HSA-5633008_R-HSA-6803204_P04637	-10.05432	0.00000	0.00000
CID_4748	R-HSA-74160_R-HSA-73857_R-HSA-212436_R-HSA-3700989_R-HSA-5633008_R-HSA-6803207_P04637	-9.50539	0.00000	0.00000
CID_4748	R-HSA-74160_R-HSA-73857_R-HSA-212436_R-HSA-3700989_R-HSA-5633008_R-HSA-6803211_P04637	-9.79506	0.00000	0.00000
CID_4748	R-HSA-1430728_R-HSA-163685_R-HSA-163765_P30613	-3.85290	0.00500	0.04608
CID_4748	R-HSA-1430728_R-HSA-163685_R-HSA-163767_P67775	-5.30865	0.00500	0.04608
CID_4748	R-HSA-1430728_R-HSA-71291_R-HSA-389661_Q02218	-5.04416	0.00500	0.04608
CID_4748	R-HSA-1430728_R-HSA-71291_R-HSA-389661_O14561	-6.00202	0.00500	0.04608
CID_4748	R-HSA-1430728_R-HSA-71291_R-HSA-70895_P54687	-5.22897	0.00500	0.04608
CID_4748	R-HSA-1430728_R-HSA-71291_R-HSA-71288_P48066	-5.24877	0.00500	0.04608
CID_4748	R-HSA-1430728_R-HSA-71291_R-HSA-70921_P50135	-5.63392	0.00500	0.04608
CID_4748	R-HSA-1430728_R-HSA-15869_R-HSA-8956319_R-HSA-73621_P19971	-6.53164	0.00500	0.04608
CID_4748	R-HSA-1430728_R-HSA-15869_R-HSA-8956319_R-HSA-73621_Q16831	-6.78787	0.00500	0.04608
CID_4748	R-HSA-1430728_R-HSA-15869_R-HSA-8956321_R-HSA-73614_P19971	-6.86922	0.00500	0.04608
CID_4748	R-HSA-1430728_R-HSA-15869_R-HSA-8956321_R-HSA-73614_Q16831	-7.12545	0.00500	0.04608
CID_4748	R-HSA-1430728_R-HSA-163685_R-HSA-422356_R-HSA-381676_Q9BQ31	-2.56109	0.00500	0.04608
CID_4748	R-HSA-1430728_R-HSA-71291_R-HSA-209776_R-HSA-209931_P17752	-6.26441	0.00500	0.04608
CID_4748	R-HSA-1430728_R-HSA-71291_R-HSA-2408522_R-HSA-2408557_P39023	-6.06247	0.00500	0.04608
CID_4748	R-HSA-1430728_R-HSA-71291_R-HSA-2408522_R-HSA-2408508_P50135	-7.39233	0.00500	0.04608
CID_4748	R-HSA-1430728_R-HSA-71291_R-HSA-2408522_R-HSA-2408508_P40261	-7.24364	0.00500	0.04608
CID_4748	R-HSA-1430728_R-HSA-1428517_R-HSA-163200_R-HSA-163210_P30049	-7.22540	0.00500	0.04608
CID_4748	R-HSA-1430728_R-HSA-1428517_R-HSA-71406_R-HSA-71403_Q02218	-7.06997	0.00500	0.04608
CID_4748	R-HSA-1430728_R-HSA-196854_R-HSA-6806667_R-HSA-975634_O95237	-8.33927	0.00500	0.04608
CID_4748	R-HSA-1430728_R-HSA-196854_R-HSA-8978934_R-HSA-1474151_P0DP23	-6.69232	0.00500	0.04608
CID_4748	R-HSA-1430728_R-HSA-196854_R-HSA-8978934_R-HSA-1474151_P29474	-8.56418	0.00500	0.04608
CID_4748	R-HSA-1430728_R-HSA-196854_R-HSA-196849_R-HSA-196741_P33527	-8.60509	0.00500	0.04608
CID_4748	R-HSA-1430728_R-HSA-196854_R-HSA-196849_R-HSA-196780_P11498	-7.44429	0.00500	0.04608
CID_4748	R-HSA-1430728_R-HSA-196854_R-HSA-196849_R-HSA-196780_Q9Y289	-9.83595	0.00500	0.04608
CID_4748	R-HSA-1430728_R-HSA-196854_R-HSA-196849_R-HSA-196757_Q96NT5	-8.31381	0.00500	0.04608
CID_4748	R-HSA-1430728_R-HSA-196854_R-HSA-196849_R-HSA-196757_P41440	-8.39792	0.00500	0.04608
CID_4748	R-HSA-1430728_R-HSA-196854_R-HSA-196849_R-HSA-196836_P78417	-7.57523	0.00500	0.04608
CID_4748	R-HSA-1430728_R-HSA-196854_R-HSA-196849_R-HSA-196836_Q9UHI7	-7.38093	0.00500	0.04608
CID_4748	R-HSA-74160_R-HSA-73857_R-HSA-212436_R-HSA-383280_P51843	-4.93091	0.00500	0.04608
CID_4748	R-HSA-1430728_R-HSA-1428517_R-HSA-163200_R-HSA-611105_R-HSA-6799198_P19404	-10.59120	0.00500	0.04608
CID_4748	R-HSA-1430728_R-HSA-1428517_R-HSA-163200_R-HSA-611105_R-HSA-6799198_Q16795	-10.59049	0.00500	0.04608
CID_4748	R-HSA-1430728_R-HSA-1428517_R-HSA-163200_R-HSA-611105_R-HSA-6799198_O95182	-10.59201	0.00500	0.04608
CID_4748	R-HSA-1430728_R-HSA-1428517_R-HSA-163200_R-HSA-611105_R-HSA-6799198_P56556	-10.59080	0.00500	0.04608
CID_4748	R-HSA-1430728_R-HSA-1428517_R-HSA-163200_R-HSA-611105_R-HSA-6799198_Q16718	-10.59097	0.00500	0.04608
CID_4748	R-HSA-1430728_R-HSA-1428517_R-HSA-163200_R-HSA-611105_R-HSA-6799198_O95167	-10.59080	0.00500	0.04608
CID_4748	R-HSA-1430728_R-HSA-1428517_R-HSA-163200_R-HSA-611105_R-HSA-6799198_O43678	-10.59056	0.00500	0.04608
CID_4748	R-HSA-1430728_R-HSA-1428517_R-HSA-163200_R-HSA-611105_R-HSA-6799198_O15239	-10.59112	0.00500	0.04608
CID_4748	R-HSA-1430728_R-HSA-1428517_R-HSA-163200_R-HSA-611105_R-HSA-6799198_O95299	-10.59075	0.00500	0.04608
CID_4748	R-HSA-1430728_R-HSA-1428517_R-HSA-163200_R-HSA-611105_R-HSA-6799198_O14561	-9.74177	0.00500	0.04608
CID_4748	R-HSA-1430728_R-HSA-1428517_R-HSA-163200_R-HSA-611105_R-HSA-6799198_O75438	-10.59165	0.00500	0.04608
CID_4748	R-HSA-1430728_R-HSA-1428517_R-HSA-163200_R-HSA-611105_R-HSA-6799198_O95178	-10.59145	0.00500	0.04608
CID_4748	R-HSA-1430728_R-HSA-1428517_R-HSA-163200_R-HSA-611105_R-HSA-6799198_O00217	-10.59091	0.00500	0.04608
CID_4748	R-HSA-1430728_R-HSA-1428517_R-HSA-163200_R-HSA-611105_R-HSA-6799198_O75380	-10.59144	0.00500	0.04608
CID_4748	R-HSA-1430728_R-HSA-1428517_R-HSA-163200_R-HSA-611105_R-HSA-6799198_O43920	-10.59115	0.00500	0.04608
CID_4748	R-HSA-1430728_R-HSA-1428517_R-HSA-163200_R-HSA-611105_R-HSA-6799198_O43181	-10.59051	0.00500	0.04608
CID_4748	R-HSA-1430728_R-HSA-1428517_R-HSA-163200_R-HSA-611105_R-HSA-6799198_P49821	-10.59052	0.00500	0.04608
CID_4748	R-HSA-1430728_R-HSA-1428517_R-HSA-163200_R-HSA-611105_R-HSA-6799198_O75489	-10.59099	0.00500	0.04608
CID_4748	R-HSA-1430728_R-HSA-1428517_R-HSA-163200_R-HSA-611105_R-HSA-6799198_O75306	-10.59176	0.00500	0.04608
CID_4748	R-HSA-1430728_R-HSA-1428517_R-HSA-163200_R-HSA-611105_R-HSA-6799198_P56181	-10.59045	0.00500	0.04608
CID_4748	R-HSA-1430728_R-HSA-1428517_R-HSA-163200_R-HSA-611105_R-HSA-6799198_P28331	-10.59064	0.00500	0.04608
CID_4748	R-HSA-1430728_R-HSA-1428517_R-HSA-163200_R-HSA-611105_R-HSA-6799198_O95298	-10.59093	0.00500	0.04608
CID_4748	R-HSA-1430728_R-HSA-1428517_R-HSA-163200_R-HSA-611105_R-HSA-6799198_O43677	-10.59078	0.00500	0.04608
CID_4748	R-HSA-1430728_R-HSA-1428517_R-HSA-163200_R-HSA-611105_R-HSA-6799198_O96000	-10.59090	0.00500	0.04608
CID_4748	R-HSA-1430728_R-HSA-1428517_R-HSA-163200_R-HSA-611105_R-HSA-6799198_Q9Y6M9	-10.59103	0.00500	0.04608
CID_4748	R-HSA-1430728_R-HSA-1428517_R-HSA-163200_R-HSA-611105_R-HSA-6799198_O95169	-10.59117	0.00500	0.04608
CID_4748	R-HSA-1430728_R-HSA-1428517_R-HSA-163200_R-HSA-611105_R-HSA-6799198_O95139	-10.59111	0.00500	0.04608
CID_4748	R-HSA-1430728_R-HSA-1428517_R-HSA-163200_R-HSA-611105_R-HSA-6799198_O43674	-10.59120	0.00500	0.04608
CID_4748	R-HSA-1430728_R-HSA-1428517_R-HSA-163200_R-HSA-611105_R-HSA-6799198_O95168	-10.59105	0.00500	0.04608
CID_4748	R-HSA-1430728_R-HSA-1428517_R-HSA-163200_R-HSA-611105_R-HSA-6799198_O43676	-10.59064	0.00500	0.04608
CID_4748	R-HSA-1430728_R-HSA-71387_R-HSA-70326_R-HSA-70171_R-HSA-9634600_P62714	-8.82487	0.00500	0.04608
CID_4748	R-HSA-74160_R-HSA-73857_R-HSA-212436_R-HSA-8878159_R-HSA-8941858_P12931	-5.62756	0.00500	0.04608
CID_4887	R-HSA-162582_R-HSA-372790_R-HSA-388396_R-HSA-418597_P05771	-7.96362	0.00000	0.00000
CID_4887	R-HSA-162582_R-HSA-372790_R-HSA-388396_R-HSA-416476_R-HSA-881907_R-HSA-2179392_P17252	-12.58826	0.00000	0.00000
CID_4887	R-HSA-162582_R-HSA-372790_R-HSA-388396_R-HSA-418594_R-HSA-2187338_R-HSA-2187335_P12271	-14.57770	0.00000	0.00000
CID_4887	R-HSA-162582_R-HSA-372790_R-HSA-388396_R-HSA-418594_R-HSA-2187338_R-HSA-2187335_P10745	-14.57249	0.00000	0.00000
CID_4887	R-HSA-162582_R-HSA-372790_R-HSA-388396_R-HSA-418594_R-HSA-2187338_R-HSA-2453902_O95237	-13.54238	0.00000	0.00000
CID_4887	R-HSA-162582_R-HSA-372790_R-HSA-388396_R-HSA-418594_R-HSA-2187338_R-HSA-2453902_P12271	-13.81788	0.00000	0.00000
CID_4887	R-HSA-162582_R-HSA-372790_R-HSA-388396_R-HSA-418594_R-HSA-2187338_R-HSA-2453902_P10745	-13.81267	0.00000	0.00000
CID_4887	R-HSA-162582_R-HSA-372790_R-HSA-388396_R-HSA-418594_R-HSA-2187338_R-HSA-975634_O95237	-13.63989	0.00000	0.00000
CID_4887	R-HSA-162582_R-HSA-372790_R-HSA-388396_R-HSA-418597_P17252	-8.03314	0.00500	0.04608
CID_4887	R-HSA-162582_R-HSA-372790_R-HSA-500792_R-HSA-373076_R-HSA-375281_P30968	-8.26460	0.00500	0.04608
CID_4887	R-HSA-162582_R-HSA-372790_R-HSA-388396_R-HSA-397795_R-HSA-392451_O15530	-10.20049	0.00500	0.04608
CID_4887	R-HSA-162582_R-HSA-372790_R-HSA-500792_R-HSA-373076_R-HSA-375276_R-HSA-380108_P10145	-10.20733	0.00500	0.04608
CID_4887	R-HSA-162582_R-HSA-372790_R-HSA-500792_R-HSA-373076_R-HSA-375280_R-HSA-390666_P50406	-8.45779	0.00500	0.04608
CID_4887	R-HSA-162582_R-HSA-372790_R-HSA-500792_R-HSA-373076_R-HSA-391903_R-HSA-391908_P43088	-12.60929	0.00500	0.04608
CID_4887	R-HSA-162582_R-HSA-372790_R-HSA-500792_R-HSA-373076_R-HSA-391903_R-HSA-391908_P43116	-11.23387	0.00500	0.04608
CID_4887	R-HSA-162582_R-HSA-372790_R-HSA-388396_R-HSA-418594_R-HSA-2187338_R-HSA-2187335_O75911	-15.14981	0.00500	0.04608
CID_4887	R-HSA-162582_R-HSA-372790_R-HSA-388396_R-HSA-418594_R-HSA-2187338_R-HSA-2453902_P02753	-13.61457	0.00500	0.04608
CID_4887	R-HSA-162582_R-HSA-372790_R-HSA-388396_R-HSA-418594_R-HSA-2187338_R-HSA-2453902_P09455	-13.57161	0.00500	0.04608
CID_4887	R-HSA-162582_R-HSA-372790_R-HSA-388396_R-HSA-418594_R-HSA-2187338_R-HSA-975634_P02753	-13.71208	0.00500	0.04608
CID_4887	R-HSA-162582_R-HSA-372790_R-HSA-388396_R-HSA-418594_R-HSA-2187338_R-HSA-975634_P50120	-14.12966	0.00500	0.04608
CID_4887	R-HSA-162582_R-HSA-372790_R-HSA-388396_R-HSA-418594_R-HSA-2187338_R-HSA-975634_P09455	-13.66912	0.00500	0.04608
CID_4887	R-HSA-162582_R-HSA-372790_R-HSA-388396_R-HSA-418594_R-HSA-111885_R-HSA-202040_P01189	-13.34551	0.00500	0.04608
CID_4887	R-HSA-162582_R-HSA-372790_R-HSA-388396_R-HSA-418594_R-HSA-2187338_R-HSA-2514856_R-HSA-2514859_P50579	-13.79565	0.00500	0.04608
CID_4887	R-HSA-162582_R-HSA-372790_R-HSA-388396_R-HSA-418594_R-HSA-2187338_R-HSA-2514856_R-HSA-2514859_P17252	-13.70909	0.00500	0.04608
CID_4887	R-HSA-162582_R-HSA-372790_R-HSA-388396_R-HSA-418594_R-HSA-2187338_R-HSA-2514856_R-HSA-2514859_P35913	-14.58535	0.00500	0.04608
CID_4887	R-HSA-162582_R-HSA-372790_R-HSA-388396_R-HSA-418594_R-HSA-2187338_R-HSA-2514856_R-HSA-2485179_P35913	-15.55435	0.00500	0.04608
CID_4893	R-HSA-162582_R-HSA-2586552_P40763	-0.22894	0.00000	0.00000
CID_4893	R-HSA-162582_R-HSA-165159_R-HSA-380972_Q9Y478	-2.45066	0.00000	0.00000
CID_4893	R-HSA-162582_R-HSA-165159_R-HSA-380972_Q13131	-2.68308	0.00000	0.00000
CID_4893	R-HSA-162582_R-HSA-9006335_R-HSA-9027276_P07948	-1.46762	0.00000	0.00000
CID_4893	R-HSA-162582_R-HSA-9006335_R-HSA-9027277_P07948	-1.59667	0.00000	0.00000
CID_4893	R-HSA-162582_R-HSA-5358351_R-HSA-5632684_R-HSA-5635838_Q99835	-1.37944	0.00000	0.00000
CID_4893	R-HSA-162582_R-HSA-194315_R-HSA-195258_R-HSA-5668599_P05771	-1.89536	0.00000	0.00000
CID_4893	R-HSA-162582_R-HSA-194315_R-HSA-195258_R-HSA-5668599_P17252	-1.82962	0.00000	0.00000
CID_4893	R-HSA-162582_R-HSA-194315_R-HSA-195258_R-HSA-5627117_P53671	-2.94794	0.00000	0.00000
CID_4893	R-HSA-162582_R-HSA-9006931_R-HSA-8939211_R-HSA-9018519_P03372	0.53998	0.00000	0.00000
CID_4893	R-HSA-162582_R-HSA-9006931_R-HSA-8939211_R-HSA-9018519_Q15303	0.28471	0.00000	0.00000
CID_4893	R-HSA-162582_R-HSA-9006931_R-HSA-8939211_R-HSA-9018519_P10415	-0.40238	0.00000	0.00000
CID_4893	R-HSA-162582_R-HSA-9006931_R-HSA-8939211_R-HSA-9018519_Q15788	-7.24349	0.00000	0.00000
CID_4893	R-HSA-162582_R-HSA-372790_R-HSA-388396_R-HSA-418597_P05771	0.34305	0.00000	0.00000
CID_4893	R-HSA-162582_R-HSA-372790_R-HSA-388396_R-HSA-418597_P17252	0.40879	0.00000	0.00000
CID_4893	R-HSA-74160_R-HSA-73857_R-HSA-212436_R-HSA-2173793_R-HSA-2173795_O75376	0.93569	0.00000	0.00000
CID_4893	R-HSA-74160_R-HSA-73857_R-HSA-212436_R-HSA-8864260_R-HSA-8866910_P03372	1.18536	0.00000	0.00000
CID_4893	R-HSA-74160_R-HSA-73857_R-HSA-212436_R-HSA-8864260_R-HSA-8866910_P04626	0.78527	0.00000	0.00000
CID_4893	R-HSA-74160_R-HSA-73857_R-HSA-212436_R-HSA-8864260_R-HSA-8866910_P10721	0.02161	0.00000	0.00000
CID_4893	R-HSA-74160_R-HSA-73857_R-HSA-212436_R-HSA-8878159_R-HSA-8951936_P56524	2.55497	0.00000	0.00000
CID_4893	R-HSA-74160_R-HSA-73857_R-HSA-212436_R-HSA-8878171_R-HSA-8931987_P03372	0.90865	0.00000	0.00000
CID_4893	R-HSA-74160_R-HSA-73857_R-HSA-212436_R-HSA-8878171_R-HSA-8939246_P05771	-0.25070	0.00000	0.00000
CID_4893	R-HSA-74160_R-HSA-73857_R-HSA-212436_R-HSA-8986944_R-HSA-9022692_O15379	1.58195	0.00000	0.00000
CID_4893	R-HSA-74160_R-HSA-73857_R-HSA-212436_R-HSA-8986944_R-HSA-9022692_O75376	1.82323	0.00000	0.00000
CID_4893	R-HSA-74160_R-HSA-73857_R-HSA-212436_R-HSA-8986944_R-HSA-9022702_P61278	0.59033	0.00000	0.00000
CID_4893	R-HSA-74160_R-HSA-73857_R-HSA-212436_R-HSA-9614085_R-HSA-9615017_P04150	2.48922	0.00000	0.00000
CID_4893	R-HSA-74160_R-HSA-73857_R-HSA-212436_R-HSA-9614085_R-HSA-9615017_P01189	0.91085	0.00000	0.00000
CID_4893	R-HSA-74160_R-HSA-73857_R-HSA-212436_R-HSA-8878166_R-HSA-8939902_P04150	3.02852	0.00000	0.00000
CID_4893	R-HSA-74160_R-HSA-73857_R-HSA-212436_R-HSA-8878166_R-HSA-8939902_P03372	3.09580	0.00000	0.00000
CID_4893	R-HSA-74160_R-HSA-73857_R-HSA-212436_R-HSA-8878166_R-HSA-8939902_P11474	2.95971	0.00000	0.00000
CID_4893	R-HSA-74160_R-HSA-73857_R-HSA-212436_R-HSA-3700989_R-HSA-5628897_O00483	-1.87477	0.00000	0.00000
CID_4893	R-HSA-74160_R-HSA-73857_R-HSA-212436_R-HSA-3700989_R-HSA-5628897_Q9Y478	-1.10576	0.00000	0.00000
CID_4893	R-HSA-74160_R-HSA-73857_R-HSA-212436_R-HSA-3700989_R-HSA-5628897_Q13131	-1.33818	0.00000	0.00000
CID_4893	R-HSA-162582_R-HSA-194315_R-HSA-195258_R-HSA-5625740_R-HSA-5625886_P10275	-1.78469	0.00000	0.00000
CID_4893	R-HSA-162582_R-HSA-9006931_R-HSA-8939211_R-HSA-9009391_R-HSA-9634638_P10415	-2.81531	0.00000	0.00000
CID_4893	R-HSA-162582_R-HSA-372790_R-HSA-500792_R-HSA-373080_R-HSA-420092_Q02643	3.79179	0.00000	0.00000
CID_4893	R-HSA-162582_R-HSA-372790_R-HSA-500792_R-HSA-373076_R-HSA-375281_P30968	4.63526	0.00000	0.00000
CID_4893	R-HSA-162582_R-HSA-372790_R-HSA-388396_R-HSA-397795_R-HSA-392451_O15530	-0.18052	0.00000	0.00000
CID_4893	R-HSA-74160_R-HSA-73857_R-HSA-212436_R-HSA-8878166_R-HSA-8941326_R-HSA-8940973_P10275	1.94439	0.00000	0.00000
CID_4893	R-HSA-74160_R-HSA-73857_R-HSA-212436_R-HSA-8878166_R-HSA-8941326_R-HSA-8940973_O15379	1.89754	0.00000	0.00000
CID_4893	R-HSA-74160_R-HSA-73857_R-HSA-212436_R-HSA-8878166_R-HSA-8941326_R-HSA-8940973_Q9UBN7	0.79516	0.00000	0.00000
CID_4893	R-HSA-74160_R-HSA-73857_R-HSA-212436_R-HSA-8878166_R-HSA-8941326_R-HSA-8941284_P56524	1.63377	0.00000	0.00000
CID_4893	R-HSA-74160_R-HSA-73857_R-HSA-212436_R-HSA-3700989_R-HSA-5633007_R-HSA-6804756_O96017	-2.53227	0.00000	0.00000
CID_4893	R-HSA-74160_R-HSA-73857_R-HSA-212436_R-HSA-3700989_R-HSA-5633007_R-HSA-6804756_Q9Y478	-2.34717	0.00000	0.00000
CID_4893	R-HSA-74160_R-HSA-73857_R-HSA-212436_R-HSA-3700989_R-HSA-5633007_R-HSA-6804756_Q13131	-2.57959	0.00000	0.00000
CID_4893	R-HSA-74160_R-HSA-73857_R-HSA-212436_R-HSA-3700989_R-HSA-5633007_R-HSA-6804760_O96017	-2.71126	0.00000	0.00000
CID_4893	R-HSA-162582_R-HSA-372790_R-HSA-500792_R-HSA-373076_R-HSA-375276_R-HSA-380108_P10145	5.22373	0.00000	0.00000
CID_4893	R-HSA-162582_R-HSA-372790_R-HSA-500792_R-HSA-373076_R-HSA-391903_R-HSA-391908_P43088	2.54925	0.00000	0.00000
CID_4893	R-HSA-162582_R-HSA-372790_R-HSA-500792_R-HSA-373076_R-HSA-391903_R-HSA-391908_P43116	3.91627	0.00000	0.00000
CID_4893	R-HSA-162582_R-HSA-372790_R-HSA-388396_R-HSA-416476_R-HSA-881907_R-HSA-2179392_P17252	0.18686	0.00000	0.00000
CID_4893	R-HSA-162582_R-HSA-372790_R-HSA-388396_R-HSA-418594_R-HSA-2187338_R-HSA-2187335_O75911	-3.18897	0.00000	0.00000
CID_4893	R-HSA-162582_R-HSA-372790_R-HSA-388396_R-HSA-418594_R-HSA-2187338_R-HSA-2187335_P12271	-2.76976	0.00000	0.00000
CID_4893	R-HSA-162582_R-HSA-372790_R-HSA-388396_R-HSA-418594_R-HSA-2187338_R-HSA-2187335_P10745	-2.76452	0.00000	0.00000
CID_4893	R-HSA-162582_R-HSA-372790_R-HSA-388396_R-HSA-418594_R-HSA-2187338_R-HSA-2453902_P12271	-2.01224	0.00000	0.00000
CID_4893	R-HSA-162582_R-HSA-372790_R-HSA-388396_R-HSA-418594_R-HSA-2187338_R-HSA-2453902_Q92781	-2.21536	0.00000	0.00000
CID_4893	R-HSA-162582_R-HSA-372790_R-HSA-388396_R-HSA-418594_R-HSA-2187338_R-HSA-2453902_P10745	-2.00700	0.00000	0.00000
CID_4893	R-HSA-162582_R-HSA-372790_R-HSA-388396_R-HSA-418594_R-HSA-111885_R-HSA-202040_P01189	-1.83229	0.00000	0.00000
CID_4893	R-HSA-162582_R-HSA-372790_R-HSA-388396_R-HSA-418594_R-HSA-2187338_R-HSA-2514856_R-HSA-2514859_P50579	-0.23645	0.00000	0.00000
CID_4893	R-HSA-162582_R-HSA-372790_R-HSA-388396_R-HSA-418594_R-HSA-2187338_R-HSA-2514856_R-HSA-2514859_P17252	0.14379	0.00000	0.00000
CID_4893	R-HSA-162582_R-HSA-372790_R-HSA-388396_R-HSA-418594_R-HSA-2187338_R-HSA-2514856_R-HSA-2514859_P35913	-1.02166	0.00000	0.00000
CID_4893	R-HSA-162582_R-HSA-372790_R-HSA-388396_R-HSA-418594_R-HSA-2187338_R-HSA-2514856_R-HSA-2485179_P35913	-1.98736	0.00000	0.00000
CID_4915	R-HSA-162582_R-HSA-372790_R-HSA-388396_R-HSA-418597_P05771	-7.40981	0.00000	0.00000
CID_4915	R-HSA-162582_R-HSA-372790_R-HSA-388396_R-HSA-418597_P17252	-7.47933	0.00000	0.00000
CID_4915	R-HSA-162582_R-HSA-372790_R-HSA-388396_R-HSA-397795_R-HSA-392451_O15530	-9.53592	0.00000	0.00000
CID_4915	R-HSA-162582_R-HSA-372790_R-HSA-500792_R-HSA-373076_R-HSA-375280_R-HSA-390666_P50406	-7.68246	0.00000	0.00000
CID_4915	R-HSA-162582_R-HSA-372790_R-HSA-388396_R-HSA-416476_R-HSA-881907_R-HSA-2179392_P17252	-11.81293	0.00000	0.00000
CID_4915	R-HSA-162582_R-HSA-372790_R-HSA-388396_R-HSA-418594_R-HSA-2187338_R-HSA-2187335_O75911	-14.37447	0.00000	0.00000
CID_4915	R-HSA-162582_R-HSA-372790_R-HSA-388396_R-HSA-418594_R-HSA-2187338_R-HSA-2187335_P12271	-13.80236	0.00000	0.00000
CID_4915	R-HSA-162582_R-HSA-372790_R-HSA-388396_R-HSA-418594_R-HSA-2187338_R-HSA-2187335_P10745	-13.79715	0.00000	0.00000
CID_4915	R-HSA-162582_R-HSA-372790_R-HSA-388396_R-HSA-418594_R-HSA-2187338_R-HSA-2453902_O95237	-12.77061	0.00000	0.00000
CID_4915	R-HSA-162582_R-HSA-372790_R-HSA-388396_R-HSA-418594_R-HSA-2187338_R-HSA-2453902_P12271	-13.04254	0.00000	0.00000
CID_4915	R-HSA-162582_R-HSA-372790_R-HSA-388396_R-HSA-418594_R-HSA-2187338_R-HSA-2453902_P02753	-12.84263	0.00000	0.00000
CID_4915	R-HSA-162582_R-HSA-372790_R-HSA-388396_R-HSA-418594_R-HSA-2187338_R-HSA-2453902_P10745	-13.03733	0.00000	0.00000
CID_4915	R-HSA-162582_R-HSA-372790_R-HSA-388396_R-HSA-418594_R-HSA-2187338_R-HSA-2453902_P09455	-12.79966	0.00000	0.00000
CID_4915	R-HSA-162582_R-HSA-372790_R-HSA-388396_R-HSA-418594_R-HSA-2187338_R-HSA-975634_O95237	-12.87451	0.00000	0.00000
CID_4915	R-HSA-162582_R-HSA-372790_R-HSA-388396_R-HSA-418594_R-HSA-2187338_R-HSA-975634_P09455	-12.90356	0.00000	0.00000
CID_4915	R-HSA-162582_R-HSA-372790_R-HSA-388396_R-HSA-418594_R-HSA-2187338_R-HSA-2514856_R-HSA-2514859_P17252	-12.82299	0.00000	0.00000
CID_4915	R-HSA-162582_R-HSA-372790_R-HSA-388396_R-HSA-416482_P35348	-7.79335	0.00500	0.04608
CID_4915	R-HSA-162582_R-HSA-372790_R-HSA-500792_R-HSA-373076_R-HSA-375281_P30968	-7.60002	0.00500	0.04608
CID_4915	R-HSA-162582_R-HSA-372790_R-HSA-500792_R-HSA-373076_R-HSA-375276_R-HSA-380108_P10145	-9.43199	0.00500	0.04608
CID_4915	R-HSA-162582_R-HSA-372790_R-HSA-500792_R-HSA-373076_R-HSA-375280_R-HSA-390666_P28566	-9.14838	0.00500	0.04608
CID_4915	R-HSA-162582_R-HSA-372790_R-HSA-500792_R-HSA-373076_R-HSA-391903_R-HSA-391908_P43088	-11.83396	0.00500	0.04608
CID_4915	R-HSA-162582_R-HSA-372790_R-HSA-500792_R-HSA-373076_R-HSA-391903_R-HSA-391908_P43116	-10.45854	0.00500	0.04608
CID_4915	R-HSA-162582_R-HSA-372790_R-HSA-388396_R-HSA-418594_R-HSA-2187338_R-HSA-2453902_Q92781	-13.30151	0.00500	0.04608
CID_4915	R-HSA-162582_R-HSA-372790_R-HSA-388396_R-HSA-418594_R-HSA-2187338_R-HSA-975634_P02753	-12.94652	0.00500	0.04608
CID_4915	R-HSA-162582_R-HSA-372790_R-HSA-388396_R-HSA-418594_R-HSA-2187338_R-HSA-975634_P50120	-13.36757	0.00500	0.04608
CID_4915	R-HSA-162582_R-HSA-372790_R-HSA-388396_R-HSA-418594_R-HSA-111885_R-HSA-202040_P01189	-12.57018	0.00500	0.04608
CID_4915	R-HSA-162582_R-HSA-372790_R-HSA-388396_R-HSA-418594_R-HSA-2187338_R-HSA-2514856_R-HSA-2514859_P50579	-12.90955	0.00500	0.04608
CID_4915	R-HSA-162582_R-HSA-372790_R-HSA-388396_R-HSA-418594_R-HSA-2187338_R-HSA-2514856_R-HSA-2514859_P35913	-13.69925	0.00500	0.04608
CID_4915	R-HSA-162582_R-HSA-372790_R-HSA-388396_R-HSA-418594_R-HSA-2187338_R-HSA-2514856_R-HSA-2485179_P35913	-14.66825	0.00500	0.04608
CID_4927	R-HSA-1430728_R-HSA-1483249_R-HSA-1855204_P0DP23	-4.14918	0.00000	0.00000
CID_4927	R-HSA-1430728_R-HSA-202131_R-HSA-203615_P0DP23	-3.38584	0.00000	0.00000
CID_4927	R-HSA-1430728_R-HSA-163685_R-HSA-163767_P62714	-4.94557	0.00000	0.00000
CID_4927	R-HSA-1430728_R-HSA-71291_R-HSA-389661_P11177	-6.09268	0.00000	0.00000
CID_4927	R-HSA-1430728_R-HSA-71291_R-HSA-351202_R-HSA-350562_P20618	-5.63666	0.00000	0.00000
CID_4927	R-HSA-1430728_R-HSA-71291_R-HSA-351202_R-HSA-350562_P49721	-5.86570	0.00000	0.00000
CID_4927	R-HSA-1430728_R-HSA-71291_R-HSA-351202_R-HSA-350562_P28074	-5.60070	0.00000	0.00000
CID_4927	R-HSA-1430728_R-HSA-71291_R-HSA-351202_R-HSA-350562_P28062	-6.09979	0.00000	0.00000
CID_4927	R-HSA-1430728_R-HSA-71291_R-HSA-351202_R-HSA-350562_P25786	-6.14711	0.00000	0.00000
CID_4927	R-HSA-1430728_R-HSA-71291_R-HSA-351202_R-HSA-350562_Q99460	-6.10507	0.00000	0.00000
CID_4927	R-HSA-1430728_R-HSA-71291_R-HSA-351202_R-HSA-350562_Q13200	-6.17947	0.00000	0.00000
CID_4927	R-HSA-1430728_R-HSA-196854_R-HSA-6806667_R-HSA-975634_P09455	-8.53404	0.00000	0.00000
CID_4927	R-HSA-1430728_R-HSA-196854_R-HSA-8978934_R-HSA-1474151_P0DP23	-6.73764	0.00000	0.00000
CID_4927	R-HSA-1430728_R-HSA-71387_R-HSA-8982491_R-HSA-70221_P06737	-6.71155	0.00000	0.00000
CID_4927	R-HSA-1430728_R-HSA-1428517_R-HSA-163200_R-HSA-611105_R-HSA-6799198_P51970	-10.67517	0.00000	0.00000
CID_4927	R-HSA-1430728_R-HSA-1428517_R-HSA-163200_R-HSA-611105_R-HSA-6799198_P17568	-10.67428	0.00000	0.00000
CID_4927	R-HSA-1430728_R-HSA-1428517_R-HSA-71406_R-HSA-70268_R-HSA-204174_P19793	-8.90394	0.00000	0.00000
CID_4927	R-HSA-1430728_R-HSA-1428517_R-HSA-71406_R-HSA-70268_R-HSA-204174_P11177	-10.23847	0.00000	0.00000
CID_4927	R-HSA-1430728_R-HSA-71387_R-HSA-70326_R-HSA-70171_R-HSA-9634600_P67775	-9.25902	0.00000	0.00000
CID_4927	R-HSA-74160_R-HSA-73857_R-HSA-212436_R-HSA-8878159_R-HSA-8941858_P20618	-5.22529	0.00000	0.00000
CID_4927	R-HSA-74160_R-HSA-73857_R-HSA-212436_R-HSA-8878159_R-HSA-8941858_P49721	-5.45434	0.00000	0.00000
CID_4927	R-HSA-74160_R-HSA-73857_R-HSA-212436_R-HSA-8878159_R-HSA-8941858_P28074	-5.18934	0.00000	0.00000
CID_4927	R-HSA-74160_R-HSA-73857_R-HSA-212436_R-HSA-8878159_R-HSA-8941858_P28062	-5.68842	0.00000	0.00000
CID_4927	R-HSA-74160_R-HSA-73857_R-HSA-212436_R-HSA-8878159_R-HSA-8941858_P25786	-5.73574	0.00000	0.00000
CID_4927	R-HSA-74160_R-HSA-73857_R-HSA-212436_R-HSA-8878159_R-HSA-8941858_Q99460	-5.69370	0.00000	0.00000
CID_4927	R-HSA-74160_R-HSA-73857_R-HSA-212436_R-HSA-8878159_R-HSA-8941858_Q13200	-5.76810	0.00000	0.00000
CID_4927	R-HSA-74160_R-HSA-73857_R-HSA-212436_R-HSA-8986944_R-HSA-9022692_P0DP23	-3.11253	0.00000	0.00000
CID_4927	R-HSA-74160_R-HSA-73857_R-HSA-212436_R-HSA-8986944_R-HSA-9022702_P61278	-6.54592	0.00000	0.00000
CID_4927	R-HSA-74160_R-HSA-73857_R-HSA-212436_R-HSA-3700989_R-HSA-5633008_R-HSA-6803204_P04637	-10.32149	0.00000	0.00000
CID_4927	R-HSA-74160_R-HSA-73857_R-HSA-212436_R-HSA-3700989_R-HSA-5633008_R-HSA-6803207_P04637	-9.77256	0.00000	0.00000
CID_4927	R-HSA-74160_R-HSA-73857_R-HSA-212436_R-HSA-3700989_R-HSA-5633008_R-HSA-6803211_P04637	-10.06223	0.00000	0.00000
CID_4927	R-HSA-1430728_R-HSA-163685_R-HSA-163767_P67775	-5.30467	0.00500	0.04608
CID_4927	R-HSA-1430728_R-HSA-71291_R-HSA-389661_Q02218	-5.05431	0.00500	0.04608
CID_4927	R-HSA-1430728_R-HSA-71291_R-HSA-389661_O14561	-6.01283	0.00500	0.04608
CID_4927	R-HSA-1430728_R-HSA-71291_R-HSA-70895_P54687	-5.23989	0.00500	0.04608
CID_4927	R-HSA-1430728_R-HSA-71291_R-HSA-71288_P48066	-5.26003	0.00500	0.04608
CID_4927	R-HSA-1430728_R-HSA-71291_R-HSA-70921_P50135	-5.64473	0.00500	0.04608
CID_4927	R-HSA-1430728_R-HSA-71291_R-HSA-71064_Q02218	-5.01308	0.00500	0.04608
CID_4927	R-HSA-1430728_R-HSA-15869_R-HSA-8956319_R-HSA-73621_P19971	-6.57816	0.00500	0.04608
CID_4927	R-HSA-1430728_R-HSA-15869_R-HSA-8956319_R-HSA-73621_Q16831	-6.83438	0.00500	0.04608
CID_4927	R-HSA-1430728_R-HSA-163685_R-HSA-422356_R-HSA-400042_Q01668	-3.67088	0.00500	0.04608
CID_4927	R-HSA-1430728_R-HSA-163685_R-HSA-422356_R-HSA-400042_Q13936	-3.81777	0.00500	0.04608
CID_4927	R-HSA-1430728_R-HSA-163685_R-HSA-422356_R-HSA-400042_Q9NY47	-3.58866	0.00500	0.04608
CID_4927	R-HSA-1430728_R-HSA-163685_R-HSA-422356_R-HSA-400042_Q08289	-4.11271	0.00500	0.04608
CID_4927	R-HSA-1430728_R-HSA-71291_R-HSA-209776_R-HSA-209931_P17752	-6.31185	0.00500	0.04608
CID_4927	R-HSA-1430728_R-HSA-71291_R-HSA-2408522_R-HSA-2408557_P39023	-6.10918	0.00500	0.04608
CID_4927	R-HSA-1430728_R-HSA-71291_R-HSA-2408522_R-HSA-2408508_P50135	-7.43906	0.00500	0.04608
CID_4927	R-HSA-1430728_R-HSA-71291_R-HSA-2408522_R-HSA-2408508_P40261	-7.28993	0.00500	0.04608
CID_4927	R-HSA-1430728_R-HSA-1428517_R-HSA-163200_R-HSA-163210_P30049	-7.27162	0.00500	0.04608
CID_4927	R-HSA-1430728_R-HSA-1428517_R-HSA-71406_R-HSA-71403_Q02218	-7.11282	0.00500	0.04608
CID_4927	R-HSA-1430728_R-HSA-196854_R-HSA-8978934_R-HSA-1474151_P29474	-8.60803	0.00500	0.04608
CID_4927	R-HSA-1430728_R-HSA-196854_R-HSA-196849_R-HSA-196741_P33527	-8.64386	0.00500	0.04608
CID_4927	R-HSA-1430728_R-HSA-196854_R-HSA-196849_R-HSA-196741_O60494	-9.63275	0.00500	0.04608
CID_4927	R-HSA-1430728_R-HSA-196854_R-HSA-196849_R-HSA-196780_P11498	-7.48747	0.00500	0.04608
CID_4927	R-HSA-1430728_R-HSA-196854_R-HSA-196849_R-HSA-196780_Q9Y289	-9.87997	0.00500	0.04608
CID_4927	R-HSA-1430728_R-HSA-196854_R-HSA-196849_R-HSA-196757_Q96NT5	-8.35782	0.00500	0.04608
CID_4927	R-HSA-1430728_R-HSA-196854_R-HSA-196849_R-HSA-196757_P41440	-8.44193	0.00500	0.04608
CID_4927	R-HSA-1430728_R-HSA-196854_R-HSA-196849_R-HSA-196836_P78417	-7.61743	0.00500	0.04608
CID_4927	R-HSA-1430728_R-HSA-196854_R-HSA-196849_R-HSA-196836_Q9UHI7	-7.42495	0.00500	0.04608
CID_4927	R-HSA-1430728_R-HSA-71387_R-HSA-8982491_R-HSA-70221_P0DP23	-5.38495	0.00500	0.04608
CID_4927	R-HSA-74160_R-HSA-73857_R-HSA-212436_R-HSA-383280_P51843	-5.12174	0.00500	0.04608
CID_4927	R-HSA-1430728_R-HSA-1428517_R-HSA-163200_R-HSA-611105_R-HSA-6799198_P19404	-10.67444	0.00500	0.04608
CID_4927	R-HSA-1430728_R-HSA-1428517_R-HSA-163200_R-HSA-611105_R-HSA-6799198_Q16795	-10.67374	0.00500	0.04608
CID_4927	R-HSA-1430728_R-HSA-1428517_R-HSA-163200_R-HSA-611105_R-HSA-6799198_O95182	-10.67525	0.00500	0.04608
CID_4927	R-HSA-1430728_R-HSA-1428517_R-HSA-163200_R-HSA-611105_R-HSA-6799198_P56556	-10.67405	0.00500	0.04608
CID_4927	R-HSA-1430728_R-HSA-1428517_R-HSA-163200_R-HSA-611105_R-HSA-6799198_Q16718	-10.67422	0.00500	0.04608
CID_4927	R-HSA-1430728_R-HSA-1428517_R-HSA-163200_R-HSA-611105_R-HSA-6799198_O95167	-10.67404	0.00500	0.04608
CID_4927	R-HSA-1430728_R-HSA-1428517_R-HSA-163200_R-HSA-611105_R-HSA-6799198_O43678	-10.67380	0.00500	0.04608
CID_4927	R-HSA-1430728_R-HSA-1428517_R-HSA-163200_R-HSA-611105_R-HSA-6799198_O15239	-10.67436	0.00500	0.04608
CID_4927	R-HSA-1430728_R-HSA-1428517_R-HSA-163200_R-HSA-611105_R-HSA-6799198_O95299	-10.67400	0.00500	0.04608
CID_4927	R-HSA-1430728_R-HSA-1428517_R-HSA-163200_R-HSA-611105_R-HSA-6799198_O14561	-9.82472	0.00500	0.04608
CID_4927	R-HSA-1430728_R-HSA-1428517_R-HSA-163200_R-HSA-611105_R-HSA-6799198_O75438	-10.67489	0.00500	0.04608
CID_4927	R-HSA-1430728_R-HSA-1428517_R-HSA-163200_R-HSA-611105_R-HSA-6799198_O95178	-10.67469	0.00500	0.04608
CID_4927	R-HSA-1430728_R-HSA-1428517_R-HSA-163200_R-HSA-611105_R-HSA-6799198_O00217	-10.67415	0.00500	0.04608
CID_4927	R-HSA-1430728_R-HSA-1428517_R-HSA-163200_R-HSA-611105_R-HSA-6799198_O75380	-10.67468	0.00500	0.04608
CID_4927	R-HSA-1430728_R-HSA-1428517_R-HSA-163200_R-HSA-611105_R-HSA-6799198_O43920	-10.67440	0.00500	0.04608
CID_4927	R-HSA-1430728_R-HSA-1428517_R-HSA-163200_R-HSA-611105_R-HSA-6799198_O43181	-10.67375	0.00500	0.04608
CID_4927	R-HSA-1430728_R-HSA-1428517_R-HSA-163200_R-HSA-611105_R-HSA-6799198_P49821	-10.67376	0.00500	0.04608
CID_4927	R-HSA-1430728_R-HSA-1428517_R-HSA-163200_R-HSA-611105_R-HSA-6799198_O75489	-10.67424	0.00500	0.04608
CID_4927	R-HSA-1430728_R-HSA-1428517_R-HSA-163200_R-HSA-611105_R-HSA-6799198_O75306	-10.67500	0.00500	0.04608
CID_4927	R-HSA-1430728_R-HSA-1428517_R-HSA-163200_R-HSA-611105_R-HSA-6799198_P56181	-10.67369	0.00500	0.04608
CID_4927	R-HSA-1430728_R-HSA-1428517_R-HSA-163200_R-HSA-611105_R-HSA-6799198_P28331	-10.67388	0.00500	0.04608
CID_4927	R-HSA-1430728_R-HSA-1428517_R-HSA-163200_R-HSA-611105_R-HSA-6799198_O95298	-10.67417	0.00500	0.04608
CID_4927	R-HSA-1430728_R-HSA-1428517_R-HSA-163200_R-HSA-611105_R-HSA-6799198_O43677	-10.67402	0.00500	0.04608
CID_4927	R-HSA-1430728_R-HSA-1428517_R-HSA-163200_R-HSA-611105_R-HSA-6799198_O96000	-10.67414	0.00500	0.04608
CID_4927	R-HSA-1430728_R-HSA-1428517_R-HSA-163200_R-HSA-611105_R-HSA-6799198_Q9Y6M9	-10.67428	0.00500	0.04608
CID_4927	R-HSA-1430728_R-HSA-1428517_R-HSA-163200_R-HSA-611105_R-HSA-6799198_O95169	-10.67441	0.00500	0.04608
CID_4927	R-HSA-1430728_R-HSA-1428517_R-HSA-163200_R-HSA-611105_R-HSA-6799198_O95139	-10.67435	0.00500	0.04608
CID_4927	R-HSA-1430728_R-HSA-1428517_R-HSA-163200_R-HSA-611105_R-HSA-6799198_O43674	-10.67444	0.00500	0.04608
CID_4927	R-HSA-1430728_R-HSA-1428517_R-HSA-163200_R-HSA-611105_R-HSA-6799198_O95168	-10.67429	0.00500	0.04608
CID_4927	R-HSA-1430728_R-HSA-1428517_R-HSA-163200_R-HSA-611105_R-HSA-6799198_O43676	-10.67389	0.00500	0.04608
CID_4927	R-HSA-1430728_R-HSA-196854_R-HSA-196849_R-HSA-196807_R-HSA-197264_Q16647	-9.12766	0.00500	0.04608
CID_4927	R-HSA-1430728_R-HSA-71387_R-HSA-70326_R-HSA-70171_R-HSA-9634600_P62714	-8.89992	0.00500	0.04608
CID_4927	R-HSA-74160_R-HSA-73857_R-HSA-212436_R-HSA-8878159_R-HSA-8941858_P12931	-5.85657	0.00500	0.04608
CID_493570	R-HSA-162582_R-HSA-372790_R-HSA-388396_R-HSA-418597_P05771	-7.96362	0.00000	0.00000
CID_493570	R-HSA-162582_R-HSA-372790_R-HSA-388396_R-HSA-416476_R-HSA-881907_R-HSA-2179392_P17252	-12.58826	0.00000	0.00000
CID_493570	R-HSA-162582_R-HSA-372790_R-HSA-388396_R-HSA-418594_R-HSA-2187338_R-HSA-2187335_P12271	-14.57770	0.00000	0.00000
CID_493570	R-HSA-162582_R-HSA-372790_R-HSA-388396_R-HSA-418594_R-HSA-2187338_R-HSA-2187335_P10745	-14.57249	0.00000	0.00000
CID_493570	R-HSA-162582_R-HSA-372790_R-HSA-388396_R-HSA-418594_R-HSA-2187338_R-HSA-2453902_O95237	-13.54238	0.00000	0.00000
CID_493570	R-HSA-162582_R-HSA-372790_R-HSA-388396_R-HSA-418594_R-HSA-2187338_R-HSA-2453902_P12271	-13.81788	0.00000	0.00000
CID_493570	R-HSA-162582_R-HSA-372790_R-HSA-388396_R-HSA-418594_R-HSA-2187338_R-HSA-2453902_P10745	-13.81267	0.00000	0.00000
CID_493570	R-HSA-162582_R-HSA-372790_R-HSA-388396_R-HSA-418594_R-HSA-2187338_R-HSA-975634_O95237	-13.63989	0.00000	0.00000
CID_493570	R-HSA-162582_R-HSA-372790_R-HSA-388396_R-HSA-418597_P17252	-8.03314	0.00500	0.04608
CID_493570	R-HSA-162582_R-HSA-372790_R-HSA-500792_R-HSA-373076_R-HSA-375281_P30968	-8.26460	0.00500	0.04608
CID_493570	R-HSA-162582_R-HSA-372790_R-HSA-388396_R-HSA-397795_R-HSA-392451_O15530	-10.20049	0.00500	0.04608
CID_493570	R-HSA-162582_R-HSA-372790_R-HSA-500792_R-HSA-373076_R-HSA-375276_R-HSA-380108_P10145	-10.20733	0.00500	0.04608
CID_493570	R-HSA-162582_R-HSA-372790_R-HSA-500792_R-HSA-373076_R-HSA-375280_R-HSA-390666_P50406	-8.45779	0.00500	0.04608
CID_493570	R-HSA-162582_R-HSA-372790_R-HSA-500792_R-HSA-373076_R-HSA-391903_R-HSA-391908_P43088	-12.60929	0.00500	0.04608
CID_493570	R-HSA-162582_R-HSA-372790_R-HSA-500792_R-HSA-373076_R-HSA-391903_R-HSA-391908_P43116	-11.23387	0.00500	0.04608
CID_493570	R-HSA-162582_R-HSA-372790_R-HSA-388396_R-HSA-418594_R-HSA-2187338_R-HSA-2187335_O75911	-15.14981	0.00500	0.04608
CID_493570	R-HSA-162582_R-HSA-372790_R-HSA-388396_R-HSA-418594_R-HSA-2187338_R-HSA-2453902_P02753	-13.61457	0.00500	0.04608
CID_493570	R-HSA-162582_R-HSA-372790_R-HSA-388396_R-HSA-418594_R-HSA-2187338_R-HSA-2453902_P09455	-13.57161	0.00500	0.04608
CID_493570	R-HSA-162582_R-HSA-372790_R-HSA-388396_R-HSA-418594_R-HSA-2187338_R-HSA-975634_P02753	-13.71208	0.00500	0.04608
CID_493570	R-HSA-162582_R-HSA-372790_R-HSA-388396_R-HSA-418594_R-HSA-2187338_R-HSA-975634_P50120	-14.12966	0.00500	0.04608
CID_493570	R-HSA-162582_R-HSA-372790_R-HSA-388396_R-HSA-418594_R-HSA-2187338_R-HSA-975634_P09455	-13.66912	0.00500	0.04608
CID_493570	R-HSA-162582_R-HSA-372790_R-HSA-388396_R-HSA-418594_R-HSA-111885_R-HSA-202040_P01189	-13.34551	0.00500	0.04608
CID_493570	R-HSA-162582_R-HSA-372790_R-HSA-388396_R-HSA-418594_R-HSA-2187338_R-HSA-2514856_R-HSA-2514859_P50579	-13.79565	0.00500	0.04608
CID_493570	R-HSA-162582_R-HSA-372790_R-HSA-388396_R-HSA-418594_R-HSA-2187338_R-HSA-2514856_R-HSA-2514859_P17252	-13.70909	0.00500	0.04608
CID_493570	R-HSA-162582_R-HSA-372790_R-HSA-388396_R-HSA-418594_R-HSA-2187338_R-HSA-2514856_R-HSA-2514859_P35913	-14.58535	0.00500	0.04608
CID_493570	R-HSA-162582_R-HSA-372790_R-HSA-388396_R-HSA-418594_R-HSA-2187338_R-HSA-2514856_R-HSA-2485179_P35913	-15.55435	0.00500	0.04608
CID_4943	R-HSA-162582_R-HSA-2586552_P40763	-3.48260	0.00000	0.00000
CID_4943	R-HSA-162582_R-HSA-194315_R-HSA-195258_R-HSA-5668599_P05771	-7.24473	0.00000	0.00000
CID_4943	R-HSA-162582_R-HSA-372790_R-HSA-388396_R-HSA-418597_P05771	-2.19296	0.00000	0.00000
CID_4943	R-HSA-162582_R-HSA-372790_R-HSA-388396_R-HSA-418597_P17252	-2.26248	0.00000	0.00000
CID_4943	R-HSA-162582_R-HSA-372790_R-HSA-388396_R-HSA-416482_P35348	-2.57650	0.00000	0.00000
CID_4943	R-HSA-74160_R-HSA-73857_R-HSA-212436_R-HSA-8878159_R-HSA-8951936_P56524	-5.03901	0.00000	0.00000
CID_4943	R-HSA-162582_R-HSA-372790_R-HSA-500792_R-HSA-373080_R-HSA-420092_Q02643	-1.62980	0.00000	0.00000
CID_4943	R-HSA-162582_R-HSA-372790_R-HSA-500792_R-HSA-373076_R-HSA-375281_P30968	-1.33980	0.00000	0.00000
CID_4943	R-HSA-162582_R-HSA-372790_R-HSA-388396_R-HSA-397795_R-HSA-392451_O15530	-3.27570	0.00000	0.00000
CID_4943	R-HSA-74160_R-HSA-73857_R-HSA-212436_R-HSA-8878166_R-HSA-8941326_R-HSA-8941284_P56524	-7.22567	0.00000	0.00000
CID_4943	R-HSA-162582_R-HSA-372790_R-HSA-500792_R-HSA-373076_R-HSA-375276_R-HSA-380108_P10145	-2.12841	0.00000	0.00000
CID_4943	R-HSA-162582_R-HSA-372790_R-HSA-500792_R-HSA-373076_R-HSA-375280_R-HSA-390666_P50406	-0.37887	0.00000	0.00000
CID_4943	R-HSA-162582_R-HSA-372790_R-HSA-500792_R-HSA-373076_R-HSA-375280_R-HSA-390666_P28566	-1.84479	0.00000	0.00000
CID_4943	R-HSA-162582_R-HSA-372790_R-HSA-500792_R-HSA-373076_R-HSA-391903_R-HSA-391908_P43088	-4.53037	0.00000	0.00000
CID_4943	R-HSA-162582_R-HSA-372790_R-HSA-500792_R-HSA-373076_R-HSA-391903_R-HSA-391908_P43116	-3.15495	0.00000	0.00000
CID_4943	R-HSA-162582_R-HSA-372790_R-HSA-388396_R-HSA-416476_R-HSA-881907_R-HSA-2179392_P17252	-4.50934	0.00000	0.00000
CID_4943	R-HSA-162582_R-HSA-372790_R-HSA-388396_R-HSA-418594_R-HSA-2187338_R-HSA-2187335_O75911	-7.07089	0.00000	0.00000
CID_4943	R-HSA-162582_R-HSA-372790_R-HSA-388396_R-HSA-418594_R-HSA-2187338_R-HSA-2187335_P12271	-6.49878	0.00000	0.00000
CID_4943	R-HSA-162582_R-HSA-372790_R-HSA-388396_R-HSA-418594_R-HSA-2187338_R-HSA-2187335_P10745	-6.49357	0.00000	0.00000
CID_4943	R-HSA-162582_R-HSA-372790_R-HSA-388396_R-HSA-418594_R-HSA-2187338_R-HSA-2453902_O95237	-5.49955	0.00000	0.00000
CID_4943	R-HSA-162582_R-HSA-372790_R-HSA-388396_R-HSA-418594_R-HSA-2187338_R-HSA-2453902_P12271	-5.73896	0.00000	0.00000
CID_4943	R-HSA-162582_R-HSA-372790_R-HSA-388396_R-HSA-418594_R-HSA-2187338_R-HSA-2453902_Q92781	-5.99792	0.00000	0.00000
CID_4943	R-HSA-162582_R-HSA-372790_R-HSA-388396_R-HSA-418594_R-HSA-2187338_R-HSA-2453902_P02753	-5.56995	0.00000	0.00000
CID_4943	R-HSA-162582_R-HSA-372790_R-HSA-388396_R-HSA-418594_R-HSA-2187338_R-HSA-2453902_P10745	-5.73374	0.00000	0.00000
CID_4943	R-HSA-162582_R-HSA-372790_R-HSA-388396_R-HSA-418594_R-HSA-2187338_R-HSA-2453902_P09455	-5.52688	0.00000	0.00000
CID_4943	R-HSA-162582_R-HSA-372790_R-HSA-388396_R-HSA-418594_R-HSA-2187338_R-HSA-975634_O95237	-5.66386	0.00000	0.00000
CID_4943	R-HSA-162582_R-HSA-372790_R-HSA-388396_R-HSA-418594_R-HSA-2187338_R-HSA-975634_P02753	-5.73425	0.00000	0.00000
CID_4943	R-HSA-162582_R-HSA-372790_R-HSA-388396_R-HSA-418594_R-HSA-2187338_R-HSA-975634_P50120	-6.18957	0.00000	0.00000
CID_4943	R-HSA-162582_R-HSA-372790_R-HSA-388396_R-HSA-418594_R-HSA-2187338_R-HSA-975634_P09455	-5.69118	0.00000	0.00000
CID_4943	R-HSA-162582_R-HSA-372790_R-HSA-388396_R-HSA-418594_R-HSA-111885_R-HSA-202040_P01189	-5.26659	0.00000	0.00000
CID_4943	R-HSA-162582_R-HSA-372790_R-HSA-388396_R-HSA-418594_R-HSA-2187338_R-HSA-2514856_R-HSA-2514859_P50579	-4.56259	0.00000	0.00000
CID_4943	R-HSA-162582_R-HSA-372790_R-HSA-388396_R-HSA-418594_R-HSA-2187338_R-HSA-2514856_R-HSA-2514859_P17252	-4.47604	0.00000	0.00000
CID_4943	R-HSA-162582_R-HSA-372790_R-HSA-388396_R-HSA-418594_R-HSA-2187338_R-HSA-2514856_R-HSA-2514859_P35913	-5.35229	0.00000	0.00000
CID_4943	R-HSA-162582_R-HSA-372790_R-HSA-388396_R-HSA-418594_R-HSA-2187338_R-HSA-2514856_R-HSA-2485179_P35913	-6.32130	0.00000	0.00000
CID_4943	R-HSA-162582_R-HSA-165159_R-HSA-380972_Q13131	-7.19626	0.00500	0.04608
CID_4943	R-HSA-162582_R-HSA-194315_R-HSA-195258_R-HSA-5668599_P17252	-7.31425	0.00500	0.04608
CID_4943	R-HSA-162582_R-HSA-9006931_R-HSA-8939211_R-HSA-9018519_P03372	-5.13384	0.00500	0.04608
CID_4943	R-HSA-162582_R-HSA-9006931_R-HSA-8939211_R-HSA-9018519_Q15303	-5.38649	0.00500	0.04608
CID_4943	R-HSA-162582_R-HSA-9006931_R-HSA-8939211_R-HSA-9018519_P10415	-6.07892	0.00500	0.04608
CID_4943	R-HSA-74160_R-HSA-73857_R-HSA-212436_R-HSA-8878166_R-HSA-8939902_P03372	-4.44255	0.00500	0.04608
CID_4943	R-HSA-74160_R-HSA-73857_R-HSA-212436_R-HSA-8878166_R-HSA-8939902_P11474	-4.68240	0.00500	0.04608
CID_4943	R-HSA-74160_R-HSA-73857_R-HSA-212436_R-HSA-8878166_R-HSA-8941326_R-HSA-8940973_P10275	-6.88480	0.00500	0.04608
CID_4943	R-HSA-74160_R-HSA-73857_R-HSA-212436_R-HSA-8878166_R-HSA-8941326_R-HSA-8940973_O15379	-7.06418	0.00500	0.04608
CID_4943	R-HSA-74160_R-HSA-73857_R-HSA-212436_R-HSA-8878166_R-HSA-8941326_R-HSA-8940973_Q9UBN7	-8.17318	0.00500	0.04608
CID_5035	R-HSA-1430728_R-HSA-1483249_R-HSA-1855204_P0DP23	-5.27951	0.00000	0.00000
CID_5035	R-HSA-1430728_R-HSA-202131_R-HSA-203615_P0DP23	-5.11481	0.00000	0.00000
CID_5035	R-HSA-1430728_R-HSA-202131_R-HSA-203615_P29474	-5.10160	0.00000	0.00000
CID_5035	R-HSA-1430728_R-HSA-163685_R-HSA-163767_P62714	-4.89012	0.00000	0.00000
CID_5035	R-HSA-1430728_R-HSA-71291_R-HSA-389661_P11177	-5.98800	0.00000	0.00000
CID_5035	R-HSA-1430728_R-HSA-71291_R-HSA-70921_P50135	-5.54112	0.00000	0.00000
CID_5035	R-HSA-1430728_R-HSA-71291_R-HSA-71064_Q02218	-4.89153	0.00000	0.00000
CID_5035	R-HSA-1430728_R-HSA-163685_R-HSA-422356_R-HSA-400042_Q01668	-4.41459	0.00000	0.00000
CID_5035	R-HSA-1430728_R-HSA-163685_R-HSA-422356_R-HSA-400042_Q13936	-4.56151	0.00000	0.00000
CID_5035	R-HSA-1430728_R-HSA-163685_R-HSA-422356_R-HSA-400042_Q9NY47	-4.33238	0.00000	0.00000
CID_5035	R-HSA-1430728_R-HSA-163685_R-HSA-422356_R-HSA-400042_Q08289	-4.85644	0.00000	0.00000
CID_5035	R-HSA-1430728_R-HSA-71291_R-HSA-2408522_R-HSA-2408508_P50135	-7.42482	0.00000	0.00000
CID_5035	R-HSA-1430728_R-HSA-71291_R-HSA-351202_R-HSA-350562_P20618	-5.03458	0.00000	0.00000
CID_5035	R-HSA-1430728_R-HSA-71291_R-HSA-351202_R-HSA-350562_P49721	-5.29024	0.00000	0.00000
CID_5035	R-HSA-1430728_R-HSA-71291_R-HSA-351202_R-HSA-350562_P28074	-4.99599	0.00000	0.00000
CID_5035	R-HSA-1430728_R-HSA-71291_R-HSA-351202_R-HSA-350562_P28062	-5.59420	0.00000	0.00000
CID_5035	R-HSA-1430728_R-HSA-71291_R-HSA-351202_R-HSA-350562_P25786	-5.52416	0.00000	0.00000
CID_5035	R-HSA-1430728_R-HSA-71291_R-HSA-351202_R-HSA-350562_Q99460	-5.48060	0.00000	0.00000
CID_5035	R-HSA-1430728_R-HSA-71291_R-HSA-351202_R-HSA-350562_Q13200	-5.55780	0.00000	0.00000
CID_5035	R-HSA-1430728_R-HSA-196854_R-HSA-6806667_R-HSA-975634_O95237	-8.37488	0.00000	0.00000
CID_5035	R-HSA-1430728_R-HSA-196854_R-HSA-6806667_R-HSA-975634_P02753	-8.46859	0.00000	0.00000
CID_5035	R-HSA-1430728_R-HSA-196854_R-HSA-6806667_R-HSA-975634_P50120	-8.58033	0.00000	0.00000
CID_5035	R-HSA-1430728_R-HSA-196854_R-HSA-6806667_R-HSA-975634_P09455	-8.42691	0.00000	0.00000
CID_5035	R-HSA-1430728_R-HSA-196854_R-HSA-8978934_R-HSA-1474151_P0DP23	-7.05110	0.00000	0.00000
CID_5035	R-HSA-1430728_R-HSA-196854_R-HSA-8978934_R-HSA-1474151_P29474	-7.03790	0.00000	0.00000
CID_5035	R-HSA-1430728_R-HSA-196854_R-HSA-196849_R-HSA-196836_P78417	-7.39687	0.00000	0.00000
CID_5035	R-HSA-1430728_R-HSA-71387_R-HSA-8982491_R-HSA-70221_P0DP23	-5.76155	0.00000	0.00000
CID_5035	R-HSA-1430728_R-HSA-556833_R-HSA-8978868_R-HSA-200425_P19793	-6.70193	0.00000	0.00000
CID_5035	R-HSA-1430728_R-HSA-556833_R-HSA-8957322_R-HSA-191273_Q15125	-2.40311	0.00000	0.00000
CID_5035	R-HSA-74160_R-HSA-212165_R-HSA-5250941_R-HSA-427359_Q96EB6	-5.88349	0.00000	0.00000
CID_5035	R-HSA-1430728_R-HSA-1428517_R-HSA-71406_R-HSA-70268_R-HSA-204174_P19793	-8.37925	0.00000	0.00000
CID_5035	R-HSA-1430728_R-HSA-1428517_R-HSA-71406_R-HSA-70268_R-HSA-204174_P11177	-10.23928	0.00000	0.00000
CID_5035	R-HSA-1430728_R-HSA-556833_R-HSA-8978868_R-HSA-2142753_R-HSA-2142670_P04798	-46.65794	0.00000	0.00000
CID_5035	R-HSA-1430728_R-HSA-15869_R-HSA-499943_P04818	-4.92836	0.00500	0.04608
CID_5035	R-HSA-1430728_R-HSA-163685_R-HSA-163767_P67775	-5.18944	0.00500	0.04608
CID_5035	R-HSA-1430728_R-HSA-71291_R-HSA-389661_Q02218	-4.93121	0.00500	0.04608
CID_5035	R-HSA-1430728_R-HSA-71291_R-HSA-389661_O14561	-5.91274	0.00500	0.04608
CID_5035	R-HSA-1430728_R-HSA-71291_R-HSA-70895_P54687	-5.14404	0.00500	0.04608
CID_5035	R-HSA-1430728_R-HSA-71291_R-HSA-71288_P48066	-5.18552	0.00500	0.04608
CID_5035	R-HSA-1430728_R-HSA-15869_R-HSA-8956319_R-HSA-73621_Q16831	-6.85100	0.00500	0.04608
CID_5035	R-HSA-1430728_R-HSA-15869_R-HSA-8956321_R-HSA-74217_P00813	-6.62352	0.00500	0.04608
CID_5035	R-HSA-1430728_R-HSA-15869_R-HSA-8956321_R-HSA-73614_P19971	-6.97766	0.00500	0.04608
CID_5035	R-HSA-1430728_R-HSA-15869_R-HSA-8956321_R-HSA-73614_Q16831	-7.23354	0.00500	0.04608
CID_5035	R-HSA-1430728_R-HSA-163685_R-HSA-422356_R-HSA-381676_Q9BQ31	-3.34551	0.00500	0.04608
CID_5035	R-HSA-1430728_R-HSA-71291_R-HSA-209776_R-HSA-209931_P17752	-6.34438	0.00500	0.04608
CID_5035	R-HSA-1430728_R-HSA-71291_R-HSA-2408522_R-HSA-2408557_P39023	-6.09132	0.00500	0.04608
CID_5035	R-HSA-1430728_R-HSA-71291_R-HSA-2408522_R-HSA-2408508_P40261	-7.26579	0.00500	0.04608
CID_5035	R-HSA-1430728_R-HSA-1428517_R-HSA-163200_R-HSA-163210_P30049	-7.30997	0.00500	0.04608
CID_5035	R-HSA-1430728_R-HSA-1428517_R-HSA-71406_R-HSA-71403_Q02218	-7.00327	0.00500	0.04608
CID_5035	R-HSA-1430728_R-HSA-196854_R-HSA-196849_R-HSA-196741_P33527	-8.19167	0.00500	0.04608
CID_5035	R-HSA-1430728_R-HSA-196854_R-HSA-196849_R-HSA-196741_P22033	-7.93656	0.00500	0.04608
CID_5035	R-HSA-1430728_R-HSA-196854_R-HSA-196849_R-HSA-196741_Q9UBK8	-8.36328	0.00500	0.04608
CID_5035	R-HSA-1430728_R-HSA-196854_R-HSA-196849_R-HSA-196741_O60494	-9.52308	0.00500	0.04608
CID_5035	R-HSA-1430728_R-HSA-196854_R-HSA-196849_R-HSA-196780_P11498	-7.34209	0.00500	0.04608
CID_5035	R-HSA-1430728_R-HSA-196854_R-HSA-196849_R-HSA-196780_Q9Y289	-9.77125	0.00500	0.04608
CID_5035	R-HSA-1430728_R-HSA-196854_R-HSA-196849_R-HSA-196757_Q96NT5	-8.24900	0.00500	0.04608
CID_5035	R-HSA-1430728_R-HSA-196854_R-HSA-196849_R-HSA-196757_P41440	-8.33269	0.00500	0.04608
CID_5035	R-HSA-1430728_R-HSA-196854_R-HSA-196849_R-HSA-196757_P34897	-8.84706	0.00500	0.04608
CID_5035	R-HSA-1430728_R-HSA-196854_R-HSA-196849_R-HSA-196757_P34896	-8.84581	0.00500	0.04608
CID_5035	R-HSA-1430728_R-HSA-196854_R-HSA-196849_R-HSA-196836_Q9UHI7	-7.31824	0.00500	0.04608
CID_5035	R-HSA-1430728_R-HSA-71387_R-HSA-70326_R-HSA-70263_P11498	-6.83484	0.00500	0.04608
CID_5035	R-HSA-1430728_R-HSA-71387_R-HSA-70326_R-HSA-70263_P00558	-7.04541	0.00500	0.04608
CID_5035	R-HSA-1430728_R-HSA-556833_R-HSA-8957322_R-HSA-196791_Q6VVX0	-4.91025	0.00500	0.04608
CID_5035	R-HSA-1430728_R-HSA-556833_R-HSA-8957322_R-HSA-196791_P02774	-4.91011	0.00500	0.04608
CID_5035	R-HSA-1430728_R-HSA-556833_R-HSA-8957322_R-HSA-191273_Q16850	-6.06069	0.00500	0.04608
CID_5035	R-HSA-1430728_R-HSA-1428517_R-HSA-163200_R-HSA-611105_R-HSA-6799198_P19404	-10.87915	0.00500	0.04608
CID_5035	R-HSA-1430728_R-HSA-1428517_R-HSA-163200_R-HSA-611105_R-HSA-6799198_Q16795	-10.87844	0.00500	0.04608
CID_5035	R-HSA-1430728_R-HSA-1428517_R-HSA-163200_R-HSA-611105_R-HSA-6799198_P51970	-10.87989	0.00500	0.04608
CID_5035	R-HSA-1430728_R-HSA-1428517_R-HSA-163200_R-HSA-611105_R-HSA-6799198_O95182	-10.87998	0.00500	0.04608
CID_5035	R-HSA-1430728_R-HSA-1428517_R-HSA-163200_R-HSA-611105_R-HSA-6799198_P56556	-10.87875	0.00500	0.04608
CID_5035	R-HSA-1430728_R-HSA-1428517_R-HSA-163200_R-HSA-611105_R-HSA-6799198_Q16718	-10.87893	0.00500	0.04608
CID_5035	R-HSA-1430728_R-HSA-1428517_R-HSA-163200_R-HSA-611105_R-HSA-6799198_O95167	-10.87874	0.00500	0.04608
CID_5035	R-HSA-1430728_R-HSA-1428517_R-HSA-163200_R-HSA-611105_R-HSA-6799198_O43678	-10.87850	0.00500	0.04608
CID_5035	R-HSA-1430728_R-HSA-1428517_R-HSA-163200_R-HSA-611105_R-HSA-6799198_O15239	-10.87907	0.00500	0.04608
CID_5035	R-HSA-1430728_R-HSA-1428517_R-HSA-163200_R-HSA-611105_R-HSA-6799198_O95299	-10.87870	0.00500	0.04608
CID_5035	R-HSA-1430728_R-HSA-1428517_R-HSA-163200_R-HSA-611105_R-HSA-6799198_O75438	-10.87961	0.00500	0.04608
CID_5035	R-HSA-1430728_R-HSA-1428517_R-HSA-163200_R-HSA-611105_R-HSA-6799198_O95178	-10.87941	0.00500	0.04608
CID_5035	R-HSA-1430728_R-HSA-1428517_R-HSA-163200_R-HSA-611105_R-HSA-6799198_O00217	-10.87885	0.00500	0.04608
CID_5035	R-HSA-1430728_R-HSA-1428517_R-HSA-163200_R-HSA-611105_R-HSA-6799198_O75380	-10.87940	0.00500	0.04608
CID_5035	R-HSA-1430728_R-HSA-1428517_R-HSA-163200_R-HSA-611105_R-HSA-6799198_O43920	-10.87911	0.00500	0.04608
CID_5035	R-HSA-1430728_R-HSA-1428517_R-HSA-163200_R-HSA-611105_R-HSA-6799198_O43181	-10.87845	0.00500	0.04608
CID_5035	R-HSA-1430728_R-HSA-1428517_R-HSA-163200_R-HSA-611105_R-HSA-6799198_P49821	-10.87846	0.00500	0.04608
CID_5035	R-HSA-1430728_R-HSA-1428517_R-HSA-163200_R-HSA-611105_R-HSA-6799198_O75489	-10.87895	0.00500	0.04608
CID_5035	R-HSA-1430728_R-HSA-1428517_R-HSA-163200_R-HSA-611105_R-HSA-6799198_O75306	-10.87973	0.00500	0.04608
CID_5035	R-HSA-1430728_R-HSA-1428517_R-HSA-163200_R-HSA-611105_R-HSA-6799198_P56181	-10.87839	0.00500	0.04608
CID_5035	R-HSA-1430728_R-HSA-1428517_R-HSA-163200_R-HSA-611105_R-HSA-6799198_P28331	-10.87857	0.00500	0.04608
CID_5035	R-HSA-1430728_R-HSA-1428517_R-HSA-163200_R-HSA-611105_R-HSA-6799198_O95298	-10.87888	0.00500	0.04608
CID_5035	R-HSA-1430728_R-HSA-1428517_R-HSA-163200_R-HSA-611105_R-HSA-6799198_O43677	-10.87873	0.00500	0.04608
CID_5035	R-HSA-1430728_R-HSA-1428517_R-HSA-163200_R-HSA-611105_R-HSA-6799198_O96000	-10.87885	0.00500	0.04608
CID_5035	R-HSA-1430728_R-HSA-1428517_R-HSA-163200_R-HSA-611105_R-HSA-6799198_Q9Y6M9	-10.87899	0.00500	0.04608
CID_5035	R-HSA-1430728_R-HSA-1428517_R-HSA-163200_R-HSA-611105_R-HSA-6799198_O95169	-10.87912	0.00500	0.04608
CID_5035	R-HSA-1430728_R-HSA-1428517_R-HSA-163200_R-HSA-611105_R-HSA-6799198_P17568	-10.87899	0.00500	0.04608
CID_5035	R-HSA-1430728_R-HSA-1428517_R-HSA-163200_R-HSA-611105_R-HSA-6799198_O95139	-10.87906	0.00500	0.04608
CID_5035	R-HSA-1430728_R-HSA-1428517_R-HSA-163200_R-HSA-611105_R-HSA-6799198_O43674	-10.87915	0.00500	0.04608
CID_5035	R-HSA-1430728_R-HSA-1428517_R-HSA-163200_R-HSA-611105_R-HSA-6799198_O95168	-10.87900	0.00500	0.04608
CID_5035	R-HSA-1430728_R-HSA-1428517_R-HSA-163200_R-HSA-611105_R-HSA-6799198_O43676	-10.87859	0.00500	0.04608
CID_5035	R-HSA-1430728_R-HSA-196854_R-HSA-196849_R-HSA-196807_R-HSA-197264_P40261	-8.93113	0.00500	0.04608
CID_5035	R-HSA-1430728_R-HSA-196854_R-HSA-196849_R-HSA-196807_R-HSA-197264_Q16647	-9.10649	0.00500	0.04608
CID_5035	R-HSA-1430728_R-HSA-556833_R-HSA-8978868_R-HSA-2142753_R-HSA-2142670_Q16678	-49.07889	0.00500	0.04608
CID_5035	R-HSA-1430728_R-HSA-556833_R-HSA-8957322_R-HSA-1655829_R-HSA-2426168_P19793	-4.49166	0.00500	0.04608
CID_5035	R-HSA-1430728_R-HSA-556833_R-HSA-8957322_R-HSA-1655829_R-HSA-2426168_Q16850	-7.90159	0.00500	0.04608
CID_5282379	R-HSA-1430728_R-HSA-1483249_R-HSA-1855204_P0DP23	-4.12326	0.00000	0.00000
CID_5282379	R-HSA-1430728_R-HSA-163685_R-HSA-163767_P62714	-3.96949	0.00000	0.00000
CID_5282379	R-HSA-1430728_R-HSA-71291_R-HSA-389661_Q02218	-3.94160	0.00000	0.00000
CID_5282379	R-HSA-1430728_R-HSA-71291_R-HSA-389661_O14561	-4.93604	0.00000	0.00000
CID_5282379	R-HSA-1430728_R-HSA-71291_R-HSA-389661_P11177	-5.00809	0.00000	0.00000
CID_5282379	R-HSA-1430728_R-HSA-71291_R-HSA-70895_P24752	-5.17778	0.00000	0.00000
CID_5282379	R-HSA-1430728_R-HSA-71291_R-HSA-70895_P54687	-4.17056	0.00000	0.00000
CID_5282379	R-HSA-1430728_R-HSA-71291_R-HSA-71288_P48066	-4.22286	0.00000	0.00000
CID_5282379	R-HSA-1430728_R-HSA-71291_R-HSA-70921_P50135	-4.55923	0.00000	0.00000
CID_5282379	R-HSA-1430728_R-HSA-71291_R-HSA-71064_Q02218	-3.90239	0.00000	0.00000
CID_5282379	R-HSA-1430728_R-HSA-163685_R-HSA-422356_R-HSA-400042_Q01668	-3.66659	0.00000	0.00000
CID_5282379	R-HSA-1430728_R-HSA-163685_R-HSA-422356_R-HSA-400042_Q13936	-3.81353	0.00000	0.00000
CID_5282379	R-HSA-1430728_R-HSA-163685_R-HSA-422356_R-HSA-400042_Q9NY47	-3.58439	0.00000	0.00000
CID_5282379	R-HSA-1430728_R-HSA-163685_R-HSA-422356_R-HSA-400042_Q08289	-4.10844	0.00000	0.00000
CID_5282379	R-HSA-1430728_R-HSA-163685_R-HSA-422356_R-HSA-381676_Q9BQ31	-2.58618	0.00000	0.00000
CID_5282379	R-HSA-1430728_R-HSA-71291_R-HSA-209776_R-HSA-209931_P17752	-5.12773	0.00000	0.00000
CID_5282379	R-HSA-1430728_R-HSA-71291_R-HSA-2408522_R-HSA-2408557_P39023	-4.84699	0.00000	0.00000
CID_5282379	R-HSA-1430728_R-HSA-71291_R-HSA-2408522_R-HSA-2408508_P50135	-6.18133	0.00000	0.00000
CID_5282379	R-HSA-1430728_R-HSA-71291_R-HSA-2408522_R-HSA-2408508_P40261	-6.02679	0.00000	0.00000
CID_5282379	R-HSA-1430728_R-HSA-71291_R-HSA-351202_R-HSA-350562_P20618	-4.59935	0.00000	0.00000
CID_5282379	R-HSA-1430728_R-HSA-71291_R-HSA-351202_R-HSA-350562_P49721	-4.81967	0.00000	0.00000
CID_5282379	R-HSA-1430728_R-HSA-71291_R-HSA-351202_R-HSA-350562_P28074	-4.56248	0.00000	0.00000
CID_5282379	R-HSA-1430728_R-HSA-71291_R-HSA-351202_R-HSA-350562_P28062	-5.04886	0.00000	0.00000
CID_5282379	R-HSA-1430728_R-HSA-71291_R-HSA-351202_R-HSA-350562_P25786	-5.07895	0.00000	0.00000
CID_5282379	R-HSA-1430728_R-HSA-71291_R-HSA-351202_R-HSA-350562_Q99460	-5.04148	0.00000	0.00000
CID_5282379	R-HSA-1430728_R-HSA-71291_R-HSA-351202_R-HSA-350562_Q13200	-5.10760	0.00000	0.00000
CID_5282379	R-HSA-1430728_R-HSA-196854_R-HSA-8978934_R-HSA-1474151_P0DP23	-5.61875	0.00000	0.00000
CID_5282379	R-HSA-1430728_R-HSA-196854_R-HSA-8978934_R-HSA-1474151_P29474	-5.99214	0.00000	0.00000
CID_5282379	R-HSA-1430728_R-HSA-196854_R-HSA-196849_R-HSA-196780_Q9Y289	-8.56389	0.00000	0.00000
CID_5282379	R-HSA-1430728_R-HSA-196854_R-HSA-196849_R-HSA-196757_P41440	-7.12542	0.00000	0.00000
CID_5282379	R-HSA-1430728_R-HSA-71387_R-HSA-8982491_R-HSA-70221_P0DP23	-4.25876	0.00000	0.00000
CID_5282379	R-HSA-1430728_R-HSA-71387_R-HSA-8982491_R-HSA-70221_P06737	-6.83622	0.00000	0.00000
CID_5282379	R-HSA-1430728_R-HSA-556833_R-HSA-400206_R-HSA-1989781_P04798	-1.79888	0.00000	0.00000
CID_5282379	R-HSA-1430728_R-HSA-556833_R-HSA-400206_R-HSA-1989781_P28702	-1.36965	0.00000	0.00000
CID_5282379	R-HSA-1430728_R-HSA-556833_R-HSA-400206_R-HSA-1989781_P19793	-3.67139	0.00000	0.00000
CID_5282379	R-HSA-1430728_R-HSA-556833_R-HSA-400206_R-HSA-1989781_P35869	-2.46839	0.00000	0.00000
CID_5282379	R-HSA-1430728_R-HSA-556833_R-HSA-400206_R-HSA-1989781_O60656	-2.39724	0.00000	0.00000
CID_5282379	R-HSA-1430728_R-HSA-556833_R-HSA-400206_R-HSA-1989781_O60427	-2.32809	0.00000	0.00000
CID_5282379	R-HSA-1430728_R-HSA-556833_R-HSA-400206_R-HSA-1989781_Q9Y6Q9	-3.05575	0.00000	0.00000
CID_5282379	R-HSA-1430728_R-HSA-556833_R-HSA-400206_R-HSA-1989781_O75376	-2.64700	0.00000	0.00000
CID_5282379	R-HSA-1430728_R-HSA-1428517_R-HSA-71406_R-HSA-70268_R-HSA-204174_P11177	-8.86887	0.00000	0.00000
CID_5282379	R-HSA-1430728_R-HSA-556833_R-HSA-8978868_R-HSA-2142753_R-HSA-2162123_Q16647	-10.29748	0.00000	0.00000
CID_5282379	R-HSA-1430728_R-HSA-556833_R-HSA-8978868_R-HSA-77289_R-HSA-71032_P05165	-14.20161	0.00000	0.00000
CID_5282379	R-HSA-74160_R-HSA-73857_R-HSA-212436_R-HSA-3700989_R-HSA-5633008_R-HSA-6803204_P04637	-10.21412	0.00000	0.00000
CID_5282379	R-HSA-74160_R-HSA-73857_R-HSA-212436_R-HSA-3700989_R-HSA-5633008_R-HSA-6803207_P04637	-9.66519	0.00000	0.00000
CID_5282379	R-HSA-74160_R-HSA-73857_R-HSA-212436_R-HSA-3700989_R-HSA-5633008_R-HSA-6803211_P04637	-9.95486	0.00000	0.00000
CID_5282379	R-HSA-1430728_R-HSA-202131_R-HSA-203615_P0DP23	-4.24541	0.00500	0.04608
CID_5282379	R-HSA-1430728_R-HSA-163685_R-HSA-163765_P30613	-3.54456	0.00500	0.04608
CID_5282379	R-HSA-1430728_R-HSA-15869_R-HSA-8956321_R-HSA-73614_Q16831	-6.03706	0.00500	0.04608
CID_5282379	R-HSA-1430728_R-HSA-1428517_R-HSA-163200_R-HSA-163210_P30049	-6.13658	0.00500	0.04608
CID_5282379	R-HSA-1430728_R-HSA-1428517_R-HSA-71406_R-HSA-71403_Q02218	-5.75468	0.00500	0.04608
CID_5282379	R-HSA-1430728_R-HSA-196854_R-HSA-196849_R-HSA-196741_P33527	-6.97694	0.00500	0.04608
CID_5282379	R-HSA-1430728_R-HSA-196854_R-HSA-196849_R-HSA-196741_P22033	-6.69429	0.00500	0.04608
CID_5282379	R-HSA-1430728_R-HSA-196854_R-HSA-196849_R-HSA-196741_Q9UBK8	-7.05103	0.00500	0.04608
CID_5282379	R-HSA-1430728_R-HSA-196854_R-HSA-196849_R-HSA-196741_O60494	-8.31472	0.00500	0.04608
CID_5282379	R-HSA-1430728_R-HSA-196854_R-HSA-196849_R-HSA-196780_P11498	-6.10913	0.00500	0.04608
CID_5282379	R-HSA-1430728_R-HSA-196854_R-HSA-196849_R-HSA-196757_Q96NT5	-7.04194	0.00500	0.04608
CID_5282379	R-HSA-1430728_R-HSA-196854_R-HSA-196849_R-HSA-196757_P34897	-7.64000	0.00500	0.04608
CID_5282379	R-HSA-1430728_R-HSA-196854_R-HSA-196849_R-HSA-196757_P34896	-7.63875	0.00500	0.04608
CID_5282379	R-HSA-1430728_R-HSA-196854_R-HSA-196849_R-HSA-196836_P78417	-6.16294	0.00500	0.04608
CID_5282379	R-HSA-1430728_R-HSA-196854_R-HSA-196849_R-HSA-196836_Q9UHI7	-6.11362	0.00500	0.04608
CID_5282379	R-HSA-1430728_R-HSA-71387_R-HSA-70326_R-HSA-70263_P11498	-5.49207	0.00500	0.04608
CID_5282379	R-HSA-1430728_R-HSA-71387_R-HSA-70326_R-HSA-70263_P00558	-5.68450	0.00500	0.04608
CID_5282379	R-HSA-1430728_R-HSA-556833_R-HSA-8978868_R-HSA-200425_O43741	-7.12172	0.00500	0.04608
CID_5282379	R-HSA-74160_R-HSA-73857_R-HSA-212436_R-HSA-383280_P08235	-3.01084	0.00500	0.04608
CID_5282379	R-HSA-1430728_R-HSA-1428517_R-HSA-163200_R-HSA-611105_R-HSA-6799198_P19404	-9.48938	0.00500	0.04608
CID_5282379	R-HSA-1430728_R-HSA-1428517_R-HSA-163200_R-HSA-611105_R-HSA-6799198_Q16795	-9.48867	0.00500	0.04608
CID_5282379	R-HSA-1430728_R-HSA-1428517_R-HSA-163200_R-HSA-611105_R-HSA-6799198_P51970	-9.49013	0.00500	0.04608
CID_5282379	R-HSA-1430728_R-HSA-1428517_R-HSA-163200_R-HSA-611105_R-HSA-6799198_O95182	-9.49023	0.00500	0.04608
CID_5282379	R-HSA-1430728_R-HSA-1428517_R-HSA-163200_R-HSA-611105_R-HSA-6799198_P56556	-9.48899	0.00500	0.04608
CID_5282379	R-HSA-1430728_R-HSA-1428517_R-HSA-163200_R-HSA-611105_R-HSA-6799198_Q16718	-9.48917	0.00500	0.04608
CID_5282379	R-HSA-1430728_R-HSA-1428517_R-HSA-163200_R-HSA-611105_R-HSA-6799198_O95167	-9.48898	0.00500	0.04608
CID_5282379	R-HSA-1430728_R-HSA-1428517_R-HSA-163200_R-HSA-611105_R-HSA-6799198_O43678	-9.48874	0.00500	0.04608
CID_5282379	R-HSA-1430728_R-HSA-1428517_R-HSA-163200_R-HSA-611105_R-HSA-6799198_O15239	-9.48931	0.00500	0.04608
CID_5282379	R-HSA-1430728_R-HSA-1428517_R-HSA-163200_R-HSA-611105_R-HSA-6799198_O95299	-9.48893	0.00500	0.04608
CID_5282379	R-HSA-1430728_R-HSA-1428517_R-HSA-163200_R-HSA-611105_R-HSA-6799198_O14561	-8.58851	0.00500	0.04608
CID_5282379	R-HSA-1430728_R-HSA-1428517_R-HSA-163200_R-HSA-611105_R-HSA-6799198_O75438	-9.48986	0.00500	0.04608
CID_5282379	R-HSA-1430728_R-HSA-1428517_R-HSA-163200_R-HSA-611105_R-HSA-6799198_O95178	-9.48965	0.00500	0.04608
CID_5282379	R-HSA-1430728_R-HSA-1428517_R-HSA-163200_R-HSA-611105_R-HSA-6799198_O00217	-9.48909	0.00500	0.04608
CID_5282379	R-HSA-1430728_R-HSA-1428517_R-HSA-163200_R-HSA-611105_R-HSA-6799198_O75380	-9.48964	0.00500	0.04608
CID_5282379	R-HSA-1430728_R-HSA-1428517_R-HSA-163200_R-HSA-611105_R-HSA-6799198_O43920	-9.48934	0.00500	0.04608
CID_5282379	R-HSA-1430728_R-HSA-1428517_R-HSA-163200_R-HSA-611105_R-HSA-6799198_O43181	-9.48869	0.00500	0.04608
CID_5282379	R-HSA-1430728_R-HSA-1428517_R-HSA-163200_R-HSA-611105_R-HSA-6799198_P49821	-9.48869	0.00500	0.04608
CID_5282379	R-HSA-1430728_R-HSA-1428517_R-HSA-163200_R-HSA-611105_R-HSA-6799198_O75489	-9.48919	0.00500	0.04608
CID_5282379	R-HSA-1430728_R-HSA-1428517_R-HSA-163200_R-HSA-611105_R-HSA-6799198_O75306	-9.48998	0.00500	0.04608
CID_5282379	R-HSA-1430728_R-HSA-1428517_R-HSA-163200_R-HSA-611105_R-HSA-6799198_P56181	-9.48862	0.00500	0.04608
CID_5282379	R-HSA-1430728_R-HSA-1428517_R-HSA-163200_R-HSA-611105_R-HSA-6799198_P28331	-9.48881	0.00500	0.04608
CID_5282379	R-HSA-1430728_R-HSA-1428517_R-HSA-163200_R-HSA-611105_R-HSA-6799198_O95298	-9.48912	0.00500	0.04608
CID_5282379	R-HSA-1430728_R-HSA-1428517_R-HSA-163200_R-HSA-611105_R-HSA-6799198_O43677	-9.48896	0.00500	0.04608
CID_5282379	R-HSA-1430728_R-HSA-1428517_R-HSA-163200_R-HSA-611105_R-HSA-6799198_O96000	-9.48908	0.00500	0.04608
CID_5282379	R-HSA-1430728_R-HSA-1428517_R-HSA-163200_R-HSA-611105_R-HSA-6799198_Q9Y6M9	-9.48923	0.00500	0.04608
CID_5282379	R-HSA-1430728_R-HSA-1428517_R-HSA-163200_R-HSA-611105_R-HSA-6799198_O95169	-9.48936	0.00500	0.04608
CID_5282379	R-HSA-1430728_R-HSA-1428517_R-HSA-163200_R-HSA-611105_R-HSA-6799198_P17568	-9.48922	0.00500	0.04608
CID_5282379	R-HSA-1430728_R-HSA-1428517_R-HSA-163200_R-HSA-611105_R-HSA-6799198_O95139	-9.48930	0.00500	0.04608
CID_5282379	R-HSA-1430728_R-HSA-1428517_R-HSA-163200_R-HSA-611105_R-HSA-6799198_O43674	-9.48939	0.00500	0.04608
CID_5282379	R-HSA-1430728_R-HSA-1428517_R-HSA-163200_R-HSA-611105_R-HSA-6799198_O95168	-9.48924	0.00500	0.04608
CID_5282379	R-HSA-1430728_R-HSA-1428517_R-HSA-163200_R-HSA-611105_R-HSA-6799198_O43676	-9.48882	0.00500	0.04608
CID_5282379	R-HSA-1430728_R-HSA-1428517_R-HSA-71406_R-HSA-70268_R-HSA-204174_P19793	-9.11901	0.00500	0.04608
CID_5282379	R-HSA-1430728_R-HSA-196854_R-HSA-196849_R-HSA-196807_R-HSA-197264_P40261	-7.47056	0.00500	0.04608
CID_5282379	R-HSA-1430728_R-HSA-196854_R-HSA-196849_R-HSA-196807_R-HSA-197264_Q16647	-7.64958	0.00500	0.04608
CID_5282379	R-HSA-1430728_R-HSA-71387_R-HSA-70326_R-HSA-70171_R-HSA-9634600_P67775	-7.06409	0.00500	0.04608
CID_5282379	R-HSA-1430728_R-HSA-556833_R-HSA-8978868_R-HSA-2142753_R-HSA-2142670_Q16678	-47.57841	0.00500	0.04608
CID_5282379	R-HSA-1430728_R-HSA-556833_R-HSA-8978868_R-HSA-2142753_R-HSA-2142670_P04798	-45.13196	0.00500	0.04608
CID_5282379	R-HSA-74160_R-HSA-73857_R-HSA-212436_R-HSA-8878159_R-HSA-8941855_P04637	-5.97684	0.00500	0.04608
CID_5284558	R-HSA-162582_R-HSA-372790_R-HSA-388396_R-HSA-418597_P05771	-7.30941	0.00000	0.00000
CID_5284558	R-HSA-162582_R-HSA-372790_R-HSA-388396_R-HSA-418597_P17252	-7.37893	0.00000	0.00000
CID_5284558	R-HSA-162582_R-HSA-372790_R-HSA-388396_R-HSA-416482_P35348	-7.69295	0.00000	0.00000
CID_5284558	R-HSA-162582_R-HSA-372790_R-HSA-388396_R-HSA-397795_R-HSA-392451_O15530	-9.41544	0.00000	0.00000
CID_5284558	R-HSA-162582_R-HSA-372790_R-HSA-500792_R-HSA-373076_R-HSA-375280_R-HSA-390666_P50406	-7.54190	0.00000	0.00000
CID_5284558	R-HSA-162582_R-HSA-372790_R-HSA-388396_R-HSA-416476_R-HSA-881907_R-HSA-2179392_P17252	-11.67238	0.00000	0.00000
CID_5284558	R-HSA-162582_R-HSA-372790_R-HSA-388396_R-HSA-418594_R-HSA-2187338_R-HSA-2187335_O75911	-14.23392	0.00000	0.00000
CID_5284558	R-HSA-162582_R-HSA-372790_R-HSA-388396_R-HSA-418594_R-HSA-2187338_R-HSA-2187335_P12271	-13.66181	0.00000	0.00000
CID_5284558	R-HSA-162582_R-HSA-372790_R-HSA-388396_R-HSA-418594_R-HSA-2187338_R-HSA-2187335_P10745	-13.65660	0.00000	0.00000
CID_5284558	R-HSA-162582_R-HSA-372790_R-HSA-388396_R-HSA-418594_R-HSA-2187338_R-HSA-2453902_O95237	-12.62902	0.00000	0.00000
CID_5284558	R-HSA-162582_R-HSA-372790_R-HSA-388396_R-HSA-418594_R-HSA-2187338_R-HSA-2453902_P12271	-12.90199	0.00000	0.00000
CID_5284558	R-HSA-162582_R-HSA-372790_R-HSA-388396_R-HSA-418594_R-HSA-2187338_R-HSA-2453902_Q92781	-13.16096	0.00000	0.00000
CID_5284558	R-HSA-162582_R-HSA-372790_R-HSA-388396_R-HSA-418594_R-HSA-2187338_R-HSA-2453902_P02753	-12.70108	0.00000	0.00000
CID_5284558	R-HSA-162582_R-HSA-372790_R-HSA-388396_R-HSA-418594_R-HSA-2187338_R-HSA-2453902_P10745	-12.89678	0.00000	0.00000
CID_5284558	R-HSA-162582_R-HSA-372790_R-HSA-388396_R-HSA-418594_R-HSA-2187338_R-HSA-2453902_P09455	-12.65812	0.00000	0.00000
CID_5284558	R-HSA-162582_R-HSA-372790_R-HSA-388396_R-HSA-418594_R-HSA-2187338_R-HSA-975634_O95237	-12.73104	0.00000	0.00000
CID_5284558	R-HSA-162582_R-HSA-372790_R-HSA-388396_R-HSA-418594_R-HSA-2187338_R-HSA-975634_P02753	-12.80310	0.00000	0.00000
CID_5284558	R-HSA-162582_R-HSA-372790_R-HSA-388396_R-HSA-418594_R-HSA-2187338_R-HSA-975634_P50120	-13.22313	0.00000	0.00000
CID_5284558	R-HSA-162582_R-HSA-372790_R-HSA-388396_R-HSA-418594_R-HSA-2187338_R-HSA-975634_P09455	-12.76014	0.00000	0.00000
CID_5284558	R-HSA-162582_R-HSA-372790_R-HSA-388396_R-HSA-418594_R-HSA-111885_R-HSA-202040_P01189	-12.42963	0.00000	0.00000
CID_5284558	R-HSA-162582_R-HSA-372790_R-HSA-388396_R-HSA-418594_R-HSA-2187338_R-HSA-2514856_R-HSA-2514859_P50579	-12.74892	0.00000	0.00000
CID_5284558	R-HSA-162582_R-HSA-372790_R-HSA-388396_R-HSA-418594_R-HSA-2187338_R-HSA-2514856_R-HSA-2514859_P17252	-12.66237	0.00000	0.00000
CID_5284558	R-HSA-162582_R-HSA-372790_R-HSA-388396_R-HSA-418594_R-HSA-2187338_R-HSA-2514856_R-HSA-2514859_P35913	-13.53862	0.00000	0.00000
CID_5284558	R-HSA-162582_R-HSA-372790_R-HSA-388396_R-HSA-418594_R-HSA-2187338_R-HSA-2514856_R-HSA-2485179_P35913	-14.50762	0.00000	0.00000
CID_5284558	R-HSA-162582_R-HSA-372790_R-HSA-500792_R-HSA-373080_R-HSA-420092_Q02643	-7.76954	0.00500	0.04608
CID_5284558	R-HSA-162582_R-HSA-372790_R-HSA-500792_R-HSA-373076_R-HSA-375281_P30968	-7.47955	0.00500	0.04608
CID_5284558	R-HSA-162582_R-HSA-372790_R-HSA-500792_R-HSA-373076_R-HSA-375276_R-HSA-380108_P10145	-9.29144	0.00500	0.04608
CID_5284558	R-HSA-162582_R-HSA-372790_R-HSA-500792_R-HSA-373076_R-HSA-375280_R-HSA-390666_P28566	-9.00783	0.00500	0.04608
CID_5284558	R-HSA-162582_R-HSA-372790_R-HSA-500792_R-HSA-373076_R-HSA-391903_R-HSA-391908_P43088	-11.69341	0.00500	0.04608
CID_5284558	R-HSA-162582_R-HSA-372790_R-HSA-500792_R-HSA-373076_R-HSA-391903_R-HSA-391908_P43116	-10.31799	0.00500	0.04608
CID_5311	R-HSA-1430728_R-HSA-1483249_R-HSA-1855204_P0DP23	-5.07650	0.00000	0.00000
CID_5311	R-HSA-1430728_R-HSA-202131_R-HSA-203615_P29474	-5.94221	0.00000	0.00000
CID_5311	R-HSA-1430728_R-HSA-15869_R-HSA-499943_P04818	-5.02661	0.00000	0.00000
CID_5311	R-HSA-1430728_R-HSA-163685_R-HSA-163767_P62714	-4.98220	0.00000	0.00000
CID_5311	R-HSA-1430728_R-HSA-71291_R-HSA-389661_Q02218	-4.91652	0.00000	0.00000
CID_5311	R-HSA-1430728_R-HSA-71291_R-HSA-389661_O14561	-5.90940	0.00000	0.00000
CID_5311	R-HSA-1430728_R-HSA-71291_R-HSA-389661_P11177	-5.98488	0.00000	0.00000
CID_5311	R-HSA-1430728_R-HSA-71291_R-HSA-70895_P24752	-5.46422	0.00000	0.00000
CID_5311	R-HSA-1430728_R-HSA-71291_R-HSA-70895_P54687	-5.13959	0.00000	0.00000
CID_5311	R-HSA-1430728_R-HSA-71291_R-HSA-71288_P48066	-5.19561	0.00000	0.00000
CID_5311	R-HSA-1430728_R-HSA-71291_R-HSA-70921_P50135	-5.53504	0.00000	0.00000
CID_5311	R-HSA-1430728_R-HSA-71291_R-HSA-71064_Q02218	-4.87575	0.00000	0.00000
CID_5311	R-HSA-1430728_R-HSA-211859_R-HSA-5423646_P10620	-7.12820	0.00000	0.00000
CID_5311	R-HSA-1430728_R-HSA-211859_R-HSA-5423646_O14880	-7.11760	0.00000	0.00000
CID_5311	R-HSA-1430728_R-HSA-15869_R-HSA-8956319_R-HSA-73621_P19971	-6.70074	0.00000	0.00000
CID_5311	R-HSA-1430728_R-HSA-15869_R-HSA-8956319_R-HSA-73621_Q16831	-6.95644	0.00000	0.00000
CID_5311	R-HSA-1430728_R-HSA-15869_R-HSA-8956321_R-HSA-74217_P00813	-6.77163	0.00000	0.00000
CID_5311	R-HSA-1430728_R-HSA-15869_R-HSA-8956321_R-HSA-73614_P19971	-7.11174	0.00000	0.00000
CID_5311	R-HSA-1430728_R-HSA-15869_R-HSA-8956321_R-HSA-73614_Q16831	-7.36745	0.00000	0.00000
CID_5311	R-HSA-1430728_R-HSA-163685_R-HSA-422356_R-HSA-400042_Q9NY47	-5.08686	0.00000	0.00000
CID_5311	R-HSA-1430728_R-HSA-71291_R-HSA-209776_R-HSA-209931_P17752	-6.35773	0.00000	0.00000
CID_5311	R-HSA-1430728_R-HSA-71291_R-HSA-2408522_R-HSA-2408557_P39023	-6.08028	0.00000	0.00000
CID_5311	R-HSA-1430728_R-HSA-71291_R-HSA-2408522_R-HSA-2408508_P50135	-7.41605	0.00000	0.00000
CID_5311	R-HSA-1430728_R-HSA-71291_R-HSA-2408522_R-HSA-2408508_P40261	-7.25478	0.00000	0.00000
CID_5311	R-HSA-1430728_R-HSA-71291_R-HSA-351202_R-HSA-350562_P20618	-6.30683	0.00000	0.00000
CID_5311	R-HSA-1430728_R-HSA-71291_R-HSA-351202_R-HSA-350562_P49721	-6.36506	0.00000	0.00000
CID_5311	R-HSA-1430728_R-HSA-71291_R-HSA-351202_R-HSA-350562_P28074	-6.31430	0.00000	0.00000
CID_5311	R-HSA-1430728_R-HSA-71291_R-HSA-351202_R-HSA-350562_P28062	-6.40732	0.00000	0.00000
CID_5311	R-HSA-1430728_R-HSA-71291_R-HSA-351202_R-HSA-350562_P25786	-6.64262	0.00000	0.00000
CID_5311	R-HSA-1430728_R-HSA-71291_R-HSA-351202_R-HSA-350562_Q99460	-6.64214	0.00000	0.00000
CID_5311	R-HSA-1430728_R-HSA-71291_R-HSA-351202_R-HSA-350562_Q13200	-6.64306	0.00000	0.00000
CID_5311	R-HSA-1430728_R-HSA-1428517_R-HSA-163200_R-HSA-163210_P30049	-7.26504	0.00000	0.00000
CID_5311	R-HSA-1430728_R-HSA-1428517_R-HSA-71406_R-HSA-71403_Q02218	-6.93257	0.00000	0.00000
CID_5311	R-HSA-1430728_R-HSA-196854_R-HSA-8978934_R-HSA-1474151_P0DP23	-6.73721	0.00000	0.00000
CID_5311	R-HSA-1430728_R-HSA-196854_R-HSA-8978934_R-HSA-1474151_P29474	-7.31029	0.00000	0.00000
CID_5311	R-HSA-1430728_R-HSA-196854_R-HSA-196849_R-HSA-196780_Q9Y289	-9.76026	0.00000	0.00000
CID_5311	R-HSA-1430728_R-HSA-71387_R-HSA-8982491_R-HSA-70221_P0DP23	-5.44139	0.00000	0.00000
CID_5311	R-HSA-1430728_R-HSA-71387_R-HSA-70326_R-HSA-70263_P11498	-6.75393	0.00000	0.00000
CID_5311	R-HSA-1430728_R-HSA-71387_R-HSA-70326_R-HSA-70263_P00558	-6.95306	0.00000	0.00000
CID_5311	R-HSA-1430728_R-HSA-211859_R-HSA-156580_R-HSA-156588_O60656	-7.99085	0.00000	0.00000
CID_5311	R-HSA-1430728_R-HSA-556833_R-HSA-400206_R-HSA-1989781_P04798	-2.70716	0.00000	0.00000
CID_5311	R-HSA-1430728_R-HSA-556833_R-HSA-400206_R-HSA-1989781_P19793	-2.74633	0.00000	0.00000
CID_5311	R-HSA-1430728_R-HSA-556833_R-HSA-400206_R-HSA-1989781_P35869	-3.09719	0.00000	0.00000
CID_5311	R-HSA-1430728_R-HSA-556833_R-HSA-400206_R-HSA-1989781_O60656	-3.26776	0.00000	0.00000
CID_5311	R-HSA-1430728_R-HSA-556833_R-HSA-400206_R-HSA-1989781_O60427	-3.23734	0.00000	0.00000
CID_5311	R-HSA-1430728_R-HSA-556833_R-HSA-400206_R-HSA-1989781_Q9Y6Q9	-3.93698	0.00000	0.00000
CID_5311	R-HSA-1430728_R-HSA-556833_R-HSA-400206_R-HSA-1989781_O15379	-2.23660	0.00000	0.00000
CID_5311	R-HSA-1430728_R-HSA-556833_R-HSA-400206_R-HSA-1989781_O75376	-2.00489	0.00000	0.00000
CID_5311	R-HSA-1430728_R-HSA-556833_R-HSA-8978868_R-HSA-200425_P19793	-6.44468	0.00000	0.00000
CID_5311	R-HSA-1430728_R-HSA-556833_R-HSA-8978868_R-HSA-200425_O43741	-7.46500	0.00000	0.00000
CID_5311	R-HSA-1430728_R-HSA-1428517_R-HSA-163200_R-HSA-611105_R-HSA-6799198_P19404	-10.85648	0.00000	0.00000
CID_5311	R-HSA-1430728_R-HSA-1428517_R-HSA-163200_R-HSA-611105_R-HSA-6799198_Q16795	-10.85577	0.00000	0.00000
CID_5311	R-HSA-1430728_R-HSA-1428517_R-HSA-163200_R-HSA-611105_R-HSA-6799198_P51970	-10.85723	0.00000	0.00000
CID_5311	R-HSA-1430728_R-HSA-1428517_R-HSA-163200_R-HSA-611105_R-HSA-6799198_O95182	-10.85733	0.00000	0.00000
CID_5311	R-HSA-1430728_R-HSA-1428517_R-HSA-163200_R-HSA-611105_R-HSA-6799198_P56556	-10.85608	0.00000	0.00000
CID_5311	R-HSA-1430728_R-HSA-1428517_R-HSA-163200_R-HSA-611105_R-HSA-6799198_Q16718	-10.85626	0.00000	0.00000
CID_5311	R-HSA-1430728_R-HSA-1428517_R-HSA-163200_R-HSA-611105_R-HSA-6799198_O95167	-10.85607	0.00000	0.00000
CID_5311	R-HSA-1430728_R-HSA-1428517_R-HSA-163200_R-HSA-611105_R-HSA-6799198_O43678	-10.85583	0.00000	0.00000
CID_5311	R-HSA-1430728_R-HSA-1428517_R-HSA-163200_R-HSA-611105_R-HSA-6799198_O15239	-10.85641	0.00000	0.00000
CID_5311	R-HSA-1430728_R-HSA-1428517_R-HSA-163200_R-HSA-611105_R-HSA-6799198_O95299	-10.85603	0.00000	0.00000
CID_5311	R-HSA-1430728_R-HSA-1428517_R-HSA-163200_R-HSA-611105_R-HSA-6799198_O14561	-9.97878	0.00000	0.00000
CID_5311	R-HSA-1430728_R-HSA-1428517_R-HSA-163200_R-HSA-611105_R-HSA-6799198_O75438	-10.85695	0.00000	0.00000
CID_5311	R-HSA-1430728_R-HSA-1428517_R-HSA-163200_R-HSA-611105_R-HSA-6799198_O00217	-10.85618	0.00000	0.00000
CID_5311	R-HSA-1430728_R-HSA-1428517_R-HSA-163200_R-HSA-611105_R-HSA-6799198_O75380	-10.85674	0.00000	0.00000
CID_5311	R-HSA-1430728_R-HSA-1428517_R-HSA-163200_R-HSA-611105_R-HSA-6799198_O43920	-10.85644	0.00000	0.00000
CID_5311	R-HSA-1430728_R-HSA-1428517_R-HSA-163200_R-HSA-611105_R-HSA-6799198_O43181	-10.85578	0.00000	0.00000
CID_5311	R-HSA-1430728_R-HSA-1428517_R-HSA-163200_R-HSA-611105_R-HSA-6799198_P49821	-10.85579	0.00000	0.00000
CID_5311	R-HSA-1430728_R-HSA-1428517_R-HSA-163200_R-HSA-611105_R-HSA-6799198_O75489	-10.85628	0.00000	0.00000
CID_5311	R-HSA-1430728_R-HSA-1428517_R-HSA-163200_R-HSA-611105_R-HSA-6799198_O75306	-10.85707	0.00000	0.00000
CID_5311	R-HSA-1430728_R-HSA-1428517_R-HSA-163200_R-HSA-611105_R-HSA-6799198_P56181	-10.85572	0.00000	0.00000
CID_5311	R-HSA-1430728_R-HSA-1428517_R-HSA-163200_R-HSA-611105_R-HSA-6799198_O95298	-10.85622	0.00000	0.00000
CID_5311	R-HSA-1430728_R-HSA-1428517_R-HSA-163200_R-HSA-611105_R-HSA-6799198_O43677	-10.85606	0.00000	0.00000
CID_5311	R-HSA-1430728_R-HSA-1428517_R-HSA-163200_R-HSA-611105_R-HSA-6799198_O96000	-10.85618	0.00000	0.00000
CID_5311	R-HSA-1430728_R-HSA-1428517_R-HSA-163200_R-HSA-611105_R-HSA-6799198_Q9Y6M9	-10.85632	0.00000	0.00000
CID_5311	R-HSA-1430728_R-HSA-1428517_R-HSA-163200_R-HSA-611105_R-HSA-6799198_O95169	-10.85646	0.00000	0.00000
CID_5311	R-HSA-1430728_R-HSA-1428517_R-HSA-163200_R-HSA-611105_R-HSA-6799198_P17568	-10.85632	0.00000	0.00000
CID_5311	R-HSA-1430728_R-HSA-1428517_R-HSA-163200_R-HSA-611105_R-HSA-6799198_O95139	-10.85640	0.00000	0.00000
CID_5311	R-HSA-1430728_R-HSA-1428517_R-HSA-163200_R-HSA-611105_R-HSA-6799198_O43674	-10.85648	0.00000	0.00000
CID_5311	R-HSA-1430728_R-HSA-1428517_R-HSA-163200_R-HSA-611105_R-HSA-6799198_O95168	-10.85634	0.00000	0.00000
CID_5311	R-HSA-1430728_R-HSA-1428517_R-HSA-163200_R-HSA-611105_R-HSA-6799198_O43676	-10.85592	0.00000	0.00000
CID_5311	R-HSA-1430728_R-HSA-1428517_R-HSA-71406_R-HSA-70268_R-HSA-204174_P19793	-8.65421	0.00000	0.00000
CID_5311	R-HSA-1430728_R-HSA-1428517_R-HSA-71406_R-HSA-70268_R-HSA-204174_P11177	-10.16974	0.00000	0.00000
CID_5311	R-HSA-1430728_R-HSA-556833_R-HSA-8978868_R-HSA-2142753_R-HSA-2162123_Q16647	-10.91732	0.00000	0.00000
CID_5311	R-HSA-1430728_R-HSA-1475029_Q8N1Q1	-3.07830	0.00500	0.04608
CID_5311	R-HSA-1430728_R-HSA-202131_R-HSA-203615_P0DP23	-5.36913	0.00500	0.04608
CID_5311	R-HSA-1430728_R-HSA-163685_R-HSA-163765_P30613	-4.63518	0.00500	0.04608
CID_5311	R-HSA-1430728_R-HSA-163685_R-HSA-163767_P67775	-5.02281	0.00500	0.04608
CID_5311	R-HSA-1430728_R-HSA-163685_R-HSA-422356_R-HSA-400042_Q01668	-5.16903	0.00500	0.04608
CID_5311	R-HSA-1430728_R-HSA-163685_R-HSA-422356_R-HSA-400042_Q08289	-5.61090	0.00500	0.04608
CID_5311	R-HSA-1430728_R-HSA-163685_R-HSA-422356_R-HSA-381676_Q9BQ31	-4.07045	0.00500	0.04608
CID_5311	R-HSA-1430728_R-HSA-196854_R-HSA-6806667_R-HSA-975634_P50120	-11.84579	0.00500	0.04608
CID_5311	R-HSA-1430728_R-HSA-196854_R-HSA-196849_R-HSA-196741_P33527	-8.09924	0.00500	0.04608
CID_5311	R-HSA-1430728_R-HSA-196854_R-HSA-196849_R-HSA-196741_P22033	-7.71795	0.00500	0.04608
CID_5311	R-HSA-1430728_R-HSA-196854_R-HSA-196849_R-HSA-196741_Q9UBK8	-8.32394	0.00500	0.04608
CID_5311	R-HSA-1430728_R-HSA-196854_R-HSA-196849_R-HSA-196741_O60494	-9.51151	0.00500	0.04608
CID_5311	R-HSA-1430728_R-HSA-196854_R-HSA-196849_R-HSA-196780_P11498	-7.31557	0.00500	0.04608
CID_5311	R-HSA-1430728_R-HSA-196854_R-HSA-196849_R-HSA-196757_Q96NT5	-8.23799	0.00500	0.04608
CID_5311	R-HSA-1430728_R-HSA-196854_R-HSA-196849_R-HSA-196757_P41440	-8.32147	0.00500	0.04608
CID_5311	R-HSA-1430728_R-HSA-196854_R-HSA-196849_R-HSA-196757_P34897	-8.83606	0.00500	0.04608
CID_5311	R-HSA-1430728_R-HSA-196854_R-HSA-196849_R-HSA-196757_P34896	-8.83480	0.00500	0.04608
CID_5311	R-HSA-1430728_R-HSA-196854_R-HSA-196849_R-HSA-196836_P78417	-7.38002	0.00500	0.04608
CID_5311	R-HSA-1430728_R-HSA-196854_R-HSA-196849_R-HSA-196836_Q9UHI7	-7.30852	0.00500	0.04608
CID_5311	R-HSA-1430728_R-HSA-71387_R-HSA-8982491_R-HSA-70221_P06737	-8.11932	0.00500	0.04608
CID_5311	R-HSA-1430728_R-HSA-211859_R-HSA-156580_R-HSA-156581_P40261	-8.54875	0.00500	0.04608
CID_5311	R-HSA-1430728_R-HSA-211859_R-HSA-156580_R-HSA-156581_Q9UBK8	-9.25522	0.00500	0.04608
CID_5311	R-HSA-1430728_R-HSA-211859_R-HSA-156580_R-HSA-156581_P78417	-8.85966	0.00500	0.04608
CID_5311	R-HSA-1430728_R-HSA-556833_R-HSA-428157_R-HSA-1660662_Q9Y3R4	-7.02525	0.00500	0.04608
CID_5311	R-HSA-1430728_R-HSA-556833_R-HSA-9018678_R-HSA-2142700_Q16873	-6.72976	0.00500	0.04608
CID_5311	R-HSA-1430728_R-HSA-1428517_R-HSA-163200_R-HSA-611105_R-HSA-6799198_O95178	-10.85675	0.00500	0.04608
CID_5311	R-HSA-1430728_R-HSA-1428517_R-HSA-163200_R-HSA-611105_R-HSA-6799198_P28331	-10.85590	0.00500	0.04608
CID_5311	R-HSA-1430728_R-HSA-196854_R-HSA-196849_R-HSA-196807_R-HSA-197264_P40261	-8.92141	0.00500	0.04608
CID_5311	R-HSA-1430728_R-HSA-196854_R-HSA-196849_R-HSA-196807_R-HSA-197264_Q16647	-9.09718	0.00500	0.04608
CID_5311	R-HSA-1430728_R-HSA-71387_R-HSA-70326_R-HSA-70171_R-HSA-9634600_P62714	-8.55991	0.00500	0.04608
CID_5311	R-HSA-1430728_R-HSA-71387_R-HSA-70326_R-HSA-70171_R-HSA-9634600_P67775	-8.60052	0.00500	0.04608
CID_5311	R-HSA-1430728_R-HSA-211859_R-HSA-211945_R-HSA-211897_R-HSA-211976_P35869	-8.13475	0.00500	0.04608
CID_5311	R-HSA-1430728_R-HSA-211859_R-HSA-211945_R-HSA-211897_R-HSA-211976_Q16647	-8.79127	0.00500	0.04608
CID_5311	R-HSA-1430728_R-HSA-556833_R-HSA-1483257_R-HSA-1483206_R-HSA-1483191_P06276	-10.72547	0.00500	0.04608
CID_5311	R-HSA-1430728_R-HSA-556833_R-HSA-1483257_R-HSA-1483255_R-HSA-1660499_O00750	-10.25032	0.00500	0.04608
CID_5311	R-HSA-1430728_R-HSA-556833_R-HSA-1483257_R-HSA-1483255_R-HSA-1660499_Q8TBX8	-9.49418	0.00500	0.04608
CID_5311	R-HSA-1430728_R-HSA-556833_R-HSA-8978868_R-HSA-2046104_R-HSA-2046106_O60427	-9.75934	0.00500	0.04608
CID_5311	R-HSA-1430728_R-HSA-556833_R-HSA-8978868_R-HSA-2142753_R-HSA-2142670_Q16678	-47.00969	0.00500	0.04608
CID_5311	R-HSA-1430728_R-HSA-556833_R-HSA-8978868_R-HSA-2142753_R-HSA-2142670_P04798	-45.85672	0.00500	0.04608
CID_5311	R-HSA-1430728_R-HSA-556833_R-HSA-8978868_R-HSA-2142753_R-HSA-2142670_P34913	-85.58605	0.00500	0.04608
CID_5311	R-HSA-1430728_R-HSA-556833_R-HSA-8978868_R-HSA-2142753_R-HSA-2142670_P51589	-115.45028	0.00500	0.04608
CID_5311	R-HSA-1430728_R-HSA-556833_R-HSA-8978868_R-HSA-2142753_R-HSA-2142816_Q16678	-10.47699	0.00500	0.04608
CID_5311	R-HSA-1430728_R-HSA-556833_R-HSA-8978868_R-HSA-2142753_R-HSA-2142816_P04798	-9.32403	0.00500	0.04608
CID_5311	R-HSA-1430728_R-HSA-556833_R-HSA-8978868_R-HSA-2142753_R-HSA-2142691_P33527	-10.46925	0.00500	0.04608
CID_5311	R-HSA-1430728_R-HSA-556833_R-HSA-8978868_R-HSA-2142753_R-HSA-2142691_Q16873	-9.97737	0.00500	0.04608
CID_5311	R-HSA-1430728_R-HSA-556833_R-HSA-8978868_R-HSA-2142753_R-HSA-2162123_P16152	-12.52179	0.00500	0.04608
CID_5311	R-HSA-1430728_R-HSA-556833_R-HSA-8978868_R-HSA-2142753_R-HSA-2142688_Q15166	-12.06738	0.00500	0.04608
CID_5311	R-HSA-1430728_R-HSA-556833_R-HSA-8978868_R-HSA-2142753_R-HSA-2142688_Q16873	-10.59962	0.00500	0.04608
CID_5311	R-HSA-1430728_R-HSA-556833_R-HSA-8978868_R-HSA-75105_R-HSA-75876_Q9GZR5	-11.21126	0.00500	0.04608
CID_5311	R-HSA-1430728_R-HSA-556833_R-HSA-8978868_R-HSA-77289_R-HSA-71032_P22033	-9.25351	0.00500	0.04608
CID_5311	R-HSA-74160_R-HSA-73857_R-HSA-212436_R-HSA-8986944_R-HSA-9022692_P0DP23	-5.19607	0.00500	0.04608
CID_5311067	R-HSA-1430728_R-HSA-1483249_R-HSA-1855204_P0DP23	-5.52885	0.00000	0.00000
CID_5311067	R-HSA-1430728_R-HSA-202131_R-HSA-203615_P29474	-5.18847	0.00000	0.00000
CID_5311067	R-HSA-1430728_R-HSA-15869_R-HSA-499943_P04818	-5.69126	0.00000	0.00000
CID_5311067	R-HSA-1430728_R-HSA-71291_R-HSA-389661_Q02218	-5.76612	0.00000	0.00000
CID_5311067	R-HSA-1430728_R-HSA-71291_R-HSA-389661_O14561	-6.72379	0.00000	0.00000
CID_5311067	R-HSA-1430728_R-HSA-71291_R-HSA-389661_P11177	-6.80372	0.00000	0.00000
CID_5311067	R-HSA-1430728_R-HSA-71291_R-HSA-70895_P54687	-5.95072	0.00000	0.00000
CID_5311067	R-HSA-1430728_R-HSA-71291_R-HSA-71288_P48066	-5.97042	0.00000	0.00000
CID_5311067	R-HSA-1430728_R-HSA-71291_R-HSA-70921_P50135	-6.35565	0.00000	0.00000
CID_5311067	R-HSA-1430728_R-HSA-71291_R-HSA-71064_Q02218	-5.72482	0.00000	0.00000
CID_5311067	R-HSA-1430728_R-HSA-15869_R-HSA-8956319_R-HSA-73621_P19971	-7.43645	0.00000	0.00000
CID_5311067	R-HSA-1430728_R-HSA-15869_R-HSA-8956319_R-HSA-73621_Q16831	-7.69268	0.00000	0.00000
CID_5311067	R-HSA-1430728_R-HSA-15869_R-HSA-8956321_R-HSA-74217_P00813	-7.39744	0.00000	0.00000
CID_5311067	R-HSA-1430728_R-HSA-15869_R-HSA-8956321_R-HSA-73614_P19971	-7.77379	0.00000	0.00000
CID_5311067	R-HSA-1430728_R-HSA-15869_R-HSA-8956321_R-HSA-73614_Q16831	-8.03002	0.00000	0.00000
CID_5311067	R-HSA-1430728_R-HSA-163685_R-HSA-422356_R-HSA-400042_Q01668	-4.51373	0.00000	0.00000
CID_5311067	R-HSA-1430728_R-HSA-163685_R-HSA-422356_R-HSA-400042_Q13936	-4.66062	0.00000	0.00000
CID_5311067	R-HSA-1430728_R-HSA-163685_R-HSA-422356_R-HSA-400042_Q9NY47	-4.43150	0.00000	0.00000
CID_5311067	R-HSA-1430728_R-HSA-71291_R-HSA-209776_R-HSA-209931_P17752	-7.16844	0.00000	0.00000
CID_5311067	R-HSA-1430728_R-HSA-71291_R-HSA-2408522_R-HSA-2408557_P39023	-6.96679	0.00000	0.00000
CID_5311067	R-HSA-1430728_R-HSA-71291_R-HSA-2408522_R-HSA-2408508_P50135	-8.29661	0.00000	0.00000
CID_5311067	R-HSA-1430728_R-HSA-71291_R-HSA-2408522_R-HSA-2408508_P40261	-8.15125	0.00000	0.00000
CID_5311067	R-HSA-1430728_R-HSA-71291_R-HSA-351202_R-HSA-350562_P20618	-6.60736	0.00000	0.00000
CID_5311067	R-HSA-1430728_R-HSA-71291_R-HSA-351202_R-HSA-350562_P49721	-6.81264	0.00000	0.00000
CID_5311067	R-HSA-1430728_R-HSA-71291_R-HSA-351202_R-HSA-350562_P28074	-6.57319	0.00000	0.00000
CID_5311067	R-HSA-1430728_R-HSA-71291_R-HSA-351202_R-HSA-350562_P28062	-6.96479	0.00000	0.00000
CID_5311067	R-HSA-1430728_R-HSA-71291_R-HSA-351202_R-HSA-350562_P25786	-7.13586	0.00000	0.00000
CID_5311067	R-HSA-1430728_R-HSA-71291_R-HSA-351202_R-HSA-350562_Q99460	-7.09674	0.00000	0.00000
CID_5311067	R-HSA-1430728_R-HSA-71291_R-HSA-351202_R-HSA-350562_Q13200	-7.16551	0.00000	0.00000
CID_5311067	R-HSA-1430728_R-HSA-1428517_R-HSA-163200_R-HSA-163210_P30049	-8.12932	0.00000	0.00000
CID_5311067	R-HSA-1430728_R-HSA-1428517_R-HSA-71406_R-HSA-71403_Q02218	-7.97513	0.00000	0.00000
CID_5311067	R-HSA-1430728_R-HSA-196854_R-HSA-6806667_R-HSA-975634_O95237	-9.37821	0.00000	0.00000
CID_5311067	R-HSA-1430728_R-HSA-196854_R-HSA-6806667_R-HSA-975634_P02753	-9.47276	0.00000	0.00000
CID_5311067	R-HSA-1430728_R-HSA-196854_R-HSA-6806667_R-HSA-975634_P50120	-9.57381	0.00000	0.00000
CID_5311067	R-HSA-1430728_R-HSA-196854_R-HSA-6806667_R-HSA-975634_P09455	-9.43148	0.00000	0.00000
CID_5311067	R-HSA-1430728_R-HSA-196854_R-HSA-8978934_R-HSA-1474151_P0DP23	-7.49654	0.00000	0.00000
CID_5311067	R-HSA-1430728_R-HSA-196854_R-HSA-8978934_R-HSA-1474151_P29474	-7.71761	0.00000	0.00000
CID_5311067	R-HSA-1430728_R-HSA-196854_R-HSA-196849_R-HSA-196741_P33527	-9.48362	0.00000	0.00000
CID_5311067	R-HSA-1430728_R-HSA-196854_R-HSA-196849_R-HSA-196741_Q9UBK8	-10.57995	0.00000	0.00000
CID_5311067	R-HSA-1430728_R-HSA-196854_R-HSA-196849_R-HSA-196741_O60494	-10.46335	0.00000	0.00000
CID_5311067	R-HSA-1430728_R-HSA-196854_R-HSA-196849_R-HSA-196780_P11498	-8.32669	0.00000	0.00000
CID_5311067	R-HSA-1430728_R-HSA-196854_R-HSA-196849_R-HSA-196780_Q9Y289	-10.71054	0.00000	0.00000
CID_5311067	R-HSA-1430728_R-HSA-196854_R-HSA-196849_R-HSA-196757_Q96NT5	-9.18837	0.00000	0.00000
CID_5311067	R-HSA-1430728_R-HSA-196854_R-HSA-196849_R-HSA-196757_P41440	-9.27248	0.00000	0.00000
CID_5311067	R-HSA-1430728_R-HSA-196854_R-HSA-196849_R-HSA-196757_P34897	-9.78643	0.00000	0.00000
CID_5311067	R-HSA-1430728_R-HSA-196854_R-HSA-196849_R-HSA-196757_P34896	-9.78518	0.00000	0.00000
CID_5311067	R-HSA-1430728_R-HSA-196854_R-HSA-196849_R-HSA-196836_P78417	-8.45089	0.00000	0.00000
CID_5311067	R-HSA-1430728_R-HSA-196854_R-HSA-196849_R-HSA-196836_Q9UHI7	-8.25541	0.00000	0.00000
CID_5311067	R-HSA-1430728_R-HSA-71387_R-HSA-8982491_R-HSA-70221_P0DP23	-6.27390	0.00000	0.00000
CID_5311067	R-HSA-1430728_R-HSA-71387_R-HSA-70326_R-HSA-70263_P11498	-8.00200	0.00000	0.00000
CID_5311067	R-HSA-74160_R-HSA-73857_R-HSA-212436_R-HSA-350054_Q9UBN7	-4.65114	0.00000	0.00000
CID_5311067	R-HSA-74160_R-HSA-73857_R-HSA-212436_R-HSA-383280_P04150	-1.83712	0.00000	0.00000
CID_5311067	R-HSA-74160_R-HSA-73857_R-HSA-212436_R-HSA-383280_P10275	-2.68286	0.00000	0.00000
CID_5311067	R-HSA-74160_R-HSA-73857_R-HSA-212436_R-HSA-383280_P08235	-2.47501	0.00000	0.00000
CID_5311067	R-HSA-74160_R-HSA-73857_R-HSA-212436_R-HSA-383280_P03372	-2.88523	0.00000	0.00000
CID_5311067	R-HSA-74160_R-HSA-73857_R-HSA-212436_R-HSA-383280_P48443	-3.08147	0.00000	0.00000
CID_5311067	R-HSA-74160_R-HSA-73857_R-HSA-212436_R-HSA-383280_P19793	-2.45398	0.00000	0.00000
CID_5311067	R-HSA-74160_R-HSA-73857_R-HSA-212436_R-HSA-383280_P06401	-2.33355	0.00000	0.00000
CID_5311067	R-HSA-74160_R-HSA-73857_R-HSA-212436_R-HSA-383280_P62508	-2.54773	0.00000	0.00000
CID_5311067	R-HSA-74160_R-HSA-73857_R-HSA-212436_R-HSA-383280_P10827	-3.44133	0.00000	0.00000
CID_5311067	R-HSA-74160_R-HSA-73857_R-HSA-212436_R-HSA-383280_P10828	-3.43862	0.00000	0.00000
CID_5311067	R-HSA-74160_R-HSA-73857_R-HSA-212436_R-HSA-383280_P51843	-2.34526	0.00000	0.00000
CID_5311067	R-HSA-74160_R-HSA-73857_R-HSA-212436_R-HSA-383280_O75376	-2.67247	0.00000	0.00000
CID_5311067	R-HSA-1430728_R-HSA-1428517_R-HSA-163200_R-HSA-611105_R-HSA-6799198_P19404	-11.67715	0.00000	0.00000
CID_5311067	R-HSA-1430728_R-HSA-1428517_R-HSA-163200_R-HSA-611105_R-HSA-6799198_Q16795	-11.67644	0.00000	0.00000
CID_5311067	R-HSA-1430728_R-HSA-1428517_R-HSA-163200_R-HSA-611105_R-HSA-6799198_P51970	-11.67787	0.00000	0.00000
CID_5311067	R-HSA-1430728_R-HSA-1428517_R-HSA-163200_R-HSA-611105_R-HSA-6799198_O95182	-11.67796	0.00000	0.00000
CID_5311067	R-HSA-1430728_R-HSA-1428517_R-HSA-163200_R-HSA-611105_R-HSA-6799198_P56556	-11.67675	0.00000	0.00000
CID_5311067	R-HSA-1430728_R-HSA-1428517_R-HSA-163200_R-HSA-611105_R-HSA-6799198_Q16718	-11.67692	0.00000	0.00000
CID_5311067	R-HSA-1430728_R-HSA-1428517_R-HSA-163200_R-HSA-611105_R-HSA-6799198_O95167	-11.67675	0.00000	0.00000
CID_5311067	R-HSA-1430728_R-HSA-1428517_R-HSA-163200_R-HSA-611105_R-HSA-6799198_O43678	-11.67651	0.00000	0.00000
CID_5311067	R-HSA-1430728_R-HSA-1428517_R-HSA-163200_R-HSA-611105_R-HSA-6799198_O15239	-11.67707	0.00000	0.00000
CID_5311067	R-HSA-1430728_R-HSA-1428517_R-HSA-163200_R-HSA-611105_R-HSA-6799198_O95299	-11.67670	0.00000	0.00000
CID_5311067	R-HSA-1430728_R-HSA-1428517_R-HSA-163200_R-HSA-611105_R-HSA-6799198_O14561	-10.82793	0.00000	0.00000
CID_5311067	R-HSA-1430728_R-HSA-1428517_R-HSA-163200_R-HSA-611105_R-HSA-6799198_O75438	-11.67760	0.00000	0.00000
CID_5311067	R-HSA-1430728_R-HSA-1428517_R-HSA-163200_R-HSA-611105_R-HSA-6799198_O95178	-11.67740	0.00000	0.00000
CID_5311067	R-HSA-1430728_R-HSA-1428517_R-HSA-163200_R-HSA-611105_R-HSA-6799198_O00217	-11.67686	0.00000	0.00000
CID_5311067	R-HSA-1430728_R-HSA-1428517_R-HSA-163200_R-HSA-611105_R-HSA-6799198_O75380	-11.67739	0.00000	0.00000
CID_5311067	R-HSA-1430728_R-HSA-1428517_R-HSA-163200_R-HSA-611105_R-HSA-6799198_O43920	-11.67710	0.00000	0.00000
CID_5311067	R-HSA-1430728_R-HSA-1428517_R-HSA-163200_R-HSA-611105_R-HSA-6799198_O43181	-11.67646	0.00000	0.00000
CID_5311067	R-HSA-1430728_R-HSA-1428517_R-HSA-163200_R-HSA-611105_R-HSA-6799198_P49821	-11.67647	0.00000	0.00000
CID_5311067	R-HSA-1430728_R-HSA-1428517_R-HSA-163200_R-HSA-611105_R-HSA-6799198_O75489	-11.67694	0.00000	0.00000
CID_5311067	R-HSA-1430728_R-HSA-1428517_R-HSA-163200_R-HSA-611105_R-HSA-6799198_O75306	-11.67771	0.00000	0.00000
CID_5311067	R-HSA-1430728_R-HSA-1428517_R-HSA-163200_R-HSA-611105_R-HSA-6799198_P56181	-11.67640	0.00000	0.00000
CID_5311067	R-HSA-1430728_R-HSA-1428517_R-HSA-163200_R-HSA-611105_R-HSA-6799198_P28331	-11.67659	0.00000	0.00000
CID_5311067	R-HSA-1430728_R-HSA-1428517_R-HSA-163200_R-HSA-611105_R-HSA-6799198_O95298	-11.67688	0.00000	0.00000
CID_5311067	R-HSA-1430728_R-HSA-1428517_R-HSA-163200_R-HSA-611105_R-HSA-6799198_O43677	-11.67673	0.00000	0.00000
CID_5311067	R-HSA-1430728_R-HSA-1428517_R-HSA-163200_R-HSA-611105_R-HSA-6799198_O96000	-11.67685	0.00000	0.00000
CID_5311067	R-HSA-1430728_R-HSA-1428517_R-HSA-163200_R-HSA-611105_R-HSA-6799198_Q9Y6M9	-11.67698	0.00000	0.00000
CID_5311067	R-HSA-1430728_R-HSA-1428517_R-HSA-163200_R-HSA-611105_R-HSA-6799198_O95169	-11.67712	0.00000	0.00000
CID_5311067	R-HSA-1430728_R-HSA-1428517_R-HSA-163200_R-HSA-611105_R-HSA-6799198_P17568	-11.67699	0.00000	0.00000
CID_5311067	R-HSA-1430728_R-HSA-1428517_R-HSA-163200_R-HSA-611105_R-HSA-6799198_O95139	-11.67706	0.00000	0.00000
CID_5311067	R-HSA-1430728_R-HSA-1428517_R-HSA-163200_R-HSA-611105_R-HSA-6799198_O43674	-11.67715	0.00000	0.00000
CID_5311067	R-HSA-1430728_R-HSA-1428517_R-HSA-163200_R-HSA-611105_R-HSA-6799198_O95168	-11.67700	0.00000	0.00000
CID_5311067	R-HSA-1430728_R-HSA-1428517_R-HSA-163200_R-HSA-611105_R-HSA-6799198_O43676	-11.67659	0.00000	0.00000
CID_5311067	R-HSA-1430728_R-HSA-1428517_R-HSA-71406_R-HSA-70268_R-HSA-204174_P19793	-9.80872	0.00000	0.00000
CID_5311067	R-HSA-1430728_R-HSA-196854_R-HSA-196849_R-HSA-196807_R-HSA-197264_P40261	-9.93015	0.00000	0.00000
CID_5311067	R-HSA-1430728_R-HSA-196854_R-HSA-196849_R-HSA-196807_R-HSA-197264_Q16647	-10.11074	0.00000	0.00000
CID_5311067	R-HSA-74160_R-HSA-73857_R-HSA-212436_R-HSA-8878159_R-HSA-8941858_P20618	-4.46323	0.00000	0.00000
CID_5311067	R-HSA-74160_R-HSA-73857_R-HSA-212436_R-HSA-8878159_R-HSA-8941858_P49721	-4.66852	0.00000	0.00000
CID_5311067	R-HSA-74160_R-HSA-73857_R-HSA-212436_R-HSA-8878159_R-HSA-8941858_P28074	-4.42906	0.00000	0.00000
CID_5311067	R-HSA-74160_R-HSA-73857_R-HSA-212436_R-HSA-8878159_R-HSA-8941858_P28062	-4.82067	0.00000	0.00000
CID_5311067	R-HSA-74160_R-HSA-73857_R-HSA-212436_R-HSA-9614085_R-HSA-9617629_Q96EB6	-6.87138	0.00000	0.00000
CID_5311067	R-HSA-74160_R-HSA-73857_R-HSA-212436_R-HSA-8878166_R-HSA-8939902_P03372	-4.52003	0.00000	0.00000
CID_5311067	R-HSA-74160_R-HSA-73857_R-HSA-212436_R-HSA-8878166_R-HSA-8939902_P20618	-4.07767	0.00000	0.00000
CID_5311067	R-HSA-74160_R-HSA-73857_R-HSA-212436_R-HSA-8878166_R-HSA-8939902_P49721	-4.28295	0.00000	0.00000
CID_5311067	R-HSA-74160_R-HSA-73857_R-HSA-212436_R-HSA-8878166_R-HSA-8939902_P28074	-4.04349	0.00000	0.00000
CID_5311067	R-HSA-74160_R-HSA-73857_R-HSA-212436_R-HSA-8878166_R-HSA-8939902_P28062	-4.43510	0.00000	0.00000
CID_5311067	R-HSA-74160_R-HSA-73857_R-HSA-212436_R-HSA-3700989_R-HSA-5633008_R-HSA-6803204_P04637	-11.26034	0.00000	0.00000
CID_5311067	R-HSA-1430728_R-HSA-202131_R-HSA-203615_P0DP23	-4.96740	0.00500	0.04608
CID_5311067	R-HSA-1430728_R-HSA-163685_R-HSA-163767_P62714	-5.67911	0.00500	0.04608
CID_5311067	R-HSA-1430728_R-HSA-163685_R-HSA-422356_R-HSA-400042_Q08289	-4.95556	0.00500	0.04608
CID_5311067	R-HSA-1430728_R-HSA-163685_R-HSA-422356_R-HSA-381676_Q9BQ31	-3.46225	0.00500	0.04608
CID_5311067	R-HSA-74160_R-HSA-73857_R-HSA-212436_R-HSA-350054_O75376	-3.99057	0.00500	0.04608
CID_5311067	R-HSA-1430728_R-HSA-1428517_R-HSA-71406_R-HSA-70268_R-HSA-204174_P11177	-11.24694	0.00500	0.04608
CID_5311067	R-HSA-1430728_R-HSA-71387_R-HSA-70326_R-HSA-70171_R-HSA-9634600_P62714	-9.91983	0.00500	0.04608
CID_5311067	R-HSA-1430728_R-HSA-71387_R-HSA-70326_R-HSA-70171_R-HSA-9634600_P67775	-10.22130	0.00500	0.04608
CID_5311067	R-HSA-74160_R-HSA-73857_R-HSA-212436_R-HSA-8878159_R-HSA-8941855_P04637	-5.29916	0.00500	0.04608
CID_5311067	R-HSA-74160_R-HSA-73857_R-HSA-212436_R-HSA-8878159_R-HSA-8941858_P25786	-4.99174	0.00500	0.04608
CID_5311067	R-HSA-74160_R-HSA-73857_R-HSA-212436_R-HSA-8878159_R-HSA-8941858_Q99460	-4.95262	0.00500	0.04608
CID_5311067	R-HSA-74160_R-HSA-73857_R-HSA-212436_R-HSA-8878159_R-HSA-8941858_Q13200	-5.02139	0.00500	0.04608
CID_5311067	R-HSA-74160_R-HSA-73857_R-HSA-212436_R-HSA-8878171_R-HSA-8939236_P20618	-6.16436	0.00500	0.04608
CID_5311067	R-HSA-74160_R-HSA-73857_R-HSA-212436_R-HSA-8878171_R-HSA-8939236_P49721	-6.36964	0.00500	0.04608
CID_5311067	R-HSA-74160_R-HSA-73857_R-HSA-212436_R-HSA-8878171_R-HSA-8939236_P28074	-6.13019	0.00500	0.04608
CID_5311067	R-HSA-74160_R-HSA-73857_R-HSA-212436_R-HSA-8878171_R-HSA-8939236_P28062	-6.52179	0.00500	0.04608
CID_5311067	R-HSA-74160_R-HSA-73857_R-HSA-212436_R-HSA-8878171_R-HSA-8931987_P03372	-6.41487	0.00500	0.04608
CID_5311067	R-HSA-74160_R-HSA-73857_R-HSA-212436_R-HSA-8878166_R-HSA-8939902_P04150	-3.47192	0.00500	0.04608
CID_5311067	R-HSA-74160_R-HSA-73857_R-HSA-212436_R-HSA-8878166_R-HSA-8939902_P25786	-4.60617	0.00500	0.04608
CID_5311067	R-HSA-74160_R-HSA-73857_R-HSA-212436_R-HSA-8878166_R-HSA-8939902_Q99460	-4.56705	0.00500	0.04608
CID_5311067	R-HSA-74160_R-HSA-73857_R-HSA-212436_R-HSA-8878166_R-HSA-8939902_Q13200	-4.63582	0.00500	0.04608
CID_5311067	R-HSA-74160_R-HSA-73857_R-HSA-212436_R-HSA-8878166_R-HSA-8941326_R-HSA-8940973_Q9UBN7	-8.04610	0.00500	0.04608
CID_5311067	R-HSA-74160_R-HSA-73857_R-HSA-212436_R-HSA-3700989_R-HSA-5633008_R-HSA-6803207_P04637	-10.71141	0.00500	0.04608
CID_5311067	R-HSA-74160_R-HSA-73857_R-HSA-212436_R-HSA-3700989_R-HSA-5633008_R-HSA-6803211_P04637	-11.00108	0.00500	0.04608
CID_5311067	R-HSA-74160_R-HSA-73857_R-HSA-212436_R-HSA-3700989_R-HSA-6791312_R-HSA-6804115_P04637	-7.51113	0.00500	0.04608
CID_53232	R-HSA-1430728_R-HSA-1475029_Q8N1Q1	-2.43629	0.00000	0.00000
CID_53232	R-HSA-1430728_R-HSA-1483249_R-HSA-1855204_P0DP23	-4.32451	0.00000	0.00000
CID_53232	R-HSA-1430728_R-HSA-202131_R-HSA-203615_P0DP23	-4.61714	0.00000	0.00000
CID_53232	R-HSA-1430728_R-HSA-202131_R-HSA-203615_P29474	-5.12509	0.00000	0.00000
CID_53232	R-HSA-1430728_R-HSA-2161522_R-HSA-2161517_P08183	-5.09452	0.00000	0.00000
CID_53232	R-HSA-1430728_R-HSA-2161522_R-HSA-2161517_O15245	-5.15034	0.00000	0.00000
CID_53232	R-HSA-1430728_R-HSA-15869_R-HSA-499943_P04818	-4.20949	0.00000	0.00000
CID_53232	R-HSA-1430728_R-HSA-163685_R-HSA-163767_P62714	-4.16503	0.00000	0.00000
CID_53232	R-HSA-1430728_R-HSA-71291_R-HSA-389661_Q02218	-4.09940	0.00000	0.00000
CID_53232	R-HSA-1430728_R-HSA-71291_R-HSA-389661_O14561	-5.09228	0.00000	0.00000
CID_53232	R-HSA-1430728_R-HSA-71291_R-HSA-70895_P24752	-4.64619	0.00000	0.00000
CID_53232	R-HSA-1430728_R-HSA-71291_R-HSA-70895_P54687	-4.32247	0.00000	0.00000
CID_53232	R-HSA-1430728_R-HSA-71291_R-HSA-71288_P48066	-4.37849	0.00000	0.00000
CID_53232	R-HSA-1430728_R-HSA-71291_R-HSA-70921_P50135	-4.71792	0.00000	0.00000
CID_53232	R-HSA-1430728_R-HSA-71291_R-HSA-71064_Q02218	-4.05863	0.00000	0.00000
CID_53232	R-HSA-1430728_R-HSA-15869_R-HSA-8956319_R-HSA-73621_P19971	-5.70851	0.00000	0.00000
CID_53232	R-HSA-1430728_R-HSA-15869_R-HSA-8956321_R-HSA-73614_P19971	-6.11952	0.00000	0.00000
CID_53232	R-HSA-1430728_R-HSA-15869_R-HSA-8956321_R-HSA-73614_Q16831	-6.37522	0.00000	0.00000
CID_53232	R-HSA-1430728_R-HSA-163685_R-HSA-422356_R-HSA-400042_Q01668	-4.17680	0.00000	0.00000
CID_53232	R-HSA-1430728_R-HSA-163685_R-HSA-422356_R-HSA-400042_Q13936	-4.32378	0.00000	0.00000
CID_53232	R-HSA-1430728_R-HSA-163685_R-HSA-422356_R-HSA-400042_Q9NY47	-4.09463	0.00000	0.00000
CID_53232	R-HSA-1430728_R-HSA-163685_R-HSA-422356_R-HSA-400042_Q08289	-4.61868	0.00000	0.00000
CID_53232	R-HSA-1430728_R-HSA-71291_R-HSA-209776_R-HSA-209931_P17752	-5.36550	0.00000	0.00000
CID_53232	R-HSA-1430728_R-HSA-71291_R-HSA-2408522_R-HSA-2408557_P39023	-5.08805	0.00000	0.00000
CID_53232	R-HSA-1430728_R-HSA-71291_R-HSA-2408522_R-HSA-2408508_P50135	-6.42382	0.00000	0.00000
CID_53232	R-HSA-1430728_R-HSA-71291_R-HSA-2408522_R-HSA-2408508_P40261	-6.26255	0.00000	0.00000
CID_53232	R-HSA-1430728_R-HSA-71291_R-HSA-351202_R-HSA-350562_P20618	-5.18702	0.00000	0.00000
CID_53232	R-HSA-1430728_R-HSA-71291_R-HSA-351202_R-HSA-350562_P49721	-5.41263	0.00000	0.00000
CID_53232	R-HSA-1430728_R-HSA-71291_R-HSA-351202_R-HSA-350562_P28074	-5.15243	0.00000	0.00000
CID_53232	R-HSA-1430728_R-HSA-71291_R-HSA-351202_R-HSA-350562_P28062	-5.67430	0.00000	0.00000
CID_53232	R-HSA-1430728_R-HSA-71291_R-HSA-351202_R-HSA-350562_P25786	-5.61494	0.00000	0.00000
CID_53232	R-HSA-1430728_R-HSA-71291_R-HSA-351202_R-HSA-350562_Q99460	-5.58058	0.00000	0.00000
CID_53232	R-HSA-1430728_R-HSA-71291_R-HSA-351202_R-HSA-350562_Q13200	-5.64035	0.00000	0.00000
CID_53232	R-HSA-1430728_R-HSA-1428517_R-HSA-163200_R-HSA-163210_P30049	-6.27282	0.00000	0.00000
CID_53232	R-HSA-1430728_R-HSA-1428517_R-HSA-71406_R-HSA-71403_Q02218	-5.94034	0.00000	0.00000
CID_53232	R-HSA-1430728_R-HSA-196854_R-HSA-8978934_R-HSA-1474151_P0DP23	-5.81011	0.00000	0.00000
CID_53232	R-HSA-1430728_R-HSA-196854_R-HSA-8978934_R-HSA-1474151_P29474	-6.31807	0.00000	0.00000
CID_53232	R-HSA-1430728_R-HSA-196854_R-HSA-196849_R-HSA-196741_P33527	-7.10537	0.00000	0.00000
CID_53232	R-HSA-1430728_R-HSA-196854_R-HSA-196849_R-HSA-196741_P22033	-6.72381	0.00000	0.00000
CID_53232	R-HSA-1430728_R-HSA-196854_R-HSA-196849_R-HSA-196741_Q9UBK8	-7.26452	0.00000	0.00000
CID_53232	R-HSA-1430728_R-HSA-196854_R-HSA-196849_R-HSA-196741_O60494	-8.51929	0.00000	0.00000
CID_53232	R-HSA-1430728_R-HSA-196854_R-HSA-196849_R-HSA-196780_P11498	-6.32335	0.00000	0.00000
CID_53232	R-HSA-1430728_R-HSA-196854_R-HSA-196849_R-HSA-196780_Q9Y289	-8.76803	0.00000	0.00000
CID_53232	R-HSA-1430728_R-HSA-196854_R-HSA-196849_R-HSA-196757_Q96NT5	-7.24576	0.00000	0.00000
CID_53232	R-HSA-1430728_R-HSA-196854_R-HSA-196849_R-HSA-196757_P41440	-7.32924	0.00000	0.00000
CID_53232	R-HSA-1430728_R-HSA-196854_R-HSA-196849_R-HSA-196757_P34897	-7.84383	0.00000	0.00000
CID_53232	R-HSA-1430728_R-HSA-196854_R-HSA-196849_R-HSA-196757_P34896	-7.84257	0.00000	0.00000
CID_53232	R-HSA-1430728_R-HSA-196854_R-HSA-196849_R-HSA-196836_P78417	-6.36364	0.00000	0.00000
CID_53232	R-HSA-1430728_R-HSA-196854_R-HSA-196849_R-HSA-196836_Q9UHI7	-6.31630	0.00000	0.00000
CID_53232	R-HSA-1430728_R-HSA-71387_R-HSA-8982491_R-HSA-70221_P0DP23	-4.51429	0.00000	0.00000
CID_53232	R-HSA-1430728_R-HSA-71387_R-HSA-8982491_R-HSA-70221_P06737	-7.12709	0.00000	0.00000
CID_53232	R-HSA-1430728_R-HSA-71387_R-HSA-70326_R-HSA-70263_P11498	-5.76170	0.00000	0.00000
CID_53232	R-HSA-1430728_R-HSA-71387_R-HSA-70326_R-HSA-70263_P00558	-5.96084	0.00000	0.00000
CID_53232	R-HSA-1430728_R-HSA-211859_R-HSA-156580_R-HSA-156581_P40261	-7.78878	0.00000	0.00000
CID_53232	R-HSA-1430728_R-HSA-211859_R-HSA-156580_R-HSA-156581_P78417	-8.07554	0.00000	0.00000
CID_53232	R-HSA-1430728_R-HSA-556833_R-HSA-400206_R-HSA-1989781_P04798	-1.03378	0.00000	0.00000
CID_53232	R-HSA-1430728_R-HSA-556833_R-HSA-400206_R-HSA-1989781_P19793	-1.08370	0.00000	0.00000
CID_53232	R-HSA-1430728_R-HSA-556833_R-HSA-400206_R-HSA-1989781_P35869	-1.41145	0.00000	0.00000
CID_53232	R-HSA-1430728_R-HSA-556833_R-HSA-400206_R-HSA-1989781_P04035	-0.21830	0.00000	0.00000
CID_53232	R-HSA-1430728_R-HSA-556833_R-HSA-400206_R-HSA-1989781_O60656	-1.59677	0.00000	0.00000
CID_53232	R-HSA-1430728_R-HSA-556833_R-HSA-400206_R-HSA-1989781_O60427	-1.57019	0.00000	0.00000
CID_53232	R-HSA-1430728_R-HSA-556833_R-HSA-400206_R-HSA-1989781_Q9Y6Q9	-2.31923	0.00000	0.00000
CID_53232	R-HSA-1430728_R-HSA-556833_R-HSA-428157_R-HSA-1660662_Q9Y3R4	-5.76718	0.00000	0.00000
CID_53232	R-HSA-1430728_R-HSA-556833_R-HSA-74182_R-HSA-77111_P24752	-7.05203	0.00000	0.00000
CID_53232	R-HSA-1430728_R-HSA-556833_R-HSA-9018678_R-HSA-2142700_Q16873	-5.47162	0.00000	0.00000
CID_53232	R-HSA-1430728_R-HSA-556833_R-HSA-8978868_R-HSA-200425_P19793	-5.13807	0.00000	0.00000
CID_53232	R-HSA-1430728_R-HSA-556833_R-HSA-8978868_R-HSA-200425_O43741	-6.25967	0.00000	0.00000
CID_53232	R-HSA-1430728_R-HSA-556833_R-HSA-8957322_R-HSA-196791_Q6VVX0	-5.53201	0.00000	0.00000
CID_53232	R-HSA-1430728_R-HSA-556833_R-HSA-8957322_R-HSA-196791_P02774	-5.53187	0.00000	0.00000
CID_53232	R-HSA-1430728_R-HSA-556833_R-HSA-8957322_R-HSA-196791_O60494	-6.76178	0.00000	0.00000
CID_53232	R-HSA-1430728_R-HSA-556833_R-HSA-8957322_R-HSA-191273_P04035	-1.59778	0.00000	0.00000
CID_53232	R-HSA-1430728_R-HSA-1428517_R-HSA-163200_R-HSA-611105_R-HSA-6799198_P19404	-9.68914	0.00000	0.00000
CID_53232	R-HSA-1430728_R-HSA-1428517_R-HSA-163200_R-HSA-611105_R-HSA-6799198_Q16795	-9.68843	0.00000	0.00000
CID_53232	R-HSA-1430728_R-HSA-1428517_R-HSA-163200_R-HSA-611105_R-HSA-6799198_P51970	-9.68989	0.00000	0.00000
CID_53232	R-HSA-1430728_R-HSA-1428517_R-HSA-163200_R-HSA-611105_R-HSA-6799198_O95182	-9.68999	0.00000	0.00000
CID_53232	R-HSA-1430728_R-HSA-1428517_R-HSA-163200_R-HSA-611105_R-HSA-6799198_P56556	-9.68874	0.00000	0.00000
CID_53232	R-HSA-1430728_R-HSA-1428517_R-HSA-163200_R-HSA-611105_R-HSA-6799198_Q16718	-9.68893	0.00000	0.00000
CID_53232	R-HSA-1430728_R-HSA-1428517_R-HSA-163200_R-HSA-611105_R-HSA-6799198_O95167	-9.68874	0.00000	0.00000
CID_53232	R-HSA-1430728_R-HSA-1428517_R-HSA-163200_R-HSA-611105_R-HSA-6799198_O43678	-9.68849	0.00000	0.00000
CID_53232	R-HSA-1430728_R-HSA-1428517_R-HSA-163200_R-HSA-611105_R-HSA-6799198_O15239	-9.68907	0.00000	0.00000
CID_53232	R-HSA-1430728_R-HSA-1428517_R-HSA-163200_R-HSA-611105_R-HSA-6799198_O95299	-9.68869	0.00000	0.00000
CID_53232	R-HSA-1430728_R-HSA-1428517_R-HSA-163200_R-HSA-611105_R-HSA-6799198_O14561	-8.81144	0.00000	0.00000
CID_53232	R-HSA-1430728_R-HSA-1428517_R-HSA-163200_R-HSA-611105_R-HSA-6799198_O75438	-9.68961	0.00000	0.00000
CID_53232	R-HSA-1430728_R-HSA-1428517_R-HSA-163200_R-HSA-611105_R-HSA-6799198_O95178	-9.68941	0.00000	0.00000
CID_53232	R-HSA-1430728_R-HSA-1428517_R-HSA-163200_R-HSA-611105_R-HSA-6799198_O00217	-9.68884	0.00000	0.00000
CID_53232	R-HSA-1430728_R-HSA-1428517_R-HSA-163200_R-HSA-611105_R-HSA-6799198_O75380	-9.68940	0.00000	0.00000
CID_53232	R-HSA-1430728_R-HSA-1428517_R-HSA-163200_R-HSA-611105_R-HSA-6799198_O43920	-9.68910	0.00000	0.00000
CID_53232	R-HSA-1430728_R-HSA-1428517_R-HSA-163200_R-HSA-611105_R-HSA-6799198_O43181	-9.68844	0.00000	0.00000
CID_53232	R-HSA-1430728_R-HSA-1428517_R-HSA-163200_R-HSA-611105_R-HSA-6799198_P49821	-9.68845	0.00000	0.00000
CID_53232	R-HSA-1430728_R-HSA-1428517_R-HSA-163200_R-HSA-611105_R-HSA-6799198_O75489	-9.68894	0.00000	0.00000
CID_53232	R-HSA-1430728_R-HSA-1428517_R-HSA-163200_R-HSA-611105_R-HSA-6799198_O75306	-9.68973	0.00000	0.00000
CID_53232	R-HSA-1430728_R-HSA-1428517_R-HSA-163200_R-HSA-611105_R-HSA-6799198_P56181	-9.68838	0.00000	0.00000
CID_53232	R-HSA-1430728_R-HSA-1428517_R-HSA-163200_R-HSA-611105_R-HSA-6799198_P28331	-9.68856	0.00000	0.00000
CID_53232	R-HSA-1430728_R-HSA-1428517_R-HSA-163200_R-HSA-611105_R-HSA-6799198_O95298	-9.68888	0.00000	0.00000
CID_53232	R-HSA-1430728_R-HSA-1428517_R-HSA-163200_R-HSA-611105_R-HSA-6799198_O43677	-9.68872	0.00000	0.00000
CID_53232	R-HSA-1430728_R-HSA-1428517_R-HSA-163200_R-HSA-611105_R-HSA-6799198_O96000	-9.68884	0.00000	0.00000
CID_53232	R-HSA-1430728_R-HSA-1428517_R-HSA-163200_R-HSA-611105_R-HSA-6799198_Q9Y6M9	-9.68898	0.00000	0.00000
CID_53232	R-HSA-1430728_R-HSA-1428517_R-HSA-163200_R-HSA-611105_R-HSA-6799198_O95169	-9.68912	0.00000	0.00000
CID_53232	R-HSA-1430728_R-HSA-1428517_R-HSA-163200_R-HSA-611105_R-HSA-6799198_P17568	-9.68898	0.00000	0.00000
CID_53232	R-HSA-1430728_R-HSA-1428517_R-HSA-163200_R-HSA-611105_R-HSA-6799198_O95139	-9.68906	0.00000	0.00000
CID_53232	R-HSA-1430728_R-HSA-1428517_R-HSA-163200_R-HSA-611105_R-HSA-6799198_O43674	-9.68914	0.00000	0.00000
CID_53232	R-HSA-1430728_R-HSA-1428517_R-HSA-163200_R-HSA-611105_R-HSA-6799198_O95168	-9.68900	0.00000	0.00000
CID_53232	R-HSA-1430728_R-HSA-1428517_R-HSA-163200_R-HSA-611105_R-HSA-6799198_O43676	-9.68858	0.00000	0.00000
CID_53232	R-HSA-1430728_R-HSA-1428517_R-HSA-71406_R-HSA-70268_R-HSA-204174_P19793	-7.43592	0.00000	0.00000
CID_53232	R-HSA-1430728_R-HSA-1428517_R-HSA-71406_R-HSA-70268_R-HSA-204174_P11177	-9.00240	0.00000	0.00000
CID_53232	R-HSA-1430728_R-HSA-196854_R-HSA-196849_R-HSA-196807_R-HSA-197264_P40261	-7.75407	0.00000	0.00000
CID_53232	R-HSA-1430728_R-HSA-196854_R-HSA-196849_R-HSA-196807_R-HSA-197264_Q16647	-7.92984	0.00000	0.00000
CID_53232	R-HSA-1430728_R-HSA-556833_R-HSA-1483257_R-HSA-1483206_R-HSA-1483191_P22303	-9.95431	0.00000	0.00000
CID_53232	R-HSA-1430728_R-HSA-556833_R-HSA-1483257_R-HSA-1483206_R-HSA-1482788_P47712	-8.50431	0.00000	0.00000
CID_53232	R-HSA-1430728_R-HSA-556833_R-HSA-1483257_R-HSA-1483206_R-HSA-1482798_P47712	-8.96912	0.00000	0.00000
CID_53232	R-HSA-1430728_R-HSA-556833_R-HSA-1483257_R-HSA-1483206_R-HSA-1482801_P47712	-8.39433	0.00000	0.00000
CID_53232	R-HSA-1430728_R-HSA-556833_R-HSA-1483257_R-HSA-1483206_R-HSA-1482839_P47712	-8.30097	0.00000	0.00000
CID_53232	R-HSA-1430728_R-HSA-556833_R-HSA-1483257_R-HSA-1483206_R-HSA-1482922_P47712	-8.41868	0.00000	0.00000
CID_53232	R-HSA-1430728_R-HSA-556833_R-HSA-1483257_R-HSA-1483206_R-HSA-1482925_P47712	-7.96082	0.00000	0.00000
CID_53232	R-HSA-1430728_R-HSA-556833_R-HSA-1483257_R-HSA-1483206_R-HSA-1483166_P47712	-8.09995	0.00000	0.00000
CID_53232	R-HSA-1430728_R-HSA-556833_R-HSA-1483257_R-HSA-1483206_R-HSA-1483213_Q99447	-8.46796	0.00000	0.00000
CID_53232	R-HSA-1430728_R-HSA-556833_R-HSA-1483257_R-HSA-1483255_R-HSA-1660499_O00750	-8.81489	0.00000	0.00000
CID_53232	R-HSA-1430728_R-HSA-556833_R-HSA-1483257_R-HSA-1483255_R-HSA-1660499_Q8TBX8	-8.04578	0.00000	0.00000
CID_53232	R-HSA-1430728_R-HSA-556833_R-HSA-1483257_R-HSA-1483255_R-HSA-1660514_Q9UBF8	-9.10126	0.00000	0.00000
CID_53232	R-HSA-1430728_R-HSA-556833_R-HSA-8978868_R-HSA-2046104_R-HSA-2046106_O60427	-8.27084	0.00000	0.00000
CID_53232	R-HSA-1430728_R-HSA-556833_R-HSA-8978868_R-HSA-2046104_R-HSA-2046106_O95864	-9.69882	0.00000	0.00000
CID_53232	R-HSA-1430728_R-HSA-556833_R-HSA-8978868_R-HSA-2142753_R-HSA-2142670_Q16678	-45.57434	0.00000	0.00000
CID_53232	R-HSA-1430728_R-HSA-556833_R-HSA-8978868_R-HSA-2142753_R-HSA-2142670_P04798	-44.36454	0.00000	0.00000
CID_53232	R-HSA-1430728_R-HSA-556833_R-HSA-8978868_R-HSA-2142753_R-HSA-2142816_Q16678	-9.04194	0.00000	0.00000
CID_53232	R-HSA-1430728_R-HSA-556833_R-HSA-8978868_R-HSA-2142753_R-HSA-2142816_P04798	-7.83214	0.00000	0.00000
CID_53232	R-HSA-1430728_R-HSA-556833_R-HSA-8978868_R-HSA-2142753_R-HSA-2142691_P33527	-9.03702	0.00000	0.00000
CID_53232	R-HSA-1430728_R-HSA-556833_R-HSA-8978868_R-HSA-2142753_R-HSA-2142691_Q16873	-8.54481	0.00000	0.00000
CID_53232	R-HSA-1430728_R-HSA-556833_R-HSA-8978868_R-HSA-2142753_R-HSA-2162123_P16152	-11.08587	0.00000	0.00000
CID_53232	R-HSA-1430728_R-HSA-556833_R-HSA-8978868_R-HSA-2142753_R-HSA-2162123_Q16647	-9.48592	0.00000	0.00000
CID_53232	R-HSA-1430728_R-HSA-556833_R-HSA-8978868_R-HSA-390918_R-HSA-389599_O14832	-8.60328	0.00000	0.00000
CID_53232	R-HSA-1430728_R-HSA-556833_R-HSA-8978868_R-HSA-75105_R-HSA-75876_Q9GZR5	-9.77639	0.00000	0.00000
CID_53232	R-HSA-1430728_R-HSA-556833_R-HSA-8978868_R-HSA-77289_R-HSA-71032_P05165	-13.42073	0.00000	0.00000
CID_53232	R-HSA-1430728_R-HSA-556833_R-HSA-8978868_R-HSA-77289_R-HSA-71032_P22033	-7.81905	0.00000	0.00000
CID_53232	R-HSA-1430728_R-HSA-556833_R-HSA-8957322_R-HSA-1655829_R-HSA-2426168_P19793	-4.59814	0.00000	0.00000
CID_53232	R-HSA-1430728_R-HSA-556833_R-HSA-8957322_R-HSA-1655829_R-HSA-2426168_P04035	-3.73274	0.00000	0.00000
CID_53232	R-HSA-1430728_R-HSA-163685_R-HSA-163680_O43741	-4.64931	0.00500	0.04608
CID_53232	R-HSA-1430728_R-HSA-163685_R-HSA-163765_P30613	-3.81806	0.00500	0.04608
CID_53232	R-HSA-1430728_R-HSA-163685_R-HSA-163767_P67775	-4.20328	0.00500	0.04608
CID_53232	R-HSA-1430728_R-HSA-71291_R-HSA-389661_P11177	-5.16776	0.00500	0.04608
CID_53232	R-HSA-1430728_R-HSA-211859_R-HSA-5423646_P10620	-6.38003	0.00500	0.04608
CID_53232	R-HSA-1430728_R-HSA-211859_R-HSA-5423646_O14880	-6.36958	0.00500	0.04608
CID_53232	R-HSA-1430728_R-HSA-15869_R-HSA-8956319_R-HSA-73621_Q16831	-5.96421	0.00500	0.04608
CID_53232	R-HSA-1430728_R-HSA-15869_R-HSA-8956321_R-HSA-74217_P00813	-5.77940	0.00500	0.04608
CID_53232	R-HSA-1430728_R-HSA-163685_R-HSA-422356_R-HSA-381676_Q9BQ31	-3.07822	0.00500	0.04608
CID_53232	R-HSA-1430728_R-HSA-196854_R-HSA-196849_R-HSA-196780_P05165	-12.09158	0.00500	0.04608
CID_53232	R-HSA-1430728_R-HSA-211859_R-HSA-211945_R-HSA-8937144_P35869	-6.65308	0.00500	0.04608
CID_53232	R-HSA-1430728_R-HSA-211859_R-HSA-156580_R-HSA-156581_Q9UBK8	-8.42806	0.00500	0.04608
CID_53232	R-HSA-1430728_R-HSA-71387_R-HSA-70326_R-HSA-70171_R-HSA-9634600_P62714	-7.39252	0.00500	0.04608
CID_53232	R-HSA-1430728_R-HSA-71387_R-HSA-70326_R-HSA-70171_R-HSA-9634600_P67775	-7.43076	0.00500	0.04608
CID_53232	R-HSA-1430728_R-HSA-211859_R-HSA-211945_R-HSA-211897_R-HSA-211976_Q16678	-7.75036	0.00500	0.04608
CID_53232	R-HSA-1430728_R-HSA-211859_R-HSA-211945_R-HSA-211897_R-HSA-211976_P19793	-6.59047	0.00500	0.04608
CID_53232	R-HSA-1430728_R-HSA-211859_R-HSA-211945_R-HSA-211897_R-HSA-211976_P35869	-6.91822	0.00500	0.04608
CID_53232	R-HSA-1430728_R-HSA-211859_R-HSA-211945_R-HSA-211897_R-HSA-211976_Q16647	-7.64879	0.00500	0.04608
CID_53232	R-HSA-1430728_R-HSA-556833_R-HSA-1483257_R-HSA-1483206_R-HSA-1483191_P06276	-9.29009	0.00500	0.04608
CID_53232	R-HSA-1430728_R-HSA-556833_R-HSA-8978868_R-HSA-2142753_R-HSA-2142670_P34913	-84.15196	0.00500	0.04608
CID_53232	R-HSA-1430728_R-HSA-556833_R-HSA-8978868_R-HSA-2142753_R-HSA-2142691_P13584	-9.01435	0.00500	0.04608
CID_53232	R-HSA-1430728_R-HSA-556833_R-HSA-8978868_R-HSA-2142753_R-HSA-2142688_Q16873	-9.21881	0.00500	0.04608
CID_5324346	R-HSA-162582_R-HSA-372790_R-HSA-388396_R-HSA-418597_P05771	-6.68750	0.00000	0.00000
CID_5324346	R-HSA-162582_R-HSA-372790_R-HSA-388396_R-HSA-418597_P17252	-6.75702	0.00000	0.00000
CID_5324346	R-HSA-162582_R-HSA-372790_R-HSA-388396_R-HSA-416482_P35348	-7.07104	0.00000	0.00000
CID_5324346	R-HSA-162582_R-HSA-372790_R-HSA-388396_R-HSA-397795_R-HSA-392451_O15530	-8.66915	0.00000	0.00000
CID_5324346	R-HSA-162582_R-HSA-372790_R-HSA-500792_R-HSA-373076_R-HSA-375280_R-HSA-390666_P50406	-6.67122	0.00000	0.00000
CID_5324346	R-HSA-162582_R-HSA-372790_R-HSA-500792_R-HSA-373076_R-HSA-375280_R-HSA-390666_P28566	-8.13715	0.00000	0.00000
CID_5324346	R-HSA-162582_R-HSA-372790_R-HSA-500792_R-HSA-373076_R-HSA-391903_R-HSA-391908_P43088	-10.82272	0.00000	0.00000
CID_5324346	R-HSA-162582_R-HSA-372790_R-HSA-388396_R-HSA-416476_R-HSA-881907_R-HSA-2179392_P17252	-10.80169	0.00000	0.00000
CID_5324346	R-HSA-162582_R-HSA-372790_R-HSA-388396_R-HSA-418594_R-HSA-2187338_R-HSA-2187335_O75911	-13.36324	0.00000	0.00000
CID_5324346	R-HSA-162582_R-HSA-372790_R-HSA-388396_R-HSA-418594_R-HSA-2187338_R-HSA-2187335_P12271	-12.79113	0.00000	0.00000
CID_5324346	R-HSA-162582_R-HSA-372790_R-HSA-388396_R-HSA-418594_R-HSA-2187338_R-HSA-2187335_P10745	-12.78592	0.00000	0.00000
CID_5324346	R-HSA-162582_R-HSA-372790_R-HSA-388396_R-HSA-418594_R-HSA-2187338_R-HSA-2453902_O95237	-11.76044	0.00000	0.00000
CID_5324346	R-HSA-162582_R-HSA-372790_R-HSA-388396_R-HSA-418594_R-HSA-2187338_R-HSA-2453902_P12271	-12.03131	0.00000	0.00000
CID_5324346	R-HSA-162582_R-HSA-372790_R-HSA-388396_R-HSA-418594_R-HSA-2187338_R-HSA-2453902_Q92781	-12.29028	0.00000	0.00000
CID_5324346	R-HSA-162582_R-HSA-372790_R-HSA-388396_R-HSA-418594_R-HSA-2187338_R-HSA-2453902_P02753	-11.83241	0.00000	0.00000
CID_5324346	R-HSA-162582_R-HSA-372790_R-HSA-388396_R-HSA-418594_R-HSA-2187338_R-HSA-2453902_P10745	-12.02610	0.00000	0.00000
CID_5324346	R-HSA-162582_R-HSA-372790_R-HSA-388396_R-HSA-418594_R-HSA-2187338_R-HSA-2453902_P09455	-11.78943	0.00000	0.00000
CID_5324346	R-HSA-162582_R-HSA-372790_R-HSA-388396_R-HSA-418594_R-HSA-2187338_R-HSA-975634_O95237	-11.86625	0.00000	0.00000
CID_5324346	R-HSA-162582_R-HSA-372790_R-HSA-388396_R-HSA-418594_R-HSA-2187338_R-HSA-975634_P02753	-11.93821	0.00000	0.00000
CID_5324346	R-HSA-162582_R-HSA-372790_R-HSA-388396_R-HSA-418594_R-HSA-2187338_R-HSA-975634_P50120	-12.36031	0.00000	0.00000
CID_5324346	R-HSA-162582_R-HSA-372790_R-HSA-388396_R-HSA-418594_R-HSA-2187338_R-HSA-975634_P09455	-11.89524	0.00000	0.00000
CID_5324346	R-HSA-162582_R-HSA-372790_R-HSA-388396_R-HSA-418594_R-HSA-111885_R-HSA-202040_P01189	-11.55894	0.00000	0.00000
CID_5324346	R-HSA-162582_R-HSA-372790_R-HSA-388396_R-HSA-418594_R-HSA-2187338_R-HSA-2514856_R-HSA-2514859_P50579	-11.75385	0.00000	0.00000
CID_5324346	R-HSA-162582_R-HSA-372790_R-HSA-388396_R-HSA-418594_R-HSA-2187338_R-HSA-2514856_R-HSA-2514859_P17252	-11.66730	0.00000	0.00000
CID_5324346	R-HSA-162582_R-HSA-372790_R-HSA-388396_R-HSA-418594_R-HSA-2187338_R-HSA-2514856_R-HSA-2514859_P35913	-12.54355	0.00000	0.00000
CID_5324346	R-HSA-162582_R-HSA-372790_R-HSA-388396_R-HSA-418594_R-HSA-2187338_R-HSA-2514856_R-HSA-2485179_P35913	-13.51256	0.00000	0.00000
CID_5324346	R-HSA-162582_R-HSA-2586552_P40763	-6.17932	0.00500	0.04608
CID_5324346	R-HSA-162582_R-HSA-372790_R-HSA-500792_R-HSA-373080_R-HSA-420092_Q02643	-7.02324	0.00500	0.04608
CID_5324346	R-HSA-162582_R-HSA-372790_R-HSA-500792_R-HSA-373076_R-HSA-375281_P30968	-6.73325	0.00500	0.04608
CID_5324346	R-HSA-162582_R-HSA-372790_R-HSA-500792_R-HSA-373076_R-HSA-375276_R-HSA-380108_P10145	-8.42076	0.00500	0.04608
CID_5324346	R-HSA-162582_R-HSA-372790_R-HSA-500792_R-HSA-373076_R-HSA-391903_R-HSA-391908_P43116	-9.44730	0.00500	0.04608
CID_5340	R-HSA-162582_R-HSA-372790_R-HSA-388396_R-HSA-418597_P05771	-5.68384	0.00000	0.00000
CID_5340	R-HSA-162582_R-HSA-372790_R-HSA-388396_R-HSA-418597_P17252	-5.75336	0.00000	0.00000
CID_5340	R-HSA-162582_R-HSA-372790_R-HSA-388396_R-HSA-416482_P35348	-6.06738	0.00000	0.00000
CID_5340	R-HSA-162582_R-HSA-372790_R-HSA-500792_R-HSA-373080_R-HSA-420092_Q02643	-5.81886	0.00000	0.00000
CID_5340	R-HSA-162582_R-HSA-372790_R-HSA-500792_R-HSA-373076_R-HSA-375281_P30968	-5.52886	0.00000	0.00000
CID_5340	R-HSA-162582_R-HSA-372790_R-HSA-388396_R-HSA-397795_R-HSA-392451_O15530	-7.46476	0.00000	0.00000
CID_5340	R-HSA-162582_R-HSA-372790_R-HSA-500792_R-HSA-373076_R-HSA-375276_R-HSA-380108_P10145	-7.01565	0.00000	0.00000
CID_5340	R-HSA-162582_R-HSA-372790_R-HSA-500792_R-HSA-373076_R-HSA-375280_R-HSA-390666_P50406	-5.26611	0.00000	0.00000
CID_5340	R-HSA-162582_R-HSA-372790_R-HSA-500792_R-HSA-373076_R-HSA-391903_R-HSA-391908_P43088	-9.41761	0.00000	0.00000
CID_5340	R-HSA-162582_R-HSA-372790_R-HSA-500792_R-HSA-373076_R-HSA-391903_R-HSA-391908_P43116	-8.04219	0.00000	0.00000
CID_5340	R-HSA-162582_R-HSA-372790_R-HSA-388396_R-HSA-416476_R-HSA-881907_R-HSA-2179392_P17252	-9.39658	0.00000	0.00000
CID_5340	R-HSA-162582_R-HSA-372790_R-HSA-388396_R-HSA-418594_R-HSA-2187338_R-HSA-2187335_O75911	-11.95813	0.00000	0.00000
CID_5340	R-HSA-162582_R-HSA-372790_R-HSA-388396_R-HSA-418594_R-HSA-2187338_R-HSA-2187335_P12271	-11.38602	0.00000	0.00000
CID_5340	R-HSA-162582_R-HSA-372790_R-HSA-388396_R-HSA-418594_R-HSA-2187338_R-HSA-2187335_P10745	-11.38080	0.00000	0.00000
CID_5340	R-HSA-162582_R-HSA-372790_R-HSA-388396_R-HSA-418594_R-HSA-2187338_R-HSA-2453902_O95237	-10.36276	0.00000	0.00000
CID_5340	R-HSA-162582_R-HSA-372790_R-HSA-388396_R-HSA-418594_R-HSA-2187338_R-HSA-2453902_P12271	-10.62619	0.00000	0.00000
CID_5340	R-HSA-162582_R-HSA-372790_R-HSA-388396_R-HSA-418594_R-HSA-2187338_R-HSA-2453902_Q92781	-10.88516	0.00000	0.00000
CID_5340	R-HSA-162582_R-HSA-372790_R-HSA-388396_R-HSA-418594_R-HSA-2187338_R-HSA-2453902_P02753	-10.43437	0.00000	0.00000
CID_5340	R-HSA-162582_R-HSA-372790_R-HSA-388396_R-HSA-418594_R-HSA-2187338_R-HSA-2453902_P10745	-10.62098	0.00000	0.00000
CID_5340	R-HSA-162582_R-HSA-372790_R-HSA-388396_R-HSA-418594_R-HSA-2187338_R-HSA-2453902_P09455	-10.39137	0.00000	0.00000
CID_5340	R-HSA-162582_R-HSA-372790_R-HSA-388396_R-HSA-418594_R-HSA-2187338_R-HSA-975634_O95237	-10.48207	0.00000	0.00000
CID_5340	R-HSA-162582_R-HSA-372790_R-HSA-388396_R-HSA-418594_R-HSA-2187338_R-HSA-975634_P02753	-10.55368	0.00000	0.00000
CID_5340	R-HSA-162582_R-HSA-372790_R-HSA-388396_R-HSA-418594_R-HSA-2187338_R-HSA-975634_P50120	-10.98320	0.00000	0.00000
CID_5340	R-HSA-162582_R-HSA-372790_R-HSA-388396_R-HSA-418594_R-HSA-2187338_R-HSA-975634_P09455	-10.51068	0.00000	0.00000
CID_5340	R-HSA-162582_R-HSA-372790_R-HSA-388396_R-HSA-418594_R-HSA-111885_R-HSA-202040_P01189	-10.15383	0.00000	0.00000
CID_5340	R-HSA-162582_R-HSA-372790_R-HSA-388396_R-HSA-418594_R-HSA-2187338_R-HSA-2514856_R-HSA-2514859_P50579	-10.14801	0.00000	0.00000
CID_5340	R-HSA-162582_R-HSA-372790_R-HSA-388396_R-HSA-418594_R-HSA-2187338_R-HSA-2514856_R-HSA-2514859_P17252	-10.06145	0.00000	0.00000
CID_5340	R-HSA-162582_R-HSA-372790_R-HSA-388396_R-HSA-418594_R-HSA-2187338_R-HSA-2514856_R-HSA-2514859_P35913	-10.93771	0.00000	0.00000
CID_5340	R-HSA-162582_R-HSA-372790_R-HSA-388396_R-HSA-418594_R-HSA-2187338_R-HSA-2514856_R-HSA-2485179_P35913	-11.90671	0.00000	0.00000
CID_5340	R-HSA-162582_R-HSA-2586552_P40763	-5.57713	0.00500	0.04608
CID_5340	R-HSA-162582_R-HSA-372790_R-HSA-500792_R-HSA-373076_R-HSA-375280_R-HSA-390666_P28566	-6.73203	0.00500	0.04608
CID_5355	R-HSA-162582_R-HSA-372790_R-HSA-388396_R-HSA-418597_P05771	-7.96182	0.00000	0.00000
CID_5355	R-HSA-162582_R-HSA-372790_R-HSA-388396_R-HSA-416476_R-HSA-881907_R-HSA-2179392_P17252	-12.58575	0.00000	0.00000
CID_5355	R-HSA-162582_R-HSA-372790_R-HSA-388396_R-HSA-418594_R-HSA-2187338_R-HSA-2187335_P12271	-14.57519	0.00000	0.00000
CID_5355	R-HSA-162582_R-HSA-372790_R-HSA-388396_R-HSA-418594_R-HSA-2187338_R-HSA-2187335_P10745	-14.56998	0.00000	0.00000
CID_5355	R-HSA-162582_R-HSA-372790_R-HSA-388396_R-HSA-418594_R-HSA-2187338_R-HSA-2453902_O95237	-13.53988	0.00000	0.00000
CID_5355	R-HSA-162582_R-HSA-372790_R-HSA-388396_R-HSA-418594_R-HSA-2187338_R-HSA-2453902_P12271	-13.81537	0.00000	0.00000
CID_5355	R-HSA-162582_R-HSA-372790_R-HSA-388396_R-HSA-418594_R-HSA-2187338_R-HSA-2453902_P10745	-13.81016	0.00000	0.00000
CID_5355	R-HSA-162582_R-HSA-372790_R-HSA-388396_R-HSA-418594_R-HSA-2187338_R-HSA-975634_O95237	-13.63741	0.00000	0.00000
CID_5355	R-HSA-162582_R-HSA-372790_R-HSA-388396_R-HSA-418597_P17252	-8.03134	0.00500	0.04608
CID_5355	R-HSA-162582_R-HSA-372790_R-HSA-500792_R-HSA-373076_R-HSA-375281_P30968	-8.26244	0.00500	0.04608
CID_5355	R-HSA-162582_R-HSA-372790_R-HSA-388396_R-HSA-397795_R-HSA-392451_O15530	-10.19834	0.00500	0.04608
CID_5355	R-HSA-162582_R-HSA-372790_R-HSA-500792_R-HSA-373076_R-HSA-375276_R-HSA-380108_P10145	-10.20482	0.00500	0.04608
CID_5355	R-HSA-162582_R-HSA-372790_R-HSA-500792_R-HSA-373076_R-HSA-375280_R-HSA-390666_P50406	-8.45528	0.00500	0.04608
CID_5355	R-HSA-162582_R-HSA-372790_R-HSA-500792_R-HSA-373076_R-HSA-391903_R-HSA-391908_P43088	-12.60678	0.00500	0.04608
CID_5355	R-HSA-162582_R-HSA-372790_R-HSA-500792_R-HSA-373076_R-HSA-391903_R-HSA-391908_P43116	-11.23136	0.00500	0.04608
CID_5355	R-HSA-162582_R-HSA-372790_R-HSA-388396_R-HSA-418594_R-HSA-2187338_R-HSA-2187335_O75911	-15.14730	0.00500	0.04608
CID_5355	R-HSA-162582_R-HSA-372790_R-HSA-388396_R-HSA-418594_R-HSA-2187338_R-HSA-2453902_P02753	-13.61207	0.00500	0.04608
CID_5355	R-HSA-162582_R-HSA-372790_R-HSA-388396_R-HSA-418594_R-HSA-2187338_R-HSA-2453902_P09455	-13.56911	0.00500	0.04608
CID_5355	R-HSA-162582_R-HSA-372790_R-HSA-388396_R-HSA-418594_R-HSA-2187338_R-HSA-975634_P02753	-13.70960	0.00500	0.04608
CID_5355	R-HSA-162582_R-HSA-372790_R-HSA-388396_R-HSA-418594_R-HSA-2187338_R-HSA-975634_P50120	-14.12719	0.00500	0.04608
CID_5355	R-HSA-162582_R-HSA-372790_R-HSA-388396_R-HSA-418594_R-HSA-2187338_R-HSA-975634_P09455	-13.66664	0.00500	0.04608
CID_5355	R-HSA-162582_R-HSA-372790_R-HSA-388396_R-HSA-418594_R-HSA-111885_R-HSA-202040_P01189	-13.34300	0.00500	0.04608
CID_5355	R-HSA-162582_R-HSA-372790_R-HSA-388396_R-HSA-418594_R-HSA-2187338_R-HSA-2514856_R-HSA-2514859_P50579	-13.79278	0.00500	0.04608
CID_5355	R-HSA-162582_R-HSA-372790_R-HSA-388396_R-HSA-418594_R-HSA-2187338_R-HSA-2514856_R-HSA-2514859_P17252	-13.70622	0.00500	0.04608
CID_5355	R-HSA-162582_R-HSA-372790_R-HSA-388396_R-HSA-418594_R-HSA-2187338_R-HSA-2514856_R-HSA-2514859_P35913	-14.58248	0.00500	0.04608
CID_5355	R-HSA-162582_R-HSA-372790_R-HSA-388396_R-HSA-418594_R-HSA-2187338_R-HSA-2514856_R-HSA-2485179_P35913	-15.55148	0.00500	0.04608
CID_5359476	R-HSA-162582_R-HSA-372790_R-HSA-388396_R-HSA-418597_P05771	-7.90775	0.00000	0.00000
CID_5359476	R-HSA-162582_R-HSA-372790_R-HSA-388396_R-HSA-416476_R-HSA-881907_R-HSA-2179392_P17252	-12.51005	0.00000	0.00000
CID_5359476	R-HSA-162582_R-HSA-372790_R-HSA-388396_R-HSA-418594_R-HSA-2187338_R-HSA-2187335_P12271	-14.49948	0.00000	0.00000
CID_5359476	R-HSA-162582_R-HSA-372790_R-HSA-388396_R-HSA-418594_R-HSA-2187338_R-HSA-2187335_P10745	-14.49427	0.00000	0.00000
CID_5359476	R-HSA-162582_R-HSA-372790_R-HSA-388396_R-HSA-418594_R-HSA-2187338_R-HSA-2453902_O95237	-13.46415	0.00000	0.00000
CID_5359476	R-HSA-162582_R-HSA-372790_R-HSA-388396_R-HSA-418594_R-HSA-2187338_R-HSA-2453902_P12271	-13.73966	0.00000	0.00000
CID_5359476	R-HSA-162582_R-HSA-372790_R-HSA-388396_R-HSA-418594_R-HSA-2187338_R-HSA-2453902_P10745	-13.73445	0.00000	0.00000
CID_5359476	R-HSA-162582_R-HSA-372790_R-HSA-388396_R-HSA-418594_R-HSA-2187338_R-HSA-975634_O95237	-13.56163	0.00000	0.00000
CID_5359476	R-HSA-162582_R-HSA-372790_R-HSA-388396_R-HSA-418597_P17252	-7.97727	0.00500	0.04608
CID_5359476	R-HSA-162582_R-HSA-372790_R-HSA-500792_R-HSA-373076_R-HSA-375281_P30968	-8.19755	0.00500	0.04608
CID_5359476	R-HSA-162582_R-HSA-372790_R-HSA-388396_R-HSA-397795_R-HSA-392451_O15530	-10.13345	0.00500	0.04608
CID_5359476	R-HSA-162582_R-HSA-372790_R-HSA-500792_R-HSA-373076_R-HSA-375276_R-HSA-380108_P10145	-10.12912	0.00500	0.04608
CID_5359476	R-HSA-162582_R-HSA-372790_R-HSA-500792_R-HSA-373076_R-HSA-375280_R-HSA-390666_P50406	-8.37958	0.00500	0.04608
CID_5359476	R-HSA-162582_R-HSA-372790_R-HSA-500792_R-HSA-373076_R-HSA-391903_R-HSA-391908_P43088	-12.53108	0.00500	0.04608
CID_5359476	R-HSA-162582_R-HSA-372790_R-HSA-500792_R-HSA-373076_R-HSA-391903_R-HSA-391908_P43116	-11.15566	0.00500	0.04608
CID_5359476	R-HSA-162582_R-HSA-372790_R-HSA-388396_R-HSA-418594_R-HSA-2187338_R-HSA-2187335_O75911	-15.07159	0.00500	0.04608
CID_5359476	R-HSA-162582_R-HSA-372790_R-HSA-388396_R-HSA-418594_R-HSA-2187338_R-HSA-2453902_P02753	-13.53634	0.00500	0.04608
CID_5359476	R-HSA-162582_R-HSA-372790_R-HSA-388396_R-HSA-418594_R-HSA-2187338_R-HSA-2453902_P09455	-13.49338	0.00500	0.04608
CID_5359476	R-HSA-162582_R-HSA-372790_R-HSA-388396_R-HSA-418594_R-HSA-2187338_R-HSA-975634_P02753	-13.63382	0.00500	0.04608
CID_5359476	R-HSA-162582_R-HSA-372790_R-HSA-388396_R-HSA-418594_R-HSA-2187338_R-HSA-975634_P50120	-14.05139	0.00500	0.04608
CID_5359476	R-HSA-162582_R-HSA-372790_R-HSA-388396_R-HSA-418594_R-HSA-2187338_R-HSA-975634_P09455	-13.59086	0.00500	0.04608
CID_5359476	R-HSA-162582_R-HSA-372790_R-HSA-388396_R-HSA-418594_R-HSA-111885_R-HSA-202040_P01189	-13.26730	0.00500	0.04608
CID_5359476	R-HSA-162582_R-HSA-372790_R-HSA-388396_R-HSA-418594_R-HSA-2187338_R-HSA-2514856_R-HSA-2514859_P50579	-13.70626	0.00500	0.04608
CID_5359476	R-HSA-162582_R-HSA-372790_R-HSA-388396_R-HSA-418594_R-HSA-2187338_R-HSA-2514856_R-HSA-2514859_P17252	-13.61970	0.00500	0.04608
CID_5359476	R-HSA-162582_R-HSA-372790_R-HSA-388396_R-HSA-418594_R-HSA-2187338_R-HSA-2514856_R-HSA-2514859_P35913	-14.49596	0.00500	0.04608
CID_5359476	R-HSA-162582_R-HSA-372790_R-HSA-388396_R-HSA-418594_R-HSA-2187338_R-HSA-2514856_R-HSA-2485179_P35913	-15.46496	0.00500	0.04608
CID_5361	R-HSA-162582_R-HSA-372790_R-HSA-388396_R-HSA-418597_P05771	-6.64777	0.00000	0.00000
CID_5361	R-HSA-162582_R-HSA-372790_R-HSA-388396_R-HSA-418597_P17252	-6.69732	0.00000	0.00000
CID_5361	R-HSA-162582_R-HSA-372790_R-HSA-388396_R-HSA-397795_R-HSA-392451_O15530	-8.59404	0.00000	0.00000
CID_5361	R-HSA-162582_R-HSA-372790_R-HSA-500792_R-HSA-373076_R-HSA-375280_R-HSA-390666_P50406	-6.60697	0.00000	0.00000
CID_5361	R-HSA-162582_R-HSA-372790_R-HSA-500792_R-HSA-373076_R-HSA-391903_R-HSA-391908_P43088	-10.75397	0.00000	0.00000
CID_5361	R-HSA-162582_R-HSA-372790_R-HSA-388396_R-HSA-416476_R-HSA-881907_R-HSA-2179392_P17252	-10.71021	0.00000	0.00000
CID_5361	R-HSA-162582_R-HSA-372790_R-HSA-388396_R-HSA-418594_R-HSA-2187338_R-HSA-2187335_O75911	-13.27151	0.00000	0.00000
CID_5361	R-HSA-162582_R-HSA-372790_R-HSA-388396_R-HSA-418594_R-HSA-2187338_R-HSA-2187335_P12271	-12.69945	0.00000	0.00000
CID_5361	R-HSA-162582_R-HSA-372790_R-HSA-388396_R-HSA-418594_R-HSA-2187338_R-HSA-2187335_P10745	-12.69424	0.00000	0.00000
CID_5361	R-HSA-162582_R-HSA-372790_R-HSA-388396_R-HSA-418594_R-HSA-2187338_R-HSA-2453902_O95237	-11.66465	0.00000	0.00000
CID_5361	R-HSA-162582_R-HSA-372790_R-HSA-388396_R-HSA-418594_R-HSA-2187338_R-HSA-2453902_P12271	-11.93963	0.00000	0.00000
CID_5361	R-HSA-162582_R-HSA-372790_R-HSA-388396_R-HSA-418594_R-HSA-2187338_R-HSA-2453902_Q92781	-12.19857	0.00000	0.00000
CID_5361	R-HSA-162582_R-HSA-372790_R-HSA-388396_R-HSA-418594_R-HSA-2187338_R-HSA-2453902_P02753	-11.73681	0.00000	0.00000
CID_5361	R-HSA-162582_R-HSA-372790_R-HSA-388396_R-HSA-418594_R-HSA-2187338_R-HSA-2453902_P10745	-11.93441	0.00000	0.00000
CID_5361	R-HSA-162582_R-HSA-372790_R-HSA-388396_R-HSA-418594_R-HSA-2187338_R-HSA-2453902_P09455	-11.69385	0.00000	0.00000
CID_5361	R-HSA-162582_R-HSA-372790_R-HSA-388396_R-HSA-418594_R-HSA-2187338_R-HSA-975634_O95237	-11.76308	0.00000	0.00000
CID_5361	R-HSA-162582_R-HSA-372790_R-HSA-388396_R-HSA-418594_R-HSA-2187338_R-HSA-975634_P02753	-11.83525	0.00000	0.00000
CID_5361	R-HSA-162582_R-HSA-372790_R-HSA-388396_R-HSA-418594_R-HSA-2187338_R-HSA-975634_P50120	-12.25334	0.00000	0.00000
CID_5361	R-HSA-162582_R-HSA-372790_R-HSA-388396_R-HSA-418594_R-HSA-2187338_R-HSA-975634_P09455	-11.79229	0.00000	0.00000
CID_5361	R-HSA-162582_R-HSA-372790_R-HSA-388396_R-HSA-418594_R-HSA-111885_R-HSA-202040_P01189	-11.46723	0.00000	0.00000
CID_5361	R-HSA-162582_R-HSA-372790_R-HSA-388396_R-HSA-418594_R-HSA-2187338_R-HSA-2514856_R-HSA-2514859_P17252	-11.55965	0.00000	0.00000
CID_5361	R-HSA-162582_R-HSA-372790_R-HSA-388396_R-HSA-418594_R-HSA-2187338_R-HSA-2514856_R-HSA-2514859_P35913	-12.43588	0.00000	0.00000
CID_5361	R-HSA-162582_R-HSA-372790_R-HSA-388396_R-HSA-418594_R-HSA-2187338_R-HSA-2514856_R-HSA-2485179_P35913	-13.40488	0.00000	0.00000
CID_5361	R-HSA-162582_R-HSA-2586552_P40763	-6.14102	0.00500	0.04608
CID_5361	R-HSA-162582_R-HSA-372790_R-HSA-388396_R-HSA-416482_P35348	-7.01329	0.00500	0.04608
CID_5361	R-HSA-162582_R-HSA-372790_R-HSA-500792_R-HSA-373076_R-HSA-375281_P30968	-6.68687	0.00500	0.04608
CID_5361	R-HSA-162582_R-HSA-372790_R-HSA-500792_R-HSA-373076_R-HSA-375276_R-HSA-380108_P10145	-8.35197	0.00500	0.04608
CID_5361	R-HSA-162582_R-HSA-372790_R-HSA-500792_R-HSA-373076_R-HSA-375280_R-HSA-390666_P28566	-8.07289	0.00500	0.04608
CID_5361	R-HSA-162582_R-HSA-372790_R-HSA-500792_R-HSA-373076_R-HSA-391903_R-HSA-391908_P43116	-9.37850	0.00500	0.04608
CID_5361	R-HSA-162582_R-HSA-372790_R-HSA-388396_R-HSA-418594_R-HSA-2187338_R-HSA-2514856_R-HSA-2514859_P50579	-11.64618	0.00500	0.04608
CID_5381	R-HSA-1430728_R-HSA-1483249_R-HSA-1855204_P0DP23	-4.37978	0.00000	0.00000
CID_5381	R-HSA-1430728_R-HSA-202131_R-HSA-203615_P29474	-5.17309	0.00000	0.00000
CID_5381	R-HSA-1430728_R-HSA-15869_R-HSA-499943_P04818	-4.25748	0.00000	0.00000
CID_5381	R-HSA-1430728_R-HSA-163685_R-HSA-163765_P30613	-3.86606	0.00000	0.00000
CID_5381	R-HSA-1430728_R-HSA-163685_R-HSA-163767_P62714	-4.21301	0.00000	0.00000
CID_5381	R-HSA-1430728_R-HSA-71291_R-HSA-389661_Q02218	-4.14739	0.00000	0.00000
CID_5381	R-HSA-1430728_R-HSA-71291_R-HSA-389661_O14561	-5.14027	0.00000	0.00000
CID_5381	R-HSA-1430728_R-HSA-71291_R-HSA-389661_P11177	-5.21575	0.00000	0.00000
CID_5381	R-HSA-1430728_R-HSA-71291_R-HSA-70895_P24752	-4.69581	0.00000	0.00000
CID_5381	R-HSA-1430728_R-HSA-71291_R-HSA-70895_P54687	-4.37046	0.00000	0.00000
CID_5381	R-HSA-1430728_R-HSA-71291_R-HSA-71288_P48066	-4.42649	0.00000	0.00000
CID_5381	R-HSA-1430728_R-HSA-71291_R-HSA-70921_P50135	-4.76591	0.00000	0.00000
CID_5381	R-HSA-1430728_R-HSA-71291_R-HSA-71064_Q02218	-4.10663	0.00000	0.00000
CID_5381	R-HSA-1430728_R-HSA-15869_R-HSA-8956319_R-HSA-73621_P19971	-5.72799	0.00000	0.00000
CID_5381	R-HSA-1430728_R-HSA-15869_R-HSA-8956319_R-HSA-73621_Q16831	-5.98369	0.00000	0.00000
CID_5381	R-HSA-1430728_R-HSA-15869_R-HSA-8956321_R-HSA-73614_P19971	-6.13899	0.00000	0.00000
CID_5381	R-HSA-1430728_R-HSA-163685_R-HSA-422356_R-HSA-400042_Q01668	-4.19628	0.00000	0.00000
CID_5381	R-HSA-1430728_R-HSA-163685_R-HSA-422356_R-HSA-400042_Q13936	-4.34326	0.00000	0.00000
CID_5381	R-HSA-1430728_R-HSA-163685_R-HSA-422356_R-HSA-400042_Q9NY47	-4.11410	0.00000	0.00000
CID_5381	R-HSA-1430728_R-HSA-163685_R-HSA-422356_R-HSA-400042_Q08289	-4.63815	0.00000	0.00000
CID_5381	R-HSA-1430728_R-HSA-71291_R-HSA-209776_R-HSA-209931_P17752	-5.38497	0.00000	0.00000
CID_5381	R-HSA-1430728_R-HSA-71291_R-HSA-2408522_R-HSA-2408557_P39023	-5.10752	0.00000	0.00000
CID_5381	R-HSA-1430728_R-HSA-71291_R-HSA-2408522_R-HSA-2408508_P50135	-6.44330	0.00000	0.00000
CID_5381	R-HSA-1430728_R-HSA-71291_R-HSA-2408522_R-HSA-2408508_P40261	-6.28202	0.00000	0.00000
CID_5381	R-HSA-1430728_R-HSA-71291_R-HSA-351202_R-HSA-350562_P20618	-4.88827	0.00000	0.00000
CID_5381	R-HSA-1430728_R-HSA-71291_R-HSA-351202_R-HSA-350562_P49721	-5.10644	0.00000	0.00000
CID_5381	R-HSA-1430728_R-HSA-71291_R-HSA-351202_R-HSA-350562_P28074	-4.85163	0.00000	0.00000
CID_5381	R-HSA-1430728_R-HSA-71291_R-HSA-351202_R-HSA-350562_P28062	-5.33136	0.00000	0.00000
CID_5381	R-HSA-1430728_R-HSA-71291_R-HSA-351202_R-HSA-350562_P25786	-5.36693	0.00000	0.00000
CID_5381	R-HSA-1430728_R-HSA-71291_R-HSA-351202_R-HSA-350562_Q99460	-5.32982	0.00000	0.00000
CID_5381	R-HSA-1430728_R-HSA-71291_R-HSA-351202_R-HSA-350562_Q13200	-5.39531	0.00000	0.00000
CID_5381	R-HSA-1430728_R-HSA-196854_R-HSA-8978934_R-HSA-1474151_P0DP23	-5.83687	0.00000	0.00000
CID_5381	R-HSA-1430728_R-HSA-196854_R-HSA-8978934_R-HSA-1474151_P29474	-6.33754	0.00000	0.00000
CID_5381	R-HSA-1430728_R-HSA-196854_R-HSA-196849_R-HSA-196741_P33527	-7.12721	0.00000	0.00000
CID_5381	R-HSA-1430728_R-HSA-196854_R-HSA-196849_R-HSA-196741_P22033	-6.74682	0.00000	0.00000
CID_5381	R-HSA-1430728_R-HSA-196854_R-HSA-196849_R-HSA-196741_Q9UBK8	-7.35118	0.00000	0.00000
CID_5381	R-HSA-1430728_R-HSA-196854_R-HSA-196849_R-HSA-196780_P11498	-6.34282	0.00000	0.00000
CID_5381	R-HSA-1430728_R-HSA-196854_R-HSA-196849_R-HSA-196780_Q9Y289	-8.78751	0.00000	0.00000
CID_5381	R-HSA-1430728_R-HSA-196854_R-HSA-196849_R-HSA-196757_Q96NT5	-7.26524	0.00000	0.00000
CID_5381	R-HSA-1430728_R-HSA-196854_R-HSA-196849_R-HSA-196757_P41440	-7.34871	0.00000	0.00000
CID_5381	R-HSA-1430728_R-HSA-196854_R-HSA-196849_R-HSA-196757_P34897	-7.86330	0.00000	0.00000
CID_5381	R-HSA-1430728_R-HSA-196854_R-HSA-196849_R-HSA-196757_P34896	-7.86205	0.00000	0.00000
CID_5381	R-HSA-1430728_R-HSA-196854_R-HSA-196849_R-HSA-196836_P78417	-6.40727	0.00000	0.00000
CID_5381	R-HSA-1430728_R-HSA-196854_R-HSA-196849_R-HSA-196836_Q9UHI7	-6.33577	0.00000	0.00000
CID_5381	R-HSA-1430728_R-HSA-71387_R-HSA-8982491_R-HSA-70221_P0DP23	-4.54105	0.00000	0.00000
CID_5381	R-HSA-1430728_R-HSA-71387_R-HSA-70326_R-HSA-70263_P11498	-5.78118	0.00000	0.00000
CID_5381	R-HSA-1430728_R-HSA-211859_R-HSA-211945_R-HSA-8937144_P35869	-6.76495	0.00000	0.00000
CID_5381	R-HSA-1430728_R-HSA-556833_R-HSA-400206_R-HSA-1989781_P04798	-2.25248	0.00000	0.00000
CID_5381	R-HSA-1430728_R-HSA-556833_R-HSA-400206_R-HSA-1989781_P28702	-1.76840	0.00000	0.00000
CID_5381	R-HSA-1430728_R-HSA-556833_R-HSA-400206_R-HSA-1989781_P19793	-2.21312	0.00000	0.00000
CID_5381	R-HSA-1430728_R-HSA-556833_R-HSA-400206_R-HSA-1989781_P35869	-2.60371	0.00000	0.00000
CID_5381	R-HSA-1430728_R-HSA-556833_R-HSA-400206_R-HSA-1989781_O60656	-2.82322	0.00000	0.00000
CID_5381	R-HSA-1430728_R-HSA-556833_R-HSA-400206_R-HSA-1989781_O60427	-2.77288	0.00000	0.00000
CID_5381	R-HSA-1430728_R-HSA-556833_R-HSA-400206_R-HSA-1989781_Q9Y6Q9	-3.38901	0.00000	0.00000
CID_5381	R-HSA-1430728_R-HSA-556833_R-HSA-400206_R-HSA-1989781_O75376	-2.91519	0.00000	0.00000
CID_5381	R-HSA-1430728_R-HSA-556833_R-HSA-8978868_R-HSA-200425_P19793	-5.61926	0.00000	0.00000
CID_5381	R-HSA-1430728_R-HSA-556833_R-HSA-8978868_R-HSA-200425_O43741	-6.64655	0.00000	0.00000
CID_5381	R-HSA-74160_R-HSA-73857_R-HSA-212436_R-HSA-350054_Q9UKV0	-5.79174	0.00000	0.00000
CID_5381	R-HSA-74160_R-HSA-73857_R-HSA-212436_R-HSA-383280_P08235	-3.05144	0.00000	0.00000
CID_5381	R-HSA-74160_R-HSA-73857_R-HSA-212436_R-HSA-383280_P19793	-2.82111	0.00000	0.00000
CID_5381	R-HSA-74160_R-HSA-73857_R-HSA-212436_R-HSA-383280_P62508	-3.20493	0.00000	0.00000
CID_5381	R-HSA-1430728_R-HSA-1428517_R-HSA-71406_R-HSA-70268_R-HSA-204174_P19793	-7.48546	0.00000	0.00000
CID_5381	R-HSA-1430728_R-HSA-1428517_R-HSA-71406_R-HSA-70268_R-HSA-204174_P11177	-8.99336	0.00000	0.00000
CID_5381	R-HSA-1430728_R-HSA-196854_R-HSA-196849_R-HSA-196807_R-HSA-197264_P40261	-7.74503	0.00000	0.00000
CID_5381	R-HSA-1430728_R-HSA-196854_R-HSA-196849_R-HSA-196807_R-HSA-197264_Q16647	-7.92080	0.00000	0.00000
CID_5381	R-HSA-1430728_R-HSA-211859_R-HSA-211945_R-HSA-211897_R-HSA-211976_Q16678	-7.72146	0.00000	0.00000
CID_5381	R-HSA-1430728_R-HSA-211859_R-HSA-211945_R-HSA-211897_R-HSA-211976_P35869	-7.00573	0.00000	0.00000
CID_5381	R-HSA-1430728_R-HSA-211859_R-HSA-211945_R-HSA-211897_R-HSA-211976_Q16647	-7.61489	0.00000	0.00000
CID_5381	R-HSA-1430728_R-HSA-556833_R-HSA-1483257_R-HSA-1483255_R-HSA-1660499_Q8TBX8	-8.43887	0.00000	0.00000
CID_5381	R-HSA-1430728_R-HSA-556833_R-HSA-8978868_R-HSA-2142753_R-HSA-2142670_Q16678	-45.97479	0.00000	0.00000
CID_5381	R-HSA-1430728_R-HSA-556833_R-HSA-8978868_R-HSA-2142753_R-HSA-2142670_P04798	-44.90784	0.00000	0.00000
CID_5381	R-HSA-1430728_R-HSA-556833_R-HSA-8978868_R-HSA-2142753_R-HSA-2142816_Q16678	-9.44208	0.00000	0.00000
CID_5381	R-HSA-1430728_R-HSA-556833_R-HSA-8978868_R-HSA-2142753_R-HSA-2142816_P04798	-8.37512	0.00000	0.00000
CID_5381	R-HSA-1430728_R-HSA-556833_R-HSA-8978868_R-HSA-2142753_R-HSA-2142691_P13584	-9.41497	0.00000	0.00000
CID_5381	R-HSA-1430728_R-HSA-556833_R-HSA-8978868_R-HSA-2142753_R-HSA-2162123_Q16647	-9.88226	0.00000	0.00000
CID_5381	R-HSA-1430728_R-HSA-556833_R-HSA-8978868_R-HSA-77289_R-HSA-71032_P22033	-8.22003	0.00000	0.00000
CID_5381	R-HSA-74160_R-HSA-73857_R-HSA-212436_R-HSA-8878159_R-HSA-8941858_P20618	-5.35355	0.00000	0.00000
CID_5381	R-HSA-74160_R-HSA-73857_R-HSA-212436_R-HSA-8878159_R-HSA-8941858_P49721	-5.57172	0.00000	0.00000
CID_5381	R-HSA-74160_R-HSA-73857_R-HSA-212436_R-HSA-8878159_R-HSA-8941858_P28074	-5.31691	0.00000	0.00000
CID_5381	R-HSA-74160_R-HSA-73857_R-HSA-212436_R-HSA-8878159_R-HSA-8941858_P28062	-5.79664	0.00000	0.00000
CID_5381	R-HSA-74160_R-HSA-73857_R-HSA-212436_R-HSA-8878159_R-HSA-8941858_P12931	-5.23405	0.00000	0.00000
CID_5381	R-HSA-74160_R-HSA-73857_R-HSA-212436_R-HSA-8878159_R-HSA-8941858_P25786	-5.83221	0.00000	0.00000
CID_5381	R-HSA-74160_R-HSA-73857_R-HSA-212436_R-HSA-8878159_R-HSA-8941858_Q99460	-5.79510	0.00000	0.00000
CID_5381	R-HSA-74160_R-HSA-73857_R-HSA-212436_R-HSA-8878159_R-HSA-8941858_Q13200	-5.86059	0.00000	0.00000
CID_5381	R-HSA-1430728_R-HSA-202131_R-HSA-203615_P0DP23	-4.67241	0.00500	0.04608
CID_5381	R-HSA-1430728_R-HSA-163685_R-HSA-163767_P67775	-4.25082	0.00500	0.04608
CID_5381	R-HSA-1430728_R-HSA-211859_R-HSA-5423646_P10620	-6.35908	0.00500	0.04608
CID_5381	R-HSA-1430728_R-HSA-211859_R-HSA-5423646_O14880	-6.34847	0.00500	0.04608
CID_5381	R-HSA-1430728_R-HSA-15869_R-HSA-8956321_R-HSA-74217_P00813	-5.79887	0.00500	0.04608
CID_5381	R-HSA-1430728_R-HSA-15869_R-HSA-8956321_R-HSA-73614_Q16831	-6.39469	0.00500	0.04608
CID_5381	R-HSA-1430728_R-HSA-163685_R-HSA-422356_R-HSA-381676_Q9BQ31	-3.09770	0.00500	0.04608
CID_5381	R-HSA-1430728_R-HSA-1428517_R-HSA-71406_R-HSA-71403_Q02218	-5.95982	0.00500	0.04608
CID_5381	R-HSA-1430728_R-HSA-196854_R-HSA-196849_R-HSA-196741_O60494	-8.53876	0.00500	0.04608
CID_5381	R-HSA-1430728_R-HSA-211859_R-HSA-156580_R-HSA-156588_O60656	-7.11441	0.00500	0.04608
CID_5381	R-HSA-1430728_R-HSA-211859_R-HSA-156580_R-HSA-156581_P40261	-7.57600	0.00500	0.04608
CID_5381	R-HSA-1430728_R-HSA-556833_R-HSA-9018678_R-HSA-2142700_Q16873	-5.89830	0.00500	0.04608
CID_5381	R-HSA-74160_R-HSA-73857_R-HSA-212436_R-HSA-350054_O75376	-4.98220	0.00500	0.04608
CID_5381	R-HSA-74160_R-HSA-73857_R-HSA-212436_R-HSA-383280_P28702	-2.37639	0.00500	0.04608
CID_5381	R-HSA-74160_R-HSA-73857_R-HSA-212436_R-HSA-383280_P48443	-3.80969	0.00500	0.04608
CID_5381	R-HSA-74160_R-HSA-73857_R-HSA-212436_R-HSA-383280_P06401	-2.80773	0.00500	0.04608
CID_5381	R-HSA-74160_R-HSA-73857_R-HSA-212436_R-HSA-383280_P10827	-4.09198	0.00500	0.04608
CID_5381	R-HSA-74160_R-HSA-73857_R-HSA-212436_R-HSA-383280_P10828	-4.07349	0.00500	0.04608
CID_5381	R-HSA-74160_R-HSA-73857_R-HSA-212436_R-HSA-383280_P51843	-2.81660	0.00500	0.04608
CID_5381	R-HSA-1430728_R-HSA-1428517_R-HSA-163200_R-HSA-611105_R-HSA-6799198_P19404	-9.68010	0.00500	0.04608
CID_5381	R-HSA-1430728_R-HSA-1428517_R-HSA-163200_R-HSA-611105_R-HSA-6799198_Q16795	-9.67939	0.00500	0.04608
CID_5381	R-HSA-1430728_R-HSA-1428517_R-HSA-163200_R-HSA-611105_R-HSA-6799198_P51970	-9.68085	0.00500	0.04608
CID_5381	R-HSA-1430728_R-HSA-1428517_R-HSA-163200_R-HSA-611105_R-HSA-6799198_O95182	-9.68095	0.00500	0.04608
CID_5381	R-HSA-1430728_R-HSA-1428517_R-HSA-163200_R-HSA-611105_R-HSA-6799198_P56556	-9.67970	0.00500	0.04608
CID_5381	R-HSA-1430728_R-HSA-1428517_R-HSA-163200_R-HSA-611105_R-HSA-6799198_Q16718	-9.67988	0.00500	0.04608
CID_5381	R-HSA-1430728_R-HSA-1428517_R-HSA-163200_R-HSA-611105_R-HSA-6799198_O95167	-9.67969	0.00500	0.04608
CID_5381	R-HSA-1430728_R-HSA-1428517_R-HSA-163200_R-HSA-611105_R-HSA-6799198_O43678	-9.67945	0.00500	0.04608
CID_5381	R-HSA-1430728_R-HSA-1428517_R-HSA-163200_R-HSA-611105_R-HSA-6799198_O15239	-9.68003	0.00500	0.04608
CID_5381	R-HSA-1430728_R-HSA-1428517_R-HSA-163200_R-HSA-611105_R-HSA-6799198_O95299	-9.67965	0.00500	0.04608
CID_5381	R-HSA-1430728_R-HSA-1428517_R-HSA-163200_R-HSA-611105_R-HSA-6799198_O14561	-8.80240	0.00500	0.04608
CID_5381	R-HSA-1430728_R-HSA-1428517_R-HSA-163200_R-HSA-611105_R-HSA-6799198_O75438	-9.68057	0.00500	0.04608
CID_5381	R-HSA-1430728_R-HSA-1428517_R-HSA-163200_R-HSA-611105_R-HSA-6799198_O95178	-9.68037	0.00500	0.04608
CID_5381	R-HSA-1430728_R-HSA-1428517_R-HSA-163200_R-HSA-611105_R-HSA-6799198_O00217	-9.67980	0.00500	0.04608
CID_5381	R-HSA-1430728_R-HSA-1428517_R-HSA-163200_R-HSA-611105_R-HSA-6799198_O75380	-9.68036	0.00500	0.04608
CID_5381	R-HSA-1430728_R-HSA-1428517_R-HSA-163200_R-HSA-611105_R-HSA-6799198_O43920	-9.68006	0.00500	0.04608
CID_5381	R-HSA-1430728_R-HSA-1428517_R-HSA-163200_R-HSA-611105_R-HSA-6799198_O43181	-9.67940	0.00500	0.04608
CID_5381	R-HSA-1430728_R-HSA-1428517_R-HSA-163200_R-HSA-611105_R-HSA-6799198_P49821	-9.67941	0.00500	0.04608
CID_5381	R-HSA-1430728_R-HSA-1428517_R-HSA-163200_R-HSA-611105_R-HSA-6799198_O75489	-9.67990	0.00500	0.04608
CID_5381	R-HSA-1430728_R-HSA-1428517_R-HSA-163200_R-HSA-611105_R-HSA-6799198_O75306	-9.68069	0.00500	0.04608
CID_5381	R-HSA-1430728_R-HSA-1428517_R-HSA-163200_R-HSA-611105_R-HSA-6799198_P56181	-9.67934	0.00500	0.04608
CID_5381	R-HSA-1430728_R-HSA-1428517_R-HSA-163200_R-HSA-611105_R-HSA-6799198_P28331	-9.67952	0.00500	0.04608
CID_5381	R-HSA-1430728_R-HSA-1428517_R-HSA-163200_R-HSA-611105_R-HSA-6799198_O43677	-9.67968	0.00500	0.04608
CID_5381	R-HSA-1430728_R-HSA-1428517_R-HSA-163200_R-HSA-611105_R-HSA-6799198_O96000	-9.67980	0.00500	0.04608
CID_5381	R-HSA-1430728_R-HSA-1428517_R-HSA-163200_R-HSA-611105_R-HSA-6799198_Q9Y6M9	-9.67994	0.00500	0.04608
CID_5381	R-HSA-1430728_R-HSA-1428517_R-HSA-163200_R-HSA-611105_R-HSA-6799198_O95169	-9.68008	0.00500	0.04608
CID_5381	R-HSA-1430728_R-HSA-1428517_R-HSA-163200_R-HSA-611105_R-HSA-6799198_P17568	-9.67994	0.00500	0.04608
CID_5381	R-HSA-1430728_R-HSA-1428517_R-HSA-163200_R-HSA-611105_R-HSA-6799198_O95139	-9.68001	0.00500	0.04608
CID_5381	R-HSA-1430728_R-HSA-1428517_R-HSA-163200_R-HSA-611105_R-HSA-6799198_O43674	-9.68010	0.00500	0.04608
CID_5381	R-HSA-1430728_R-HSA-1428517_R-HSA-163200_R-HSA-611105_R-HSA-6799198_O95168	-9.67996	0.00500	0.04608
CID_5381	R-HSA-1430728_R-HSA-1428517_R-HSA-163200_R-HSA-611105_R-HSA-6799198_O43676	-9.67954	0.00500	0.04608
CID_5381	R-HSA-1430728_R-HSA-71387_R-HSA-70326_R-HSA-70171_R-HSA-9634600_P62714	-7.38346	0.00500	0.04608
CID_5381	R-HSA-1430728_R-HSA-71387_R-HSA-70326_R-HSA-70171_R-HSA-9634600_P67775	-7.42127	0.00500	0.04608
CID_5381	R-HSA-1430728_R-HSA-211859_R-HSA-211945_R-HSA-211897_R-HSA-211976_P19793	-6.61514	0.00500	0.04608
CID_5381	R-HSA-1430728_R-HSA-556833_R-HSA-1483257_R-HSA-1483255_R-HSA-1660499_O00750	-9.21706	0.00500	0.04608
CID_5381	R-HSA-1430728_R-HSA-556833_R-HSA-8978868_R-HSA-2046104_R-HSA-2046106_O60427	-8.80086	0.00500	0.04608
CID_5381	R-HSA-1430728_R-HSA-556833_R-HSA-8978868_R-HSA-2142753_R-HSA-2142691_P33527	-9.43491	0.00500	0.04608
CID_5381	R-HSA-1430728_R-HSA-556833_R-HSA-8978868_R-HSA-2142753_R-HSA-2162123_P16152	-11.48834	0.00500	0.04608
CID_5381	R-HSA-1430728_R-HSA-556833_R-HSA-8978868_R-HSA-2142753_R-HSA-2142688_Q15166	-11.03387	0.00500	0.04608
CID_5381	R-HSA-1430728_R-HSA-556833_R-HSA-8978868_R-HSA-2142753_R-HSA-2142688_Q16873	-9.56613	0.00500	0.04608
CID_5381	R-HSA-1430728_R-HSA-556833_R-HSA-8978868_R-HSA-390918_R-HSA-389599_O14832	-9.00497	0.00500	0.04608
CID_5381	R-HSA-1430728_R-HSA-556833_R-HSA-8978868_R-HSA-75105_R-HSA-75876_Q9GZR5	-10.17751	0.00500	0.04608
CID_5381	R-HSA-74160_R-HSA-73857_R-HSA-212436_R-HSA-8878159_R-HSA-8941855_P04637	-6.27689	0.00500	0.04608
CID_5381	R-HSA-74160_R-HSA-73857_R-HSA-212436_R-HSA-8878171_R-HSA-8934593_P12931	-7.00366	0.00500	0.04608
CID_54454	R-HSA-1430728_R-HSA-1475029_Q8N1Q1	-2.43631	0.00000	0.00000
CID_54454	R-HSA-1430728_R-HSA-1483249_R-HSA-1855204_P0DP23	-4.32454	0.00000	0.00000
CID_54454	R-HSA-1430728_R-HSA-202131_R-HSA-203615_P0DP23	-4.61717	0.00000	0.00000
CID_54454	R-HSA-1430728_R-HSA-202131_R-HSA-203615_P29474	-5.12513	0.00000	0.00000
CID_54454	R-HSA-1430728_R-HSA-2161522_R-HSA-2161517_P08183	-5.09455	0.00000	0.00000
CID_54454	R-HSA-1430728_R-HSA-2161522_R-HSA-2161517_O15245	-5.15038	0.00000	0.00000
CID_54454	R-HSA-1430728_R-HSA-15869_R-HSA-499943_P04818	-4.20953	0.00000	0.00000
CID_54454	R-HSA-1430728_R-HSA-163685_R-HSA-163767_P62714	-4.16507	0.00000	0.00000
CID_54454	R-HSA-1430728_R-HSA-71291_R-HSA-389661_Q02218	-4.09944	0.00000	0.00000
CID_54454	R-HSA-1430728_R-HSA-71291_R-HSA-389661_O14561	-5.09232	0.00000	0.00000
CID_54454	R-HSA-1430728_R-HSA-71291_R-HSA-70895_P24752	-4.64622	0.00000	0.00000
CID_54454	R-HSA-1430728_R-HSA-71291_R-HSA-70895_P54687	-4.32251	0.00000	0.00000
CID_54454	R-HSA-1430728_R-HSA-71291_R-HSA-71288_P48066	-4.37853	0.00000	0.00000
CID_54454	R-HSA-1430728_R-HSA-71291_R-HSA-70921_P50135	-4.71796	0.00000	0.00000
CID_54454	R-HSA-1430728_R-HSA-71291_R-HSA-71064_Q02218	-4.05867	0.00000	0.00000
CID_54454	R-HSA-1430728_R-HSA-15869_R-HSA-8956319_R-HSA-73621_P19971	-5.70856	0.00000	0.00000
CID_54454	R-HSA-1430728_R-HSA-15869_R-HSA-8956321_R-HSA-73614_P19971	-6.11956	0.00000	0.00000
CID_54454	R-HSA-1430728_R-HSA-15869_R-HSA-8956321_R-HSA-73614_Q16831	-6.37527	0.00000	0.00000
CID_54454	R-HSA-1430728_R-HSA-163685_R-HSA-422356_R-HSA-400042_Q01668	-4.17685	0.00000	0.00000
CID_54454	R-HSA-1430728_R-HSA-163685_R-HSA-422356_R-HSA-400042_Q13936	-4.32383	0.00000	0.00000
CID_54454	R-HSA-1430728_R-HSA-163685_R-HSA-422356_R-HSA-400042_Q9NY47	-4.09468	0.00000	0.00000
CID_54454	R-HSA-1430728_R-HSA-163685_R-HSA-422356_R-HSA-400042_Q08289	-4.61872	0.00000	0.00000
CID_54454	R-HSA-1430728_R-HSA-71291_R-HSA-209776_R-HSA-209931_P17752	-5.36555	0.00000	0.00000
CID_54454	R-HSA-1430728_R-HSA-71291_R-HSA-2408522_R-HSA-2408557_P39023	-5.08810	0.00000	0.00000
CID_54454	R-HSA-1430728_R-HSA-71291_R-HSA-2408522_R-HSA-2408508_P50135	-6.42387	0.00000	0.00000
CID_54454	R-HSA-1430728_R-HSA-71291_R-HSA-2408522_R-HSA-2408508_P40261	-6.26260	0.00000	0.00000
CID_54454	R-HSA-1430728_R-HSA-71291_R-HSA-351202_R-HSA-350562_P20618	-5.18707	0.00000	0.00000
CID_54454	R-HSA-1430728_R-HSA-71291_R-HSA-351202_R-HSA-350562_P49721	-5.41268	0.00000	0.00000
CID_54454	R-HSA-1430728_R-HSA-71291_R-HSA-351202_R-HSA-350562_P28074	-5.15247	0.00000	0.00000
CID_54454	R-HSA-1430728_R-HSA-71291_R-HSA-351202_R-HSA-350562_P28062	-5.67435	0.00000	0.00000
CID_54454	R-HSA-1430728_R-HSA-71291_R-HSA-351202_R-HSA-350562_P25786	-5.61499	0.00000	0.00000
CID_54454	R-HSA-1430728_R-HSA-71291_R-HSA-351202_R-HSA-350562_Q99460	-5.58063	0.00000	0.00000
CID_54454	R-HSA-1430728_R-HSA-71291_R-HSA-351202_R-HSA-350562_Q13200	-5.64040	0.00000	0.00000
CID_54454	R-HSA-1430728_R-HSA-1428517_R-HSA-163200_R-HSA-163210_P30049	-6.27286	0.00000	0.00000
CID_54454	R-HSA-1430728_R-HSA-1428517_R-HSA-71406_R-HSA-71403_Q02218	-5.94039	0.00000	0.00000
CID_54454	R-HSA-1430728_R-HSA-196854_R-HSA-8978934_R-HSA-1474151_P0DP23	-5.81016	0.00000	0.00000
CID_54454	R-HSA-1430728_R-HSA-196854_R-HSA-8978934_R-HSA-1474151_P29474	-6.31811	0.00000	0.00000
CID_54454	R-HSA-1430728_R-HSA-196854_R-HSA-196849_R-HSA-196741_P33527	-7.10618	0.00000	0.00000
CID_54454	R-HSA-1430728_R-HSA-196854_R-HSA-196849_R-HSA-196741_P22033	-6.72380	0.00000	0.00000
CID_54454	R-HSA-1430728_R-HSA-196854_R-HSA-196849_R-HSA-196741_Q9UBK8	-7.26457	0.00000	0.00000
CID_54454	R-HSA-1430728_R-HSA-196854_R-HSA-196849_R-HSA-196741_O60494	-8.51933	0.00000	0.00000
CID_54454	R-HSA-1430728_R-HSA-196854_R-HSA-196849_R-HSA-196780_P11498	-6.32340	0.00000	0.00000
CID_54454	R-HSA-1430728_R-HSA-196854_R-HSA-196849_R-HSA-196780_Q9Y289	-8.76808	0.00000	0.00000
CID_54454	R-HSA-1430728_R-HSA-196854_R-HSA-196849_R-HSA-196757_Q96NT5	-7.24581	0.00000	0.00000
CID_54454	R-HSA-1430728_R-HSA-196854_R-HSA-196849_R-HSA-196757_P41440	-7.32929	0.00000	0.00000
CID_54454	R-HSA-1430728_R-HSA-196854_R-HSA-196849_R-HSA-196757_P34897	-7.84388	0.00000	0.00000
CID_54454	R-HSA-1430728_R-HSA-196854_R-HSA-196849_R-HSA-196757_P34896	-7.84262	0.00000	0.00000
CID_54454	R-HSA-1430728_R-HSA-196854_R-HSA-196849_R-HSA-196836_P78417	-6.36369	0.00000	0.00000
CID_54454	R-HSA-1430728_R-HSA-196854_R-HSA-196849_R-HSA-196836_Q9UHI7	-6.31634	0.00000	0.00000
CID_54454	R-HSA-1430728_R-HSA-71387_R-HSA-8982491_R-HSA-70221_P0DP23	-4.51433	0.00000	0.00000
CID_54454	R-HSA-1430728_R-HSA-71387_R-HSA-8982491_R-HSA-70221_P06737	-7.12714	0.00000	0.00000
CID_54454	R-HSA-1430728_R-HSA-71387_R-HSA-70326_R-HSA-70263_P11498	-5.76175	0.00000	0.00000
CID_54454	R-HSA-1430728_R-HSA-71387_R-HSA-70326_R-HSA-70263_P00558	-5.96088	0.00000	0.00000
CID_54454	R-HSA-1430728_R-HSA-211859_R-HSA-156580_R-HSA-156581_P40261	-7.78883	0.00000	0.00000
CID_54454	R-HSA-1430728_R-HSA-211859_R-HSA-156580_R-HSA-156581_P78417	-8.07559	0.00000	0.00000
CID_54454	R-HSA-1430728_R-HSA-556833_R-HSA-400206_R-HSA-1989781_P04798	-1.03383	0.00000	0.00000
CID_54454	R-HSA-1430728_R-HSA-556833_R-HSA-400206_R-HSA-1989781_P19793	-1.08373	0.00000	0.00000
CID_54454	R-HSA-1430728_R-HSA-556833_R-HSA-400206_R-HSA-1989781_P35869	-1.41149	0.00000	0.00000
CID_54454	R-HSA-1430728_R-HSA-556833_R-HSA-400206_R-HSA-1989781_P04035	-0.21833	0.00000	0.00000
CID_54454	R-HSA-1430728_R-HSA-556833_R-HSA-400206_R-HSA-1989781_O60656	-1.59681	0.00000	0.00000
CID_54454	R-HSA-1430728_R-HSA-556833_R-HSA-400206_R-HSA-1989781_O60427	-1.57023	0.00000	0.00000
CID_54454	R-HSA-1430728_R-HSA-556833_R-HSA-400206_R-HSA-1989781_Q9Y6Q9	-2.31927	0.00000	0.00000
CID_54454	R-HSA-1430728_R-HSA-556833_R-HSA-428157_R-HSA-1660662_Q9Y3R4	-5.76721	0.00000	0.00000
CID_54454	R-HSA-1430728_R-HSA-556833_R-HSA-74182_R-HSA-77111_P24752	-7.05207	0.00000	0.00000
CID_54454	R-HSA-1430728_R-HSA-556833_R-HSA-9018678_R-HSA-2142700_Q16873	-5.47166	0.00000	0.00000
CID_54454	R-HSA-1430728_R-HSA-556833_R-HSA-8978868_R-HSA-200425_P19793	-5.13758	0.00000	0.00000
CID_54454	R-HSA-1430728_R-HSA-556833_R-HSA-8978868_R-HSA-200425_O43741	-6.25918	0.00000	0.00000
CID_54454	R-HSA-1430728_R-HSA-556833_R-HSA-8957322_R-HSA-196791_Q6VVX0	-5.53205	0.00000	0.00000
CID_54454	R-HSA-1430728_R-HSA-556833_R-HSA-8957322_R-HSA-196791_P02774	-5.53190	0.00000	0.00000
CID_54454	R-HSA-1430728_R-HSA-556833_R-HSA-8957322_R-HSA-196791_O60494	-6.76181	0.00000	0.00000
CID_54454	R-HSA-1430728_R-HSA-556833_R-HSA-8957322_R-HSA-191273_P04035	-1.59781	0.00000	0.00000
CID_54454	R-HSA-1430728_R-HSA-1428517_R-HSA-163200_R-HSA-611105_R-HSA-6799198_P19404	-9.68920	0.00000	0.00000
CID_54454	R-HSA-1430728_R-HSA-1428517_R-HSA-163200_R-HSA-611105_R-HSA-6799198_Q16795	-9.68849	0.00000	0.00000
CID_54454	R-HSA-1430728_R-HSA-1428517_R-HSA-163200_R-HSA-611105_R-HSA-6799198_P51970	-9.68995	0.00000	0.00000
CID_54454	R-HSA-1430728_R-HSA-1428517_R-HSA-163200_R-HSA-611105_R-HSA-6799198_O95182	-9.69005	0.00000	0.00000
CID_54454	R-HSA-1430728_R-HSA-1428517_R-HSA-163200_R-HSA-611105_R-HSA-6799198_P56556	-9.68880	0.00000	0.00000
CID_54454	R-HSA-1430728_R-HSA-1428517_R-HSA-163200_R-HSA-611105_R-HSA-6799198_Q16718	-9.68899	0.00000	0.00000
CID_54454	R-HSA-1430728_R-HSA-1428517_R-HSA-163200_R-HSA-611105_R-HSA-6799198_O95167	-9.68880	0.00000	0.00000
CID_54454	R-HSA-1430728_R-HSA-1428517_R-HSA-163200_R-HSA-611105_R-HSA-6799198_O43678	-9.68855	0.00000	0.00000
CID_54454	R-HSA-1430728_R-HSA-1428517_R-HSA-163200_R-HSA-611105_R-HSA-6799198_O15239	-9.68913	0.00000	0.00000
CID_54454	R-HSA-1430728_R-HSA-1428517_R-HSA-163200_R-HSA-611105_R-HSA-6799198_O95299	-9.68875	0.00000	0.00000
CID_54454	R-HSA-1430728_R-HSA-1428517_R-HSA-163200_R-HSA-611105_R-HSA-6799198_O14561	-8.81150	0.00000	0.00000
CID_54454	R-HSA-1430728_R-HSA-1428517_R-HSA-163200_R-HSA-611105_R-HSA-6799198_O75438	-9.68967	0.00000	0.00000
CID_54454	R-HSA-1430728_R-HSA-1428517_R-HSA-163200_R-HSA-611105_R-HSA-6799198_O95178	-9.68947	0.00000	0.00000
CID_54454	R-HSA-1430728_R-HSA-1428517_R-HSA-163200_R-HSA-611105_R-HSA-6799198_O00217	-9.68890	0.00000	0.00000
CID_54454	R-HSA-1430728_R-HSA-1428517_R-HSA-163200_R-HSA-611105_R-HSA-6799198_O75380	-9.68946	0.00000	0.00000
CID_54454	R-HSA-1430728_R-HSA-1428517_R-HSA-163200_R-HSA-611105_R-HSA-6799198_O43920	-9.68916	0.00000	0.00000
CID_54454	R-HSA-1430728_R-HSA-1428517_R-HSA-163200_R-HSA-611105_R-HSA-6799198_O43181	-9.68850	0.00000	0.00000
CID_54454	R-HSA-1430728_R-HSA-1428517_R-HSA-163200_R-HSA-611105_R-HSA-6799198_P49821	-9.68851	0.00000	0.00000
CID_54454	R-HSA-1430728_R-HSA-1428517_R-HSA-163200_R-HSA-611105_R-HSA-6799198_O75489	-9.68900	0.00000	0.00000
CID_54454	R-HSA-1430728_R-HSA-1428517_R-HSA-163200_R-HSA-611105_R-HSA-6799198_O75306	-9.68979	0.00000	0.00000
CID_54454	R-HSA-1430728_R-HSA-1428517_R-HSA-163200_R-HSA-611105_R-HSA-6799198_P56181	-9.68844	0.00000	0.00000
CID_54454	R-HSA-1430728_R-HSA-1428517_R-HSA-163200_R-HSA-611105_R-HSA-6799198_P28331	-9.68862	0.00000	0.00000
CID_54454	R-HSA-1430728_R-HSA-1428517_R-HSA-163200_R-HSA-611105_R-HSA-6799198_O95298	-9.68894	0.00000	0.00000
CID_54454	R-HSA-1430728_R-HSA-1428517_R-HSA-163200_R-HSA-611105_R-HSA-6799198_O43677	-9.68878	0.00000	0.00000
CID_54454	R-HSA-1430728_R-HSA-1428517_R-HSA-163200_R-HSA-611105_R-HSA-6799198_O96000	-9.68890	0.00000	0.00000
CID_54454	R-HSA-1430728_R-HSA-1428517_R-HSA-163200_R-HSA-611105_R-HSA-6799198_Q9Y6M9	-9.68904	0.00000	0.00000
CID_54454	R-HSA-1430728_R-HSA-1428517_R-HSA-163200_R-HSA-611105_R-HSA-6799198_O95169	-9.68918	0.00000	0.00000
CID_54454	R-HSA-1430728_R-HSA-1428517_R-HSA-163200_R-HSA-611105_R-HSA-6799198_P17568	-9.68904	0.00000	0.00000
CID_54454	R-HSA-1430728_R-HSA-1428517_R-HSA-163200_R-HSA-611105_R-HSA-6799198_O95139	-9.68912	0.00000	0.00000
CID_54454	R-HSA-1430728_R-HSA-1428517_R-HSA-163200_R-HSA-611105_R-HSA-6799198_O43674	-9.68920	0.00000	0.00000
CID_54454	R-HSA-1430728_R-HSA-1428517_R-HSA-163200_R-HSA-611105_R-HSA-6799198_O95168	-9.68906	0.00000	0.00000
CID_54454	R-HSA-1430728_R-HSA-1428517_R-HSA-163200_R-HSA-611105_R-HSA-6799198_O43676	-9.68864	0.00000	0.00000
CID_54454	R-HSA-1430728_R-HSA-1428517_R-HSA-71406_R-HSA-70268_R-HSA-204174_P19793	-7.43598	0.00000	0.00000
CID_54454	R-HSA-1430728_R-HSA-1428517_R-HSA-71406_R-HSA-70268_R-HSA-204174_P11177	-9.00246	0.00000	0.00000
CID_54454	R-HSA-1430728_R-HSA-196854_R-HSA-196849_R-HSA-196807_R-HSA-197264_P40261	-7.75413	0.00000	0.00000
CID_54454	R-HSA-1430728_R-HSA-196854_R-HSA-196849_R-HSA-196807_R-HSA-197264_Q16647	-7.92990	0.00000	0.00000
CID_54454	R-HSA-1430728_R-HSA-556833_R-HSA-1483257_R-HSA-1483206_R-HSA-1483191_P22303	-9.95435	0.00000	0.00000
CID_54454	R-HSA-1430728_R-HSA-556833_R-HSA-1483257_R-HSA-1483206_R-HSA-1482788_P47712	-8.50435	0.00000	0.00000
CID_54454	R-HSA-1430728_R-HSA-556833_R-HSA-1483257_R-HSA-1483206_R-HSA-1482798_P47712	-8.96916	0.00000	0.00000
CID_54454	R-HSA-1430728_R-HSA-556833_R-HSA-1483257_R-HSA-1483206_R-HSA-1482801_P47712	-8.39438	0.00000	0.00000
CID_54454	R-HSA-1430728_R-HSA-556833_R-HSA-1483257_R-HSA-1483206_R-HSA-1482839_P47712	-8.30101	0.00000	0.00000
CID_54454	R-HSA-1430728_R-HSA-556833_R-HSA-1483257_R-HSA-1483206_R-HSA-1482922_P47712	-8.41872	0.00000	0.00000
CID_54454	R-HSA-1430728_R-HSA-556833_R-HSA-1483257_R-HSA-1483206_R-HSA-1482925_P47712	-7.96087	0.00000	0.00000
CID_54454	R-HSA-1430728_R-HSA-556833_R-HSA-1483257_R-HSA-1483206_R-HSA-1483166_P47712	-8.09999	0.00000	0.00000
CID_54454	R-HSA-1430728_R-HSA-556833_R-HSA-1483257_R-HSA-1483206_R-HSA-1483213_Q99447	-8.46801	0.00000	0.00000
CID_54454	R-HSA-1430728_R-HSA-556833_R-HSA-1483257_R-HSA-1483255_R-HSA-1660499_O00750	-8.81494	0.00000	0.00000
CID_54454	R-HSA-1430728_R-HSA-556833_R-HSA-1483257_R-HSA-1483255_R-HSA-1660499_Q8TBX8	-8.04583	0.00000	0.00000
CID_54454	R-HSA-1430728_R-HSA-556833_R-HSA-1483257_R-HSA-1483255_R-HSA-1660514_Q9UBF8	-9.10130	0.00000	0.00000
CID_54454	R-HSA-1430728_R-HSA-556833_R-HSA-8978868_R-HSA-2046104_R-HSA-2046106_O60427	-8.27048	0.00000	0.00000
CID_54454	R-HSA-1430728_R-HSA-556833_R-HSA-8978868_R-HSA-2046104_R-HSA-2046106_O95864	-9.69856	0.00000	0.00000
CID_54454	R-HSA-1430728_R-HSA-556833_R-HSA-8978868_R-HSA-2142753_R-HSA-2142670_Q16678	-45.57174	0.00000	0.00000
CID_54454	R-HSA-1430728_R-HSA-556833_R-HSA-8978868_R-HSA-2142753_R-HSA-2142670_P04798	-44.36181	0.00000	0.00000
CID_54454	R-HSA-1430728_R-HSA-556833_R-HSA-8978868_R-HSA-2142753_R-HSA-2142816_Q16678	-9.03906	0.00000	0.00000
CID_54454	R-HSA-1430728_R-HSA-556833_R-HSA-8978868_R-HSA-2142753_R-HSA-2142816_P04798	-7.82913	0.00000	0.00000
CID_54454	R-HSA-1430728_R-HSA-556833_R-HSA-8978868_R-HSA-2142753_R-HSA-2142691_P33527	-9.03514	0.00000	0.00000
CID_54454	R-HSA-1430728_R-HSA-556833_R-HSA-8978868_R-HSA-2142753_R-HSA-2142691_Q16873	-8.54217	0.00000	0.00000
CID_54454	R-HSA-1430728_R-HSA-556833_R-HSA-8978868_R-HSA-2142753_R-HSA-2162123_P16152	-11.08660	0.00000	0.00000
CID_54454	R-HSA-1430728_R-HSA-556833_R-HSA-8978868_R-HSA-2142753_R-HSA-2162123_Q16647	-9.48411	0.00000	0.00000
CID_54454	R-HSA-1430728_R-HSA-556833_R-HSA-8978868_R-HSA-2142753_R-HSA-2142688_Q16873	-9.16447	0.00000	0.00000
CID_54454	R-HSA-1430728_R-HSA-556833_R-HSA-8978868_R-HSA-390918_R-HSA-389599_O14832	-8.60321	0.00000	0.00000
CID_54454	R-HSA-1430728_R-HSA-556833_R-HSA-8978868_R-HSA-75105_R-HSA-75876_Q9GZR5	-9.77638	0.00000	0.00000
CID_54454	R-HSA-1430728_R-HSA-556833_R-HSA-8978868_R-HSA-77289_R-HSA-71032_P05165	-13.42008	0.00000	0.00000
CID_54454	R-HSA-1430728_R-HSA-556833_R-HSA-8978868_R-HSA-77289_R-HSA-71032_P22033	-7.81834	0.00000	0.00000
CID_54454	R-HSA-1430728_R-HSA-556833_R-HSA-8957322_R-HSA-1655829_R-HSA-2426168_P19793	-4.59819	0.00000	0.00000
CID_54454	R-HSA-1430728_R-HSA-556833_R-HSA-8957322_R-HSA-1655829_R-HSA-2426168_P04035	-3.73279	0.00000	0.00000
CID_54454	R-HSA-1430728_R-HSA-163685_R-HSA-163680_O43741	-4.64934	0.00500	0.04608
CID_54454	R-HSA-1430728_R-HSA-163685_R-HSA-163765_P30613	-3.81810	0.00500	0.04608
CID_54454	R-HSA-1430728_R-HSA-163685_R-HSA-163767_P67775	-4.20332	0.00500	0.04608
CID_54454	R-HSA-1430728_R-HSA-71291_R-HSA-389661_P11177	-5.16780	0.00500	0.04608
CID_54454	R-HSA-1430728_R-HSA-211859_R-HSA-5423646_P10620	-6.38007	0.00500	0.04608
CID_54454	R-HSA-1430728_R-HSA-211859_R-HSA-5423646_O14880	-6.36962	0.00500	0.04608
CID_54454	R-HSA-1430728_R-HSA-15869_R-HSA-8956319_R-HSA-73621_Q16831	-5.96426	0.00500	0.04608
CID_54454	R-HSA-1430728_R-HSA-15869_R-HSA-8956321_R-HSA-74217_P00813	-5.77945	0.00500	0.04608
CID_54454	R-HSA-1430728_R-HSA-163685_R-HSA-422356_R-HSA-381676_Q9BQ31	-3.07827	0.00500	0.04608
CID_54454	R-HSA-1430728_R-HSA-196854_R-HSA-196849_R-HSA-196780_P05165	-12.09163	0.00500	0.04608
CID_54454	R-HSA-1430728_R-HSA-211859_R-HSA-211945_R-HSA-8937144_P35869	-6.65313	0.00500	0.04608
CID_54454	R-HSA-1430728_R-HSA-211859_R-HSA-156580_R-HSA-156581_Q9UBK8	-8.42811	0.00500	0.04608
CID_54454	R-HSA-1430728_R-HSA-71387_R-HSA-70326_R-HSA-70171_R-HSA-9634600_P62714	-7.39257	0.00500	0.04608
CID_54454	R-HSA-1430728_R-HSA-71387_R-HSA-70326_R-HSA-70171_R-HSA-9634600_P67775	-7.43082	0.00500	0.04608
CID_54454	R-HSA-1430728_R-HSA-211859_R-HSA-211945_R-HSA-211897_R-HSA-211976_Q16678	-7.75055	0.00500	0.04608
CID_54454	R-HSA-1430728_R-HSA-211859_R-HSA-211945_R-HSA-211897_R-HSA-211976_P19793	-6.59053	0.00500	0.04608
CID_54454	R-HSA-1430728_R-HSA-211859_R-HSA-211945_R-HSA-211897_R-HSA-211976_P35869	-6.91828	0.00500	0.04608
CID_54454	R-HSA-1430728_R-HSA-211859_R-HSA-211945_R-HSA-211897_R-HSA-211976_Q16647	-7.64885	0.00500	0.04608
CID_54454	R-HSA-1430728_R-HSA-556833_R-HSA-1483257_R-HSA-1483206_R-HSA-1483191_P06276	-9.29014	0.00500	0.04608
CID_54454	R-HSA-1430728_R-HSA-556833_R-HSA-8978868_R-HSA-2142753_R-HSA-2142670_P34913	-84.15083	0.00500	0.04608
CID_54454	R-HSA-1430728_R-HSA-556833_R-HSA-8978868_R-HSA-2142753_R-HSA-2142691_P13584	-9.01171	0.00500	0.04608
CID_54454	R-HSA-1430728_R-HSA-556833_R-HSA-8978868_R-HSA-2142753_R-HSA-2142688_Q15166	-10.63225	0.00500	0.04608
CID_5452	R-HSA-1430728_R-HSA-1483249_R-HSA-1855204_P0DP23	-3.02843	0.00000	0.00000
CID_5452	R-HSA-1430728_R-HSA-202131_R-HSA-203615_P0DP23	-2.46698	0.00000	0.00000
CID_5452	R-HSA-1430728_R-HSA-202131_R-HSA-203615_P29474	-2.63501	0.00000	0.00000
CID_5452	R-HSA-1430728_R-HSA-15869_R-HSA-499943_P04818	-3.13780	0.00000	0.00000
CID_5452	R-HSA-1430728_R-HSA-163685_R-HSA-163765_P30613	-2.01928	0.00000	0.00000
CID_5452	R-HSA-1430728_R-HSA-163685_R-HSA-163767_P62714	-3.12728	0.00000	0.00000
CID_5452	R-HSA-1430728_R-HSA-71291_R-HSA-389661_Q02218	-3.21265	0.00000	0.00000
CID_5452	R-HSA-1430728_R-HSA-71291_R-HSA-389661_O14561	-4.17033	0.00000	0.00000
CID_5452	R-HSA-1430728_R-HSA-71291_R-HSA-389661_P11177	-4.25026	0.00000	0.00000
CID_5452	R-HSA-1430728_R-HSA-71291_R-HSA-70895_P54687	-3.39726	0.00000	0.00000
CID_5452	R-HSA-1430728_R-HSA-71291_R-HSA-71288_P48066	-3.41695	0.00000	0.00000
CID_5452	R-HSA-1430728_R-HSA-71291_R-HSA-70921_P50135	-3.80219	0.00000	0.00000
CID_5452	R-HSA-1430728_R-HSA-71291_R-HSA-71064_Q02218	-3.17136	0.00000	0.00000
CID_5452	R-HSA-1430728_R-HSA-15869_R-HSA-8956319_R-HSA-73621_P19971	-4.24463	0.00000	0.00000
CID_5452	R-HSA-1430728_R-HSA-15869_R-HSA-8956319_R-HSA-73621_Q16831	-4.50085	0.00000	0.00000
CID_5452	R-HSA-1430728_R-HSA-15869_R-HSA-8956321_R-HSA-74217_P00813	-4.20562	0.00000	0.00000
CID_5452	R-HSA-1430728_R-HSA-15869_R-HSA-8956321_R-HSA-73614_P19971	-4.58197	0.00000	0.00000
CID_5452	R-HSA-1430728_R-HSA-15869_R-HSA-8956321_R-HSA-73614_Q16831	-4.83820	0.00000	0.00000
CID_5452	R-HSA-1430728_R-HSA-163685_R-HSA-422356_R-HSA-400042_Q01668	-1.32190	0.00000	0.00000
CID_5452	R-HSA-1430728_R-HSA-163685_R-HSA-422356_R-HSA-400042_Q13936	-1.46879	0.00000	0.00000
CID_5452	R-HSA-1430728_R-HSA-163685_R-HSA-422356_R-HSA-400042_Q9NY47	-1.23967	0.00000	0.00000
CID_5452	R-HSA-1430728_R-HSA-163685_R-HSA-422356_R-HSA-400042_Q08289	-1.76373	0.00000	0.00000
CID_5452	R-HSA-1430728_R-HSA-163685_R-HSA-422356_R-HSA-381676_Q9BQ31	-0.27043	0.00000	0.00000
CID_5452	R-HSA-1430728_R-HSA-71291_R-HSA-209776_R-HSA-209931_P17752	-3.97661	0.00000	0.00000
CID_5452	R-HSA-1430728_R-HSA-71291_R-HSA-2408522_R-HSA-2408557_P39023	-3.77497	0.00000	0.00000
CID_5452	R-HSA-1430728_R-HSA-71291_R-HSA-2408522_R-HSA-2408508_P50135	-5.10478	0.00000	0.00000
CID_5452	R-HSA-1430728_R-HSA-71291_R-HSA-2408522_R-HSA-2408508_P40261	-4.95942	0.00000	0.00000
CID_5452	R-HSA-1430728_R-HSA-71291_R-HSA-351202_R-HSA-350562_P20618	-3.63655	0.00000	0.00000
CID_5452	R-HSA-1430728_R-HSA-71291_R-HSA-351202_R-HSA-350562_P49721	-3.88041	0.00000	0.00000
CID_5452	R-HSA-1430728_R-HSA-71291_R-HSA-351202_R-HSA-350562_P28074	-3.60322	0.00000	0.00000
CID_5452	R-HSA-1430728_R-HSA-71291_R-HSA-351202_R-HSA-350562_P28062	-4.15781	0.00000	0.00000
CID_5452	R-HSA-1430728_R-HSA-71291_R-HSA-351202_R-HSA-350562_P25786	-4.11551	0.00000	0.00000
CID_5452	R-HSA-1430728_R-HSA-71291_R-HSA-351202_R-HSA-350562_Q99460	-4.07343	0.00000	0.00000
CID_5452	R-HSA-1430728_R-HSA-71291_R-HSA-351202_R-HSA-350562_Q13200	-4.14718	0.00000	0.00000
CID_5452	R-HSA-1430728_R-HSA-1428517_R-HSA-71406_R-HSA-71403_Q02218	-4.78330	0.00000	0.00000
CID_5452	R-HSA-1430728_R-HSA-196854_R-HSA-6806667_R-HSA-975634_O95237	-6.12330	0.00000	0.00000
CID_5452	R-HSA-1430728_R-HSA-196854_R-HSA-6806667_R-HSA-975634_P02753	-6.21672	0.00000	0.00000
CID_5452	R-HSA-1430728_R-HSA-196854_R-HSA-6806667_R-HSA-975634_P50120	-6.32980	0.00000	0.00000
CID_5452	R-HSA-1430728_R-HSA-196854_R-HSA-6806667_R-HSA-975634_P09455	-6.17533	0.00000	0.00000
CID_5452	R-HSA-1430728_R-HSA-196854_R-HSA-8978934_R-HSA-1474151_P0DP23	-4.35775	0.00000	0.00000
CID_5452	R-HSA-1430728_R-HSA-196854_R-HSA-8978934_R-HSA-1474151_P29474	-4.52579	0.00000	0.00000
CID_5452	R-HSA-1430728_R-HSA-196854_R-HSA-196849_R-HSA-196741_P33527	-6.29179	0.00000	0.00000
CID_5452	R-HSA-1430728_R-HSA-196854_R-HSA-196849_R-HSA-196741_Q9UBK8	-7.38812	0.00000	0.00000
CID_5452	R-HSA-1430728_R-HSA-196854_R-HSA-196849_R-HSA-196741_O60494	-7.27152	0.00000	0.00000
CID_5452	R-HSA-1430728_R-HSA-196854_R-HSA-196849_R-HSA-196780_P11498	-5.13486	0.00000	0.00000
CID_5452	R-HSA-1430728_R-HSA-196854_R-HSA-196849_R-HSA-196780_Q9Y289	-7.51871	0.00000	0.00000
CID_5452	R-HSA-1430728_R-HSA-196854_R-HSA-196849_R-HSA-196757_Q96NT5	-5.99654	0.00000	0.00000
CID_5452	R-HSA-1430728_R-HSA-196854_R-HSA-196849_R-HSA-196757_P41440	-6.08065	0.00000	0.00000
CID_5452	R-HSA-1430728_R-HSA-196854_R-HSA-196849_R-HSA-196757_P34897	-6.59460	0.00000	0.00000
CID_5452	R-HSA-1430728_R-HSA-196854_R-HSA-196849_R-HSA-196757_P34896	-6.59335	0.00000	0.00000
CID_5452	R-HSA-1430728_R-HSA-196854_R-HSA-196849_R-HSA-196836_P78417	-5.25907	0.00000	0.00000
CID_5452	R-HSA-1430728_R-HSA-196854_R-HSA-196849_R-HSA-196836_Q9UHI7	-5.06358	0.00000	0.00000
CID_5452	R-HSA-1430728_R-HSA-71387_R-HSA-8982491_R-HSA-70221_P0DP23	-3.13511	0.00000	0.00000
CID_5452	R-HSA-1430728_R-HSA-71387_R-HSA-8982491_R-HSA-70221_P06737	-5.93159	0.00000	0.00000
CID_5452	R-HSA-1430728_R-HSA-71387_R-HSA-70326_R-HSA-70263_P11498	-4.81018	0.00000	0.00000
CID_5452	R-HSA-1430728_R-HSA-71387_R-HSA-70326_R-HSA-70263_P00558	-5.05814	0.00000	0.00000
CID_5452	R-HSA-1430728_R-HSA-1428517_R-HSA-163200_R-HSA-611105_R-HSA-6799198_P19404	-7.84695	0.00000	0.00000
CID_5452	R-HSA-1430728_R-HSA-1428517_R-HSA-163200_R-HSA-611105_R-HSA-6799198_Q16795	-7.84625	0.00000	0.00000
CID_5452	R-HSA-1430728_R-HSA-1428517_R-HSA-163200_R-HSA-611105_R-HSA-6799198_P51970	-7.84768	0.00000	0.00000
CID_5452	R-HSA-1430728_R-HSA-1428517_R-HSA-163200_R-HSA-611105_R-HSA-6799198_O95182	-7.84777	0.00000	0.00000
CID_5452	R-HSA-1430728_R-HSA-1428517_R-HSA-163200_R-HSA-611105_R-HSA-6799198_P56556	-7.84656	0.00000	0.00000
CID_5452	R-HSA-1430728_R-HSA-1428517_R-HSA-163200_R-HSA-611105_R-HSA-6799198_Q16718	-7.84673	0.00000	0.00000
CID_5452	R-HSA-1430728_R-HSA-1428517_R-HSA-163200_R-HSA-611105_R-HSA-6799198_O95167	-7.84655	0.00000	0.00000
CID_5452	R-HSA-1430728_R-HSA-1428517_R-HSA-163200_R-HSA-611105_R-HSA-6799198_O15239	-7.84687	0.00000	0.00000
CID_5452	R-HSA-1430728_R-HSA-1428517_R-HSA-163200_R-HSA-611105_R-HSA-6799198_O95299	-7.84651	0.00000	0.00000
CID_5452	R-HSA-1430728_R-HSA-1428517_R-HSA-163200_R-HSA-611105_R-HSA-6799198_O75438	-7.84741	0.00000	0.00000
CID_5452	R-HSA-1430728_R-HSA-1428517_R-HSA-163200_R-HSA-611105_R-HSA-6799198_O95178	-7.84720	0.00000	0.00000
CID_5452	R-HSA-1430728_R-HSA-1428517_R-HSA-163200_R-HSA-611105_R-HSA-6799198_O00217	-7.84666	0.00000	0.00000
CID_5452	R-HSA-1430728_R-HSA-1428517_R-HSA-163200_R-HSA-611105_R-HSA-6799198_O75380	-7.84720	0.00000	0.00000
CID_5452	R-HSA-1430728_R-HSA-1428517_R-HSA-163200_R-HSA-611105_R-HSA-6799198_O43920	-7.84691	0.00000	0.00000
CID_5452	R-HSA-1430728_R-HSA-1428517_R-HSA-163200_R-HSA-611105_R-HSA-6799198_O43181	-7.84627	0.00000	0.00000
CID_5452	R-HSA-1430728_R-HSA-1428517_R-HSA-163200_R-HSA-611105_R-HSA-6799198_P49821	-7.84627	0.00000	0.00000
CID_5452	R-HSA-1430728_R-HSA-1428517_R-HSA-163200_R-HSA-611105_R-HSA-6799198_O75489	-7.84675	0.00000	0.00000
CID_5452	R-HSA-1430728_R-HSA-1428517_R-HSA-163200_R-HSA-611105_R-HSA-6799198_O75306	-7.84751	0.00000	0.00000
CID_5452	R-HSA-1430728_R-HSA-1428517_R-HSA-163200_R-HSA-611105_R-HSA-6799198_P56181	-7.84621	0.00000	0.00000
CID_5452	R-HSA-1430728_R-HSA-1428517_R-HSA-163200_R-HSA-611105_R-HSA-6799198_P28331	-7.84639	0.00000	0.00000
CID_5452	R-HSA-1430728_R-HSA-1428517_R-HSA-163200_R-HSA-611105_R-HSA-6799198_O43677	-7.84654	0.00000	0.00000
CID_5452	R-HSA-1430728_R-HSA-1428517_R-HSA-163200_R-HSA-611105_R-HSA-6799198_Q9Y6M9	-7.84679	0.00000	0.00000
CID_5452	R-HSA-1430728_R-HSA-1428517_R-HSA-163200_R-HSA-611105_R-HSA-6799198_O95169	-7.84693	0.00000	0.00000
CID_5452	R-HSA-1430728_R-HSA-1428517_R-HSA-163200_R-HSA-611105_R-HSA-6799198_P17568	-7.84680	0.00000	0.00000
CID_5452	R-HSA-1430728_R-HSA-1428517_R-HSA-163200_R-HSA-611105_R-HSA-6799198_O95139	-7.84686	0.00000	0.00000
CID_5452	R-HSA-1430728_R-HSA-1428517_R-HSA-163200_R-HSA-611105_R-HSA-6799198_O43674	-7.84696	0.00000	0.00000
CID_5452	R-HSA-1430728_R-HSA-1428517_R-HSA-163200_R-HSA-611105_R-HSA-6799198_O95168	-7.84681	0.00000	0.00000
CID_5452	R-HSA-1430728_R-HSA-1428517_R-HSA-163200_R-HSA-611105_R-HSA-6799198_O43676	-7.84640	0.00000	0.00000
CID_5452	R-HSA-1430728_R-HSA-1428517_R-HSA-71406_R-HSA-70268_R-HSA-204174_P19793	-6.12114	0.00000	0.00000
CID_5452	R-HSA-1430728_R-HSA-1428517_R-HSA-71406_R-HSA-70268_R-HSA-204174_P11177	-7.41675	0.00000	0.00000
CID_5452	R-HSA-1430728_R-HSA-196854_R-HSA-196849_R-HSA-196807_R-HSA-197264_P40261	-6.09995	0.00000	0.00000
CID_5452	R-HSA-1430728_R-HSA-196854_R-HSA-196849_R-HSA-196807_R-HSA-197264_Q16647	-6.28054	0.00000	0.00000
CID_5452	R-HSA-1430728_R-HSA-1475029_Q8N1Q1	-2.63438	0.00500	0.04608
CID_5452	R-HSA-1430728_R-HSA-163685_R-HSA-163767_P67775	-3.44432	0.00500	0.04608
CID_5452	R-HSA-1430728_R-HSA-1428517_R-HSA-163200_R-HSA-163210_P30049	-4.93749	0.00500	0.04608
CID_5452	R-HSA-1430728_R-HSA-196854_R-HSA-196849_R-HSA-196780_P05165	-10.84155	0.00500	0.04608
CID_5452	R-HSA-1430728_R-HSA-1428517_R-HSA-163200_R-HSA-611105_R-HSA-6799198_O43678	-7.84632	0.00500	0.04608
CID_5452	R-HSA-1430728_R-HSA-1428517_R-HSA-163200_R-HSA-611105_R-HSA-6799198_O14561	-6.99774	0.00500	0.04608
CID_5452	R-HSA-1430728_R-HSA-1428517_R-HSA-163200_R-HSA-611105_R-HSA-6799198_O95298	-7.84669	0.00500	0.04608
CID_5452	R-HSA-1430728_R-HSA-1428517_R-HSA-163200_R-HSA-611105_R-HSA-6799198_O96000	-7.84666	0.00500	0.04608
CID_5452	R-HSA-1430728_R-HSA-71387_R-HSA-70326_R-HSA-70171_R-HSA-9634600_P62714	-6.09128	0.00500	0.04608
CID_5452	R-HSA-1430728_R-HSA-71387_R-HSA-70326_R-HSA-70171_R-HSA-9634600_P67775	-6.40831	0.00500	0.04608
CID_5458213	R-HSA-162582_R-HSA-9006335_R-HSA-9027276_P07948	-5.18011	0.00000	0.00000
CID_5458213	R-HSA-162582_R-HSA-9006335_R-HSA-9027277_P07948	-5.31832	0.00000	0.00000
CID_5458213	R-HSA-162582_R-HSA-372790_R-HSA-388396_R-HSA-418597_P05771	-1.23372	0.00000	0.00000
CID_5458213	R-HSA-162582_R-HSA-372790_R-HSA-388396_R-HSA-418597_P17252	-1.29307	0.00000	0.00000
CID_5458213	R-HSA-162582_R-HSA-372790_R-HSA-388396_R-HSA-416482_P35348	-1.60709	0.00000	0.00000
CID_5458213	R-HSA-162582_R-HSA-372790_R-HSA-500792_R-HSA-373080_R-HSA-420092_Q02643	-0.46651	0.00000	0.00000
CID_5458213	R-HSA-162582_R-HSA-372790_R-HSA-500792_R-HSA-373076_R-HSA-375281_P30968	-0.17651	0.00000	0.00000
CID_5458213	R-HSA-162582_R-HSA-372790_R-HSA-388396_R-HSA-397795_R-HSA-392451_O15530	-2.11155	0.00000	0.00000
CID_5458213	R-HSA-162582_R-HSA-372790_R-HSA-500792_R-HSA-373076_R-HSA-375276_R-HSA-380108_P10145	-0.77124	0.00000	0.00000
CID_5458213	R-HSA-162582_R-HSA-372790_R-HSA-500792_R-HSA-373076_R-HSA-375280_R-HSA-390666_P50406	0.97830	0.00000	0.00000
CID_5458213	R-HSA-162582_R-HSA-372790_R-HSA-500792_R-HSA-373076_R-HSA-375280_R-HSA-390666_P28566	-0.48762	0.00000	0.00000
CID_5458213	R-HSA-162582_R-HSA-372790_R-HSA-500792_R-HSA-373076_R-HSA-391903_R-HSA-391908_P43088	-3.17320	0.00000	0.00000
CID_5458213	R-HSA-162582_R-HSA-372790_R-HSA-500792_R-HSA-373076_R-HSA-391903_R-HSA-391908_P43116	-1.79778	0.00000	0.00000
CID_5458213	R-HSA-162582_R-HSA-372790_R-HSA-388396_R-HSA-416476_R-HSA-881907_R-HSA-2179392_P17252	-3.15217	0.00000	0.00000
CID_5458213	R-HSA-162582_R-HSA-372790_R-HSA-388396_R-HSA-418594_R-HSA-2187338_R-HSA-2187335_O75911	-5.71372	0.00000	0.00000
CID_5458213	R-HSA-162582_R-HSA-372790_R-HSA-388396_R-HSA-418594_R-HSA-2187338_R-HSA-2187335_P12271	-5.14161	0.00000	0.00000
CID_5458213	R-HSA-162582_R-HSA-372790_R-HSA-388396_R-HSA-418594_R-HSA-2187338_R-HSA-2187335_P10745	-5.13639	0.00000	0.00000
CID_5458213	R-HSA-162582_R-HSA-372790_R-HSA-388396_R-HSA-418594_R-HSA-2187338_R-HSA-2453902_O95237	-4.10881	0.00000	0.00000
CID_5458213	R-HSA-162582_R-HSA-372790_R-HSA-388396_R-HSA-418594_R-HSA-2187338_R-HSA-2453902_P12271	-4.38179	0.00000	0.00000
CID_5458213	R-HSA-162582_R-HSA-372790_R-HSA-388396_R-HSA-418594_R-HSA-2187338_R-HSA-2453902_Q92781	-4.64075	0.00000	0.00000
CID_5458213	R-HSA-162582_R-HSA-372790_R-HSA-388396_R-HSA-418594_R-HSA-2187338_R-HSA-2453902_P02753	-4.18088	0.00000	0.00000
CID_5458213	R-HSA-162582_R-HSA-372790_R-HSA-388396_R-HSA-418594_R-HSA-2187338_R-HSA-2453902_P10745	-4.37657	0.00000	0.00000
CID_5458213	R-HSA-162582_R-HSA-372790_R-HSA-388396_R-HSA-418594_R-HSA-2187338_R-HSA-2453902_P09455	-4.13791	0.00000	0.00000
CID_5458213	R-HSA-162582_R-HSA-372790_R-HSA-388396_R-HSA-418594_R-HSA-2187338_R-HSA-975634_O95237	-4.21083	0.00000	0.00000
CID_5458213	R-HSA-162582_R-HSA-372790_R-HSA-388396_R-HSA-418594_R-HSA-2187338_R-HSA-975634_P02753	-4.28290	0.00000	0.00000
CID_5458213	R-HSA-162582_R-HSA-372790_R-HSA-388396_R-HSA-418594_R-HSA-2187338_R-HSA-975634_P50120	-4.70293	0.00000	0.00000
CID_5458213	R-HSA-162582_R-HSA-372790_R-HSA-388396_R-HSA-418594_R-HSA-2187338_R-HSA-975634_P09455	-4.23993	0.00000	0.00000
CID_5458213	R-HSA-162582_R-HSA-372790_R-HSA-388396_R-HSA-418594_R-HSA-111885_R-HSA-202040_P01189	-3.90942	0.00000	0.00000
CID_5458213	R-HSA-162582_R-HSA-372790_R-HSA-388396_R-HSA-418594_R-HSA-2187338_R-HSA-2514856_R-HSA-2514859_P50579	-3.01154	0.00000	0.00000
CID_5458213	R-HSA-162582_R-HSA-372790_R-HSA-388396_R-HSA-418594_R-HSA-2187338_R-HSA-2514856_R-HSA-2514859_P17252	-2.92499	0.00000	0.00000
CID_5458213	R-HSA-162582_R-HSA-372790_R-HSA-388396_R-HSA-418594_R-HSA-2187338_R-HSA-2514856_R-HSA-2514859_P35913	-3.80124	0.00000	0.00000
CID_5458213	R-HSA-162582_R-HSA-372790_R-HSA-388396_R-HSA-418594_R-HSA-2187338_R-HSA-2514856_R-HSA-2485179_P35913	-4.77025	0.00000	0.00000
CID_5458213	R-HSA-162582_R-HSA-2586552_P40763	-2.90095	0.00500	0.04608
CID_5458213	R-HSA-162582_R-HSA-5358351_R-HSA-5632684_R-HSA-5635838_Q99835	-6.13198	0.00500	0.04608
CID_5458213	R-HSA-162582_R-HSA-9006931_R-HSA-8939211_R-HSA-9018519_P03372	-4.25494	0.00500	0.04608
CID_5458213	R-HSA-162582_R-HSA-9006931_R-HSA-8939211_R-HSA-9018519_Q15303	-4.41708	0.00500	0.04608
CID_5482	R-HSA-1430728_R-HSA-1475029_Q8N1Q1	0.06318	0.00000	0.00000
CID_5482	R-HSA-1430728_R-HSA-1483249_R-HSA-1855204_P0DP23	-0.58635	0.00000	0.00000
CID_5482	R-HSA-1430728_R-HSA-202131_R-HSA-203615_P0DP23	-0.26474	0.00000	0.00000
CID_5482	R-HSA-1430728_R-HSA-202131_R-HSA-203615_P29474	-0.22555	0.00000	0.00000
CID_5482	R-HSA-1430728_R-HSA-15869_R-HSA-499943_P04818	-0.31423	0.00000	0.00000
CID_5482	R-HSA-1430728_R-HSA-163685_R-HSA-163680_O43741	-1.28652	0.00000	0.00000
CID_5482	R-HSA-1430728_R-HSA-163685_R-HSA-163765_P30613	0.54421	0.00000	0.00000
CID_5482	R-HSA-1430728_R-HSA-163685_R-HSA-163767_P62714	-0.25793	0.00000	0.00000
CID_5482	R-HSA-1430728_R-HSA-163685_R-HSA-163767_P67775	-0.21044	0.00000	0.00000
CID_5482	R-HSA-1430728_R-HSA-71291_R-HSA-389661_Q02218	-0.34294	0.00000	0.00000
CID_5482	R-HSA-1430728_R-HSA-71291_R-HSA-389661_O14561	-1.31860	0.00000	0.00000
CID_5482	R-HSA-1430728_R-HSA-71291_R-HSA-389661_P11177	-1.39573	0.00000	0.00000
CID_5482	R-HSA-1430728_R-HSA-71291_R-HSA-70895_P54687	-0.54844	0.00000	0.00000
CID_5482	R-HSA-1430728_R-HSA-71291_R-HSA-71288_P48066	-0.58231	0.00000	0.00000
CID_5482	R-HSA-1430728_R-HSA-71291_R-HSA-70921_P50135	-0.94908	0.00000	0.00000
CID_5482	R-HSA-1430728_R-HSA-71291_R-HSA-71064_Q02218	-0.30281	0.00000	0.00000
CID_5482	R-HSA-1430728_R-HSA-211859_R-HSA-5423646_P10620	-2.82088	0.00000	0.00000
CID_5482	R-HSA-1430728_R-HSA-211859_R-HSA-5423646_O14880	-2.80307	0.00000	0.00000
CID_5482	R-HSA-1430728_R-HSA-15869_R-HSA-8956319_R-HSA-73621_P19971	-0.84381	0.00000	0.00000
CID_5482	R-HSA-1430728_R-HSA-15869_R-HSA-8956319_R-HSA-73621_Q16831	-1.09980	0.00000	0.00000
CID_5482	R-HSA-1430728_R-HSA-15869_R-HSA-8956321_R-HSA-74217_P00813	-0.85079	0.00000	0.00000
CID_5482	R-HSA-1430728_R-HSA-15869_R-HSA-8956321_R-HSA-73614_P19971	-1.21204	0.00000	0.00000
CID_5482	R-HSA-1430728_R-HSA-15869_R-HSA-8956321_R-HSA-73614_Q16831	-1.46803	0.00000	0.00000
CID_5482	R-HSA-1430728_R-HSA-163685_R-HSA-422356_R-HSA-400042_Q01668	1.61310	0.00000	0.00000
CID_5482	R-HSA-1430728_R-HSA-163685_R-HSA-422356_R-HSA-400042_Q13936	1.46619	0.00000	0.00000
CID_5482	R-HSA-1430728_R-HSA-163685_R-HSA-422356_R-HSA-400042_Q9NY47	1.69531	0.00000	0.00000
CID_5482	R-HSA-1430728_R-HSA-163685_R-HSA-422356_R-HSA-400042_Q08289	1.17126	0.00000	0.00000
CID_5482	R-HSA-1430728_R-HSA-163685_R-HSA-422356_R-HSA-381676_Q9BQ31	2.67529	0.00000	0.00000
CID_5482	R-HSA-1430728_R-HSA-71291_R-HSA-209776_R-HSA-209931_P17752	-0.59345	0.00000	0.00000
CID_5482	R-HSA-1430728_R-HSA-71291_R-HSA-2408522_R-HSA-2408557_P39023	-0.35897	0.00000	0.00000
CID_5482	R-HSA-1430728_R-HSA-71291_R-HSA-2408522_R-HSA-2408508_P50135	-1.69117	0.00000	0.00000
CID_5482	R-HSA-1430728_R-HSA-71291_R-HSA-2408522_R-HSA-2408508_P40261	-1.53382	0.00000	0.00000
CID_5482	R-HSA-1430728_R-HSA-71291_R-HSA-351202_R-HSA-350562_P20618	-0.32377	0.00000	0.00000
CID_5482	R-HSA-1430728_R-HSA-71291_R-HSA-351202_R-HSA-350562_P49721	-0.57194	0.00000	0.00000
CID_5482	R-HSA-1430728_R-HSA-71291_R-HSA-351202_R-HSA-350562_P28074	-0.28673	0.00000	0.00000
CID_5482	R-HSA-1430728_R-HSA-71291_R-HSA-351202_R-HSA-350562_P28062	-0.88568	0.00000	0.00000
CID_5482	R-HSA-1430728_R-HSA-71291_R-HSA-351202_R-HSA-350562_P25786	-0.75528	0.00000	0.00000
CID_5482	R-HSA-1430728_R-HSA-71291_R-HSA-351202_R-HSA-350562_Q99460	-0.71804	0.00000	0.00000
CID_5482	R-HSA-1430728_R-HSA-71291_R-HSA-351202_R-HSA-350562_Q13200	-0.78286	0.00000	0.00000
CID_5482	R-HSA-1430728_R-HSA-1428517_R-HSA-163200_R-HSA-163210_P30049	-1.54587	0.00000	0.00000
CID_5482	R-HSA-1430728_R-HSA-1428517_R-HSA-71406_R-HSA-71403_Q02218	-1.28505	0.00000	0.00000
CID_5482	R-HSA-1430728_R-HSA-196854_R-HSA-8978934_R-HSA-1474151_P0DP23	-1.25007	0.00000	0.00000
CID_5482	R-HSA-1430728_R-HSA-196854_R-HSA-8978934_R-HSA-1474151_P29474	-1.21087	0.00000	0.00000
CID_5482	R-HSA-1430728_R-HSA-196854_R-HSA-196849_R-HSA-196741_P33527	-2.47244	0.00000	0.00000
CID_5482	R-HSA-1430728_R-HSA-196854_R-HSA-196849_R-HSA-196741_P22033	-2.24060	0.00000	0.00000
CID_5482	R-HSA-1430728_R-HSA-196854_R-HSA-196849_R-HSA-196741_Q9UBK8	-2.72374	0.00000	0.00000
CID_5482	R-HSA-1430728_R-HSA-196854_R-HSA-196849_R-HSA-196741_O60494	-3.79325	0.00000	0.00000
CID_5482	R-HSA-1430728_R-HSA-196854_R-HSA-196849_R-HSA-196741_P20062	-10.88693	0.00000	0.00000
CID_5482	R-HSA-1430728_R-HSA-196854_R-HSA-196849_R-HSA-196741_P20061	-10.05648	0.00000	0.00000
CID_5482	R-HSA-1430728_R-HSA-196854_R-HSA-196849_R-HSA-196780_P05165	-7.36413	0.00000	0.00000
CID_5482	R-HSA-1430728_R-HSA-196854_R-HSA-196849_R-HSA-196780_P11498	-1.62714	0.00000	0.00000
CID_5482	R-HSA-1430728_R-HSA-196854_R-HSA-196849_R-HSA-196780_Q9Y289	-4.04097	0.00000	0.00000
CID_5482	R-HSA-1430728_R-HSA-196854_R-HSA-196849_R-HSA-196757_Q96NT5	-2.51865	0.00000	0.00000
CID_5482	R-HSA-1430728_R-HSA-196854_R-HSA-196849_R-HSA-196757_P41440	-2.60249	0.00000	0.00000
CID_5482	R-HSA-1430728_R-HSA-196854_R-HSA-196849_R-HSA-196757_P34897	-3.11672	0.00000	0.00000
CID_5482	R-HSA-1430728_R-HSA-196854_R-HSA-196849_R-HSA-196757_P34896	-3.11546	0.00000	0.00000
CID_5482	R-HSA-1430728_R-HSA-196854_R-HSA-196849_R-HSA-196836_P78417	-1.68659	0.00000	0.00000
CID_5482	R-HSA-1430728_R-HSA-196854_R-HSA-196849_R-HSA-196836_Q9UHI7	-1.58682	0.00000	0.00000
CID_5482	R-HSA-1430728_R-HSA-71387_R-HSA-8982491_R-HSA-70221_P0DP23	0.00916	0.00000	0.00000
CID_5482	R-HSA-1430728_R-HSA-71387_R-HSA-8982491_R-HSA-70221_P06737	-2.42208	0.00000	0.00000
CID_5482	R-HSA-1430728_R-HSA-71387_R-HSA-70326_R-HSA-70263_P11498	-1.18315	0.00000	0.00000
CID_5482	R-HSA-1430728_R-HSA-71387_R-HSA-70326_R-HSA-70263_P00558	-1.40558	0.00000	0.00000
CID_5482	R-HSA-1430728_R-HSA-211859_R-HSA-211945_R-HSA-71384_P05091	-2.89930	0.00000	0.00000
CID_5482	R-HSA-1430728_R-HSA-211859_R-HSA-156580_R-HSA-156588_O60656	-3.17928	0.00000	0.00000
CID_5482	R-HSA-1430728_R-HSA-211859_R-HSA-156580_R-HSA-156588_P22309	-4.34247	0.00000	0.00000
CID_5482	R-HSA-1430728_R-HSA-211859_R-HSA-156580_R-HSA-156581_P21964	-5.35896	0.00000	0.00000
CID_5482	R-HSA-1430728_R-HSA-211859_R-HSA-156580_R-HSA-156581_P40261	-3.57252	0.00000	0.00000
CID_5482	R-HSA-1430728_R-HSA-211859_R-HSA-156580_R-HSA-156581_Q9UBK8	-4.39747	0.00000	0.00000
CID_5482	R-HSA-1430728_R-HSA-211859_R-HSA-156580_R-HSA-156581_P78417	-3.91011	0.00000	0.00000
CID_5482	R-HSA-1430728_R-HSA-556833_R-HSA-9018678_R-HSA-2142700_Q16873	-2.54658	0.00000	0.00000
CID_5482	R-HSA-1430728_R-HSA-556833_R-HSA-8978868_R-HSA-200425_P19793	-1.31726	0.00000	0.00000
CID_5482	R-HSA-1430728_R-HSA-556833_R-HSA-8978868_R-HSA-200425_O43741	-2.85857	0.00000	0.00000
CID_5482	R-HSA-1430728_R-HSA-556833_R-HSA-8957322_R-HSA-196791_Q6VVX0	1.12995	0.00000	0.00000
CID_5482	R-HSA-1430728_R-HSA-556833_R-HSA-8957322_R-HSA-196791_P02774	1.13009	0.00000	0.00000
CID_5482	R-HSA-1430728_R-HSA-556833_R-HSA-8957322_R-HSA-196791_O60494	-0.91182	0.00000	0.00000
CID_5482	R-HSA-1430728_R-HSA-556833_R-HSA-8957322_R-HSA-191273_Q16850	3.42312	0.00000	0.00000
CID_5482	R-HSA-1430728_R-HSA-1428517_R-HSA-163200_R-HSA-611105_R-HSA-6799198_P19404	-3.94456	0.00000	0.00000
CID_5482	R-HSA-1430728_R-HSA-1428517_R-HSA-163200_R-HSA-611105_R-HSA-6799198_Q16795	-3.94385	0.00000	0.00000
CID_5482	R-HSA-1430728_R-HSA-1428517_R-HSA-163200_R-HSA-611105_R-HSA-6799198_P51970	-3.94530	0.00000	0.00000
CID_5482	R-HSA-1430728_R-HSA-1428517_R-HSA-163200_R-HSA-611105_R-HSA-6799198_O95182	-3.94539	0.00000	0.00000
CID_5482	R-HSA-1430728_R-HSA-1428517_R-HSA-163200_R-HSA-611105_R-HSA-6799198_P56556	-3.94416	0.00000	0.00000
CID_5482	R-HSA-1430728_R-HSA-1428517_R-HSA-163200_R-HSA-611105_R-HSA-6799198_Q16718	-3.94434	0.00000	0.00000
CID_5482	R-HSA-1430728_R-HSA-1428517_R-HSA-163200_R-HSA-611105_R-HSA-6799198_O95167	-3.94416	0.00000	0.00000
CID_5482	R-HSA-1430728_R-HSA-1428517_R-HSA-163200_R-HSA-611105_R-HSA-6799198_O43678	-3.94392	0.00000	0.00000
CID_5482	R-HSA-1430728_R-HSA-1428517_R-HSA-163200_R-HSA-611105_R-HSA-6799198_O15239	-3.94448	0.00000	0.00000
CID_5482	R-HSA-1430728_R-HSA-1428517_R-HSA-163200_R-HSA-611105_R-HSA-6799198_O95299	-3.94411	0.00000	0.00000
CID_5482	R-HSA-1430728_R-HSA-1428517_R-HSA-163200_R-HSA-611105_R-HSA-6799198_O14561	-3.07775	0.00000	0.00000
CID_5482	R-HSA-1430728_R-HSA-1428517_R-HSA-163200_R-HSA-611105_R-HSA-6799198_O75438	-3.94502	0.00000	0.00000
CID_5482	R-HSA-1430728_R-HSA-1428517_R-HSA-163200_R-HSA-611105_R-HSA-6799198_O95178	-3.94482	0.00000	0.00000
CID_5482	R-HSA-1430728_R-HSA-1428517_R-HSA-163200_R-HSA-611105_R-HSA-6799198_O00217	-3.94426	0.00000	0.00000
CID_5482	R-HSA-1430728_R-HSA-1428517_R-HSA-163200_R-HSA-611105_R-HSA-6799198_O75380	-3.94481	0.00000	0.00000
CID_5482	R-HSA-1430728_R-HSA-1428517_R-HSA-163200_R-HSA-611105_R-HSA-6799198_O43920	-3.94452	0.00000	0.00000
CID_5482	R-HSA-1430728_R-HSA-1428517_R-HSA-163200_R-HSA-611105_R-HSA-6799198_O43181	-3.94387	0.00000	0.00000
CID_5482	R-HSA-1430728_R-HSA-1428517_R-HSA-163200_R-HSA-611105_R-HSA-6799198_P49821	-3.94387	0.00000	0.00000
CID_5482	R-HSA-1430728_R-HSA-1428517_R-HSA-163200_R-HSA-611105_R-HSA-6799198_O75489	-3.94436	0.00000	0.00000
CID_5482	R-HSA-1430728_R-HSA-1428517_R-HSA-163200_R-HSA-611105_R-HSA-6799198_O75306	-3.94513	0.00000	0.00000
CID_5482	R-HSA-1430728_R-HSA-1428517_R-HSA-163200_R-HSA-611105_R-HSA-6799198_P56181	-3.94380	0.00000	0.00000
CID_5482	R-HSA-1430728_R-HSA-1428517_R-HSA-163200_R-HSA-611105_R-HSA-6799198_P28331	-3.94399	0.00000	0.00000
CID_5482	R-HSA-1430728_R-HSA-1428517_R-HSA-163200_R-HSA-611105_R-HSA-6799198_O95298	-3.94429	0.00000	0.00000
CID_5482	R-HSA-1430728_R-HSA-1428517_R-HSA-163200_R-HSA-611105_R-HSA-6799198_O43677	-3.94414	0.00000	0.00000
CID_5482	R-HSA-1430728_R-HSA-1428517_R-HSA-163200_R-HSA-611105_R-HSA-6799198_O96000	-3.94426	0.00000	0.00000
CID_5482	R-HSA-1430728_R-HSA-1428517_R-HSA-163200_R-HSA-611105_R-HSA-6799198_Q9Y6M9	-3.94440	0.00000	0.00000
CID_5482	R-HSA-1430728_R-HSA-1428517_R-HSA-163200_R-HSA-611105_R-HSA-6799198_O95169	-3.94453	0.00000	0.00000
CID_5482	R-HSA-1430728_R-HSA-1428517_R-HSA-163200_R-HSA-611105_R-HSA-6799198_P17568	-3.94440	0.00000	0.00000
CID_5482	R-HSA-1430728_R-HSA-1428517_R-HSA-163200_R-HSA-611105_R-HSA-6799198_O95139	-3.94447	0.00000	0.00000
CID_5482	R-HSA-1430728_R-HSA-1428517_R-HSA-163200_R-HSA-611105_R-HSA-6799198_O43674	-3.94456	0.00000	0.00000
CID_5482	R-HSA-1430728_R-HSA-1428517_R-HSA-163200_R-HSA-611105_R-HSA-6799198_O95168	-3.94441	0.00000	0.00000
CID_5482	R-HSA-1430728_R-HSA-1428517_R-HSA-163200_R-HSA-611105_R-HSA-6799198_O43676	-3.94400	0.00000	0.00000
CID_5482	R-HSA-1430728_R-HSA-1428517_R-HSA-71406_R-HSA-70268_R-HSA-204174_P19793	-1.74242	0.00000	0.00000
CID_5482	R-HSA-1430728_R-HSA-1428517_R-HSA-71406_R-HSA-70268_R-HSA-204174_P11177	-3.37162	0.00000	0.00000
CID_5482	R-HSA-1430728_R-HSA-196854_R-HSA-196849_R-HSA-196807_R-HSA-197264_P40261	-2.05703	0.00000	0.00000
CID_5482	R-HSA-1430728_R-HSA-196854_R-HSA-196849_R-HSA-196807_R-HSA-197264_Q16647	-2.23237	0.00000	0.00000
CID_5482	R-HSA-1430728_R-HSA-71387_R-HSA-70326_R-HSA-70171_R-HSA-9634600_P62714	-1.85675	0.00000	0.00000
CID_5482	R-HSA-1430728_R-HSA-71387_R-HSA-70326_R-HSA-70171_R-HSA-9634600_P67775	-1.80926	0.00000	0.00000
CID_5482	R-HSA-1430728_R-HSA-211859_R-HSA-211945_R-HSA-211897_R-HSA-211976_Q16678	-5.59092	0.00000	0.00000
CID_5482	R-HSA-1430728_R-HSA-211859_R-HSA-211945_R-HSA-211897_R-HSA-211976_P11511	-4.13876	0.00000	0.00000
CID_5482	R-HSA-1430728_R-HSA-211859_R-HSA-211945_R-HSA-211897_R-HSA-211976_P19793	-2.78456	0.00000	0.00000
CID_5482	R-HSA-1430728_R-HSA-211859_R-HSA-211945_R-HSA-211897_R-HSA-211976_Q16850	-2.23189	0.00000	0.00000
CID_5482	R-HSA-1430728_R-HSA-211859_R-HSA-211945_R-HSA-211897_R-HSA-211976_Q16647	-3.91089	0.00000	0.00000
CID_5482	R-HSA-1430728_R-HSA-211859_R-HSA-211945_R-HSA-211897_R-HSA-211979_P13584	-5.61578	0.00000	0.00000
CID_5482	R-HSA-1430728_R-HSA-211859_R-HSA-211945_R-HSA-211897_R-HSA-211979_P24557	-6.08978	0.00000	0.00000
CID_5482	R-HSA-1430728_R-HSA-211859_R-HSA-211945_R-HSA-211897_R-HSA-211979_Q16647	-4.90140	0.00000	0.00000
CID_5482	R-HSA-1430728_R-HSA-556833_R-HSA-1483257_R-HSA-1483206_R-HSA-1483191_P06276	-8.12975	0.00000	0.00000
CID_5482	R-HSA-1430728_R-HSA-556833_R-HSA-1483257_R-HSA-1483206_R-HSA-1483191_P22303	-8.79413	0.00000	0.00000
CID_5482	R-HSA-1430728_R-HSA-556833_R-HSA-1483257_R-HSA-1483206_R-HSA-1482788_P47712	-6.76575	0.00000	0.00000
CID_5482	R-HSA-1430728_R-HSA-556833_R-HSA-1483257_R-HSA-1483206_R-HSA-1482798_P47712	-7.26413	0.00000	0.00000
CID_5482	R-HSA-1430728_R-HSA-556833_R-HSA-1483257_R-HSA-1483206_R-HSA-1482801_P47712	-6.73389	0.00000	0.00000
CID_5482	R-HSA-1430728_R-HSA-556833_R-HSA-1483257_R-HSA-1483206_R-HSA-1482839_P47712	-6.28890	0.00000	0.00000
CID_5482	R-HSA-1430728_R-HSA-556833_R-HSA-1483257_R-HSA-1483206_R-HSA-1482922_P47712	-6.73557	0.00000	0.00000
CID_5482	R-HSA-1430728_R-HSA-556833_R-HSA-1483257_R-HSA-1483206_R-HSA-1482925_P47712	-6.40240	0.00000	0.00000
CID_5482	R-HSA-1430728_R-HSA-556833_R-HSA-1483257_R-HSA-1483206_R-HSA-1483166_P47712	-6.98771	0.00000	0.00000
CID_5482	R-HSA-1430728_R-HSA-556833_R-HSA-1483257_R-HSA-1483206_R-HSA-1483213_Q99447	-8.24853	0.00000	0.00000
CID_5482	R-HSA-1430728_R-HSA-556833_R-HSA-8978868_R-HSA-2046104_R-HSA-2046106_O60427	-3.52491	0.00000	0.00000
CID_5482	R-HSA-1430728_R-HSA-556833_R-HSA-8978868_R-HSA-2046104_R-HSA-2046106_O95864	-5.33293	0.00000	0.00000
CID_5482	R-HSA-1430728_R-HSA-556833_R-HSA-8978868_R-HSA-2142753_R-HSA-2142670_Q16678	-42.63061	0.00000	0.00000
CID_5482	R-HSA-1430728_R-HSA-556833_R-HSA-8978868_R-HSA-2142753_R-HSA-2142670_P04798	-39.79830	0.00000	0.00000
CID_5482	R-HSA-1430728_R-HSA-556833_R-HSA-8978868_R-HSA-2142753_R-HSA-2142670_P34913	-79.87191	0.00000	0.00000
CID_5482	R-HSA-1430728_R-HSA-556833_R-HSA-8978868_R-HSA-2142753_R-HSA-2142816_Q16678	-6.15821	0.00000	0.00000
CID_5482	R-HSA-1430728_R-HSA-556833_R-HSA-8978868_R-HSA-2142753_R-HSA-2142816_P04798	-3.32590	0.00000	0.00000
CID_5482	R-HSA-1430728_R-HSA-556833_R-HSA-8978868_R-HSA-2142753_R-HSA-2142691_P33527	-4.61634	0.00000	0.00000
CID_5482	R-HSA-1430728_R-HSA-556833_R-HSA-8978868_R-HSA-2142753_R-HSA-2142691_P13584	-4.93241	0.00000	0.00000
CID_5482	R-HSA-1430728_R-HSA-556833_R-HSA-8978868_R-HSA-2142753_R-HSA-2142691_Q16873	-4.52815	0.00000	0.00000
CID_5482	R-HSA-1430728_R-HSA-556833_R-HSA-8978868_R-HSA-2142753_R-HSA-2162123_P16152	-6.94645	0.00000	0.00000
CID_5482	R-HSA-1430728_R-HSA-556833_R-HSA-8978868_R-HSA-2142753_R-HSA-2162123_P24557	-6.22241	0.00000	0.00000
CID_5482	R-HSA-1430728_R-HSA-556833_R-HSA-8978868_R-HSA-2142753_R-HSA-2162123_Q16647	-5.03403	0.00000	0.00000
CID_5482	R-HSA-1430728_R-HSA-556833_R-HSA-8978868_R-HSA-2142753_R-HSA-2142688_Q15166	-6.81196	0.00000	0.00000
CID_5482	R-HSA-1430728_R-HSA-556833_R-HSA-8978868_R-HSA-2142753_R-HSA-2142688_Q16873	-5.37227	0.00000	0.00000
CID_5482	R-HSA-1430728_R-HSA-556833_R-HSA-8978868_R-HSA-390918_R-HSA-389599_O14832	-4.54338	0.00000	0.00000
CID_5482	R-HSA-1430728_R-HSA-556833_R-HSA-8978868_R-HSA-75105_R-HSA-75876_Q9GZR5	-7.62372	0.00000	0.00000
CID_5482	R-HSA-1430728_R-HSA-556833_R-HSA-8978868_R-HSA-77289_R-HSA-71032_P05165	-8.96814	0.00000	0.00000
CID_5482	R-HSA-1430728_R-HSA-556833_R-HSA-8978868_R-HSA-77289_R-HSA-71032_P22033	-3.61033	0.00000	0.00000
CID_5482	R-HSA-1430728_R-HSA-556833_R-HSA-8957322_R-HSA-1655829_R-HSA-2426168_P19793	2.56664	0.00000	0.00000
CID_5482	R-HSA-1430728_R-HSA-556833_R-HSA-8957322_R-HSA-1655829_R-HSA-2426168_Q16850	3.11932	0.00000	0.00000
CID_5482	R-HSA-1430728_R-HSA-211859_R-HSA-156580_R-HSA-156587_R-HSA-159424_R-HSA-177128_Q6IB77	-9.98463	0.00000	0.00000
CID_5482	R-HSA-1430728_R-HSA-211859_R-HSA-156580_R-HSA-156587_R-HSA-159424_R-HSA-177135_Q6IB77	-11.69773	0.00000	0.00000
CID_5482	R-HSA-1430728_R-HSA-211859_R-HSA-156580_R-HSA-156588_P22310	-4.19527	0.00500	0.04608
CID_5482	R-HSA-1430728_R-HSA-211859_R-HSA-211945_R-HSA-211897_R-HSA-211958_P13584	-5.09403	0.00500	0.04608
CID_55245	R-HSA-1430728_R-HSA-71291_R-HSA-389661_P11177	-6.28091	0.00000	0.00000
CID_55245	R-HSA-1430728_R-HSA-163685_R-HSA-422356_R-HSA-400042_Q01668	-3.90397	0.00000	0.00000
CID_55245	R-HSA-1430728_R-HSA-163685_R-HSA-422356_R-HSA-400042_Q13936	-4.05087	0.00000	0.00000
CID_55245	R-HSA-1430728_R-HSA-163685_R-HSA-422356_R-HSA-400042_Q9NY47	-3.82175	0.00000	0.00000
CID_55245	R-HSA-1430728_R-HSA-163685_R-HSA-422356_R-HSA-400042_Q08289	-4.34581	0.00000	0.00000
CID_55245	R-HSA-1430728_R-HSA-71291_R-HSA-351202_R-HSA-350562_P20618	-5.88757	0.00000	0.00000
CID_55245	R-HSA-1430728_R-HSA-71291_R-HSA-351202_R-HSA-350562_P49721	-6.10773	0.00000	0.00000
CID_55245	R-HSA-1430728_R-HSA-71291_R-HSA-351202_R-HSA-350562_P28074	-5.85116	0.00000	0.00000
CID_55245	R-HSA-1430728_R-HSA-71291_R-HSA-351202_R-HSA-350562_P28062	-6.27849	0.00000	0.00000
CID_55245	R-HSA-1430728_R-HSA-71291_R-HSA-351202_R-HSA-350562_P25786	-6.41056	0.00000	0.00000
CID_55245	R-HSA-1430728_R-HSA-71291_R-HSA-351202_R-HSA-350562_Q99460	-6.36957	0.00000	0.00000
CID_55245	R-HSA-1430728_R-HSA-71291_R-HSA-351202_R-HSA-350562_Q13200	-6.44196	0.00000	0.00000
CID_55245	R-HSA-1430728_R-HSA-196854_R-HSA-196849_R-HSA-196757_P41440	-8.64780	0.00000	0.00000
CID_55245	R-HSA-74160_R-HSA-73857_R-HSA-212436_R-HSA-383280_P04150	-2.56419	0.00000	0.00000
CID_55245	R-HSA-74160_R-HSA-73857_R-HSA-212436_R-HSA-383280_P10275	-3.39875	0.00000	0.00000
CID_55245	R-HSA-74160_R-HSA-73857_R-HSA-212436_R-HSA-383280_P51843	-3.08485	0.00000	0.00000
CID_55245	R-HSA-1430728_R-HSA-1428517_R-HSA-71406_R-HSA-70268_R-HSA-204174_P19793	-9.13835	0.00000	0.00000
CID_55245	R-HSA-1430728_R-HSA-1483249_R-HSA-1855204_P0DP23	-5.06311	0.00500	0.04608
CID_55245	R-HSA-1430728_R-HSA-202131_R-HSA-203615_P29474	-4.67559	0.00500	0.04608
CID_55245	R-HSA-1430728_R-HSA-71291_R-HSA-389661_Q02218	-5.24271	0.00500	0.04608
CID_55245	R-HSA-1430728_R-HSA-71291_R-HSA-389661_O14561	-6.20102	0.00500	0.04608
CID_55245	R-HSA-1430728_R-HSA-71291_R-HSA-70895_P54687	-5.42804	0.00500	0.04608
CID_55245	R-HSA-1430728_R-HSA-71291_R-HSA-71288_P48066	-5.44808	0.00500	0.04608
CID_55245	R-HSA-1430728_R-HSA-71291_R-HSA-70921_P50135	-5.83288	0.00500	0.04608
CID_55245	R-HSA-1430728_R-HSA-71291_R-HSA-71064_Q02218	-5.20144	0.00500	0.04608
CID_55245	R-HSA-1430728_R-HSA-71291_R-HSA-209776_R-HSA-209931_P17752	-6.54843	0.00500	0.04608
CID_55245	R-HSA-1430728_R-HSA-71291_R-HSA-2408522_R-HSA-2408557_P39023	-6.34609	0.00500	0.04608
CID_55245	R-HSA-1430728_R-HSA-71291_R-HSA-2408522_R-HSA-2408508_P50135	-7.67592	0.00500	0.04608
CID_55245	R-HSA-1430728_R-HSA-71291_R-HSA-2408522_R-HSA-2408508_P40261	-7.53052	0.00500	0.04608
CID_55245	R-HSA-1430728_R-HSA-1428517_R-HSA-71406_R-HSA-71403_Q02218	-7.35072	0.00500	0.04608
CID_55245	R-HSA-1430728_R-HSA-196854_R-HSA-6806667_R-HSA-975634_P09455	-8.80643	0.00500	0.04608
CID_55245	R-HSA-1430728_R-HSA-196854_R-HSA-8978934_R-HSA-1474151_P0DP23	-6.92882	0.00500	0.04608
CID_55245	R-HSA-1430728_R-HSA-196854_R-HSA-8978934_R-HSA-1474151_P29474	-7.09748	0.00500	0.04608
CID_55245	R-HSA-1430728_R-HSA-71387_R-HSA-8982491_R-HSA-70221_P0DP23	-5.70623	0.00500	0.04608
CID_55245	R-HSA-1430728_R-HSA-71387_R-HSA-70326_R-HSA-70263_P11498	-7.37503	0.00500	0.04608
CID_55245	R-HSA-1430728_R-HSA-71387_R-HSA-70326_R-HSA-70263_P00558	-7.62199	0.00500	0.04608
CID_55245	R-HSA-74160_R-HSA-73857_R-HSA-212436_R-HSA-383280_P08235	-3.21759	0.00500	0.04608
CID_55245	R-HSA-74160_R-HSA-73857_R-HSA-212436_R-HSA-383280_P62508	-3.37828	0.00500	0.04608
CID_55245	R-HSA-1430728_R-HSA-1428517_R-HSA-163200_R-HSA-611105_R-HSA-6799198_P19404	-10.95903	0.00500	0.04608
CID_55245	R-HSA-1430728_R-HSA-1428517_R-HSA-163200_R-HSA-611105_R-HSA-6799198_Q16795	-10.95832	0.00500	0.04608
CID_55245	R-HSA-1430728_R-HSA-1428517_R-HSA-163200_R-HSA-611105_R-HSA-6799198_O95182	-10.95984	0.00500	0.04608
CID_55245	R-HSA-1430728_R-HSA-1428517_R-HSA-163200_R-HSA-611105_R-HSA-6799198_P56556	-10.95863	0.00500	0.04608
CID_55245	R-HSA-1430728_R-HSA-1428517_R-HSA-163200_R-HSA-611105_R-HSA-6799198_O95167	-10.95863	0.00500	0.04608
CID_55245	R-HSA-1430728_R-HSA-1428517_R-HSA-163200_R-HSA-611105_R-HSA-6799198_O95299	-10.95858	0.00500	0.04608
CID_55245	R-HSA-1430728_R-HSA-1428517_R-HSA-163200_R-HSA-611105_R-HSA-6799198_O14561	-10.10955	0.00500	0.04608
CID_55245	R-HSA-1430728_R-HSA-1428517_R-HSA-163200_R-HSA-611105_R-HSA-6799198_O75438	-10.95948	0.00500	0.04608
CID_55245	R-HSA-1430728_R-HSA-1428517_R-HSA-163200_R-HSA-611105_R-HSA-6799198_O95178	-10.95928	0.00500	0.04608
CID_55245	R-HSA-1430728_R-HSA-1428517_R-HSA-163200_R-HSA-611105_R-HSA-6799198_O43920	-10.95898	0.00500	0.04608
CID_55245	R-HSA-1430728_R-HSA-1428517_R-HSA-163200_R-HSA-611105_R-HSA-6799198_O43181	-10.95834	0.00500	0.04608
CID_55245	R-HSA-1430728_R-HSA-1428517_R-HSA-163200_R-HSA-611105_R-HSA-6799198_P49821	-10.95835	0.00500	0.04608
CID_55245	R-HSA-1430728_R-HSA-1428517_R-HSA-163200_R-HSA-611105_R-HSA-6799198_O75489	-10.95882	0.00500	0.04608
CID_55245	R-HSA-1430728_R-HSA-1428517_R-HSA-163200_R-HSA-611105_R-HSA-6799198_P56181	-10.95828	0.00500	0.04608
CID_55245	R-HSA-1430728_R-HSA-1428517_R-HSA-163200_R-HSA-611105_R-HSA-6799198_Q9Y6M9	-10.95886	0.00500	0.04608
CID_55245	R-HSA-1430728_R-HSA-1428517_R-HSA-163200_R-HSA-611105_R-HSA-6799198_P17568	-10.95887	0.00500	0.04608
CID_55245	R-HSA-1430728_R-HSA-1428517_R-HSA-163200_R-HSA-611105_R-HSA-6799198_O95139	-10.95894	0.00500	0.04608
CID_55245	R-HSA-1430728_R-HSA-1428517_R-HSA-163200_R-HSA-611105_R-HSA-6799198_O95168	-10.95888	0.00500	0.04608
CID_55245	R-HSA-1430728_R-HSA-1428517_R-HSA-71406_R-HSA-70268_R-HSA-204174_P11177	-10.52483	0.00500	0.04608
CID_55245	R-HSA-1430728_R-HSA-71387_R-HSA-70326_R-HSA-70171_R-HSA-9634600_P67775	-9.49491	0.00500	0.04608
CID_55245	R-HSA-74160_R-HSA-73857_R-HSA-212436_R-HSA-8878159_R-HSA-8941855_P04637	-5.82747	0.00500	0.04608
CID_55245	R-HSA-74160_R-HSA-73857_R-HSA-212436_R-HSA-8878166_R-HSA-8939902_P04150	-3.48736	0.00500	0.04608
CID_55245	R-HSA-74160_R-HSA-73857_R-HSA-212436_R-HSA-8878166_R-HSA-8939902_P20618	-4.04344	0.00500	0.04608
CID_55245	R-HSA-74160_R-HSA-73857_R-HSA-212436_R-HSA-8878166_R-HSA-8939902_P49721	-4.26359	0.00500	0.04608
CID_55245	R-HSA-74160_R-HSA-73857_R-HSA-212436_R-HSA-8878166_R-HSA-8939902_P28074	-4.00702	0.00500	0.04608
CID_55245	R-HSA-74160_R-HSA-73857_R-HSA-212436_R-HSA-8878166_R-HSA-8939902_P28062	-4.43435	0.00500	0.04608
CID_55245	R-HSA-74160_R-HSA-73857_R-HSA-212436_R-HSA-3700989_R-HSA-5633008_R-HSA-6803204_P04637	-10.21051	0.00500	0.04608
CID_55245	R-HSA-74160_R-HSA-73857_R-HSA-212436_R-HSA-3700989_R-HSA-5633008_R-HSA-6803207_P04637	-9.66158	0.00500	0.04608
CID_55245	R-HSA-74160_R-HSA-73857_R-HSA-212436_R-HSA-3700989_R-HSA-5633008_R-HSA-6803211_P04637	-9.95125	0.00500	0.04608
CID_5546	R-HSA-162582_R-HSA-372790_R-HSA-388396_R-HSA-418597_P05771	-7.96362	0.00000	0.00000
CID_5546	R-HSA-162582_R-HSA-372790_R-HSA-388396_R-HSA-416476_R-HSA-881907_R-HSA-2179392_P17252	-12.58826	0.00000	0.00000
CID_5546	R-HSA-162582_R-HSA-372790_R-HSA-388396_R-HSA-418594_R-HSA-2187338_R-HSA-2187335_P12271	-14.57770	0.00000	0.00000
CID_5546	R-HSA-162582_R-HSA-372790_R-HSA-388396_R-HSA-418594_R-HSA-2187338_R-HSA-2187335_P10745	-14.57249	0.00000	0.00000
CID_5546	R-HSA-162582_R-HSA-372790_R-HSA-388396_R-HSA-418594_R-HSA-2187338_R-HSA-2453902_O95237	-13.54238	0.00000	0.00000
CID_5546	R-HSA-162582_R-HSA-372790_R-HSA-388396_R-HSA-418594_R-HSA-2187338_R-HSA-2453902_P12271	-13.81788	0.00000	0.00000
CID_5546	R-HSA-162582_R-HSA-372790_R-HSA-388396_R-HSA-418594_R-HSA-2187338_R-HSA-2453902_P10745	-13.81267	0.00000	0.00000
CID_5546	R-HSA-162582_R-HSA-372790_R-HSA-388396_R-HSA-418594_R-HSA-2187338_R-HSA-975634_O95237	-13.63989	0.00000	0.00000
CID_5546	R-HSA-162582_R-HSA-372790_R-HSA-388396_R-HSA-418597_P17252	-8.03314	0.00500	0.04608
CID_5546	R-HSA-162582_R-HSA-372790_R-HSA-500792_R-HSA-373076_R-HSA-375281_P30968	-8.26460	0.00500	0.04608
CID_5546	R-HSA-162582_R-HSA-372790_R-HSA-388396_R-HSA-397795_R-HSA-392451_O15530	-10.20049	0.00500	0.04608
CID_5546	R-HSA-162582_R-HSA-372790_R-HSA-500792_R-HSA-373076_R-HSA-375276_R-HSA-380108_P10145	-10.20733	0.00500	0.04608
CID_5546	R-HSA-162582_R-HSA-372790_R-HSA-500792_R-HSA-373076_R-HSA-375280_R-HSA-390666_P50406	-8.45779	0.00500	0.04608
CID_5546	R-HSA-162582_R-HSA-372790_R-HSA-500792_R-HSA-373076_R-HSA-391903_R-HSA-391908_P43088	-12.60929	0.00500	0.04608
CID_5546	R-HSA-162582_R-HSA-372790_R-HSA-500792_R-HSA-373076_R-HSA-391903_R-HSA-391908_P43116	-11.23387	0.00500	0.04608
CID_5546	R-HSA-162582_R-HSA-372790_R-HSA-388396_R-HSA-418594_R-HSA-2187338_R-HSA-2187335_O75911	-15.14981	0.00500	0.04608
CID_5546	R-HSA-162582_R-HSA-372790_R-HSA-388396_R-HSA-418594_R-HSA-2187338_R-HSA-2453902_P02753	-13.61457	0.00500	0.04608
CID_5546	R-HSA-162582_R-HSA-372790_R-HSA-388396_R-HSA-418594_R-HSA-2187338_R-HSA-2453902_P09455	-13.57161	0.00500	0.04608
CID_5546	R-HSA-162582_R-HSA-372790_R-HSA-388396_R-HSA-418594_R-HSA-2187338_R-HSA-975634_P02753	-13.71208	0.00500	0.04608
CID_5546	R-HSA-162582_R-HSA-372790_R-HSA-388396_R-HSA-418594_R-HSA-2187338_R-HSA-975634_P50120	-14.12966	0.00500	0.04608
CID_5546	R-HSA-162582_R-HSA-372790_R-HSA-388396_R-HSA-418594_R-HSA-2187338_R-HSA-975634_P09455	-13.66912	0.00500	0.04608
CID_5546	R-HSA-162582_R-HSA-372790_R-HSA-388396_R-HSA-418594_R-HSA-111885_R-HSA-202040_P01189	-13.34551	0.00500	0.04608
CID_5546	R-HSA-162582_R-HSA-372790_R-HSA-388396_R-HSA-418594_R-HSA-2187338_R-HSA-2514856_R-HSA-2514859_P50579	-13.79565	0.00500	0.04608
CID_5546	R-HSA-162582_R-HSA-372790_R-HSA-388396_R-HSA-418594_R-HSA-2187338_R-HSA-2514856_R-HSA-2514859_P17252	-13.70909	0.00500	0.04608
CID_5546	R-HSA-162582_R-HSA-372790_R-HSA-388396_R-HSA-418594_R-HSA-2187338_R-HSA-2514856_R-HSA-2514859_P35913	-14.58535	0.00500	0.04608
CID_5546	R-HSA-162582_R-HSA-372790_R-HSA-388396_R-HSA-418594_R-HSA-2187338_R-HSA-2514856_R-HSA-2485179_P35913	-15.55435	0.00500	0.04608
CID_5564	R-HSA-162582_R-HSA-372790_R-HSA-388396_R-HSA-418597_P05771	-7.96361	0.00000	0.00000
CID_5564	R-HSA-162582_R-HSA-372790_R-HSA-388396_R-HSA-416476_R-HSA-881907_R-HSA-2179392_P17252	-12.58825	0.00000	0.00000
CID_5564	R-HSA-162582_R-HSA-372790_R-HSA-388396_R-HSA-418594_R-HSA-2187338_R-HSA-2187335_P12271	-14.57768	0.00000	0.00000
CID_5564	R-HSA-162582_R-HSA-372790_R-HSA-388396_R-HSA-418594_R-HSA-2187338_R-HSA-2187335_P10745	-14.57247	0.00000	0.00000
CID_5564	R-HSA-162582_R-HSA-372790_R-HSA-388396_R-HSA-418594_R-HSA-2187338_R-HSA-2453902_O95237	-13.54237	0.00000	0.00000
CID_5564	R-HSA-162582_R-HSA-372790_R-HSA-388396_R-HSA-418594_R-HSA-2187338_R-HSA-2453902_P12271	-13.81786	0.00000	0.00000
CID_5564	R-HSA-162582_R-HSA-372790_R-HSA-388396_R-HSA-418594_R-HSA-2187338_R-HSA-2453902_P10745	-13.81265	0.00000	0.00000
CID_5564	R-HSA-162582_R-HSA-372790_R-HSA-388396_R-HSA-418594_R-HSA-2187338_R-HSA-975634_O95237	-13.63987	0.00000	0.00000
CID_5564	R-HSA-162582_R-HSA-372790_R-HSA-388396_R-HSA-418597_P17252	-8.03313	0.00500	0.04608
CID_5564	R-HSA-162582_R-HSA-372790_R-HSA-500792_R-HSA-373076_R-HSA-375281_P30968	-8.26458	0.00500	0.04608
CID_5564	R-HSA-162582_R-HSA-372790_R-HSA-388396_R-HSA-397795_R-HSA-392451_O15530	-10.20048	0.00500	0.04608
CID_5564	R-HSA-162582_R-HSA-372790_R-HSA-500792_R-HSA-373076_R-HSA-375276_R-HSA-380108_P10145	-10.20731	0.00500	0.04608
CID_5564	R-HSA-162582_R-HSA-372790_R-HSA-500792_R-HSA-373076_R-HSA-375280_R-HSA-390666_P50406	-8.45777	0.00500	0.04608
CID_5564	R-HSA-162582_R-HSA-372790_R-HSA-500792_R-HSA-373076_R-HSA-391903_R-HSA-391908_P43088	-12.60928	0.00500	0.04608
CID_5564	R-HSA-162582_R-HSA-372790_R-HSA-500792_R-HSA-373076_R-HSA-391903_R-HSA-391908_P43116	-11.23386	0.00500	0.04608
CID_5564	R-HSA-162582_R-HSA-372790_R-HSA-388396_R-HSA-418594_R-HSA-2187338_R-HSA-2187335_O75911	-15.14979	0.00500	0.04608
CID_5564	R-HSA-162582_R-HSA-372790_R-HSA-388396_R-HSA-418594_R-HSA-2187338_R-HSA-2453902_P02753	-13.61455	0.00500	0.04608
CID_5564	R-HSA-162582_R-HSA-372790_R-HSA-388396_R-HSA-418594_R-HSA-2187338_R-HSA-2453902_P09455	-13.57160	0.00500	0.04608
CID_5564	R-HSA-162582_R-HSA-372790_R-HSA-388396_R-HSA-418594_R-HSA-2187338_R-HSA-975634_P02753	-13.71206	0.00500	0.04608
CID_5564	R-HSA-162582_R-HSA-372790_R-HSA-388396_R-HSA-418594_R-HSA-2187338_R-HSA-975634_P50120	-14.12964	0.00500	0.04608
CID_5564	R-HSA-162582_R-HSA-372790_R-HSA-388396_R-HSA-418594_R-HSA-2187338_R-HSA-975634_P09455	-13.66910	0.00500	0.04608
CID_5564	R-HSA-162582_R-HSA-372790_R-HSA-388396_R-HSA-418594_R-HSA-111885_R-HSA-202040_P01189	-13.34550	0.00500	0.04608
CID_5564	R-HSA-162582_R-HSA-372790_R-HSA-388396_R-HSA-418594_R-HSA-2187338_R-HSA-2514856_R-HSA-2514859_P50579	-13.79563	0.00500	0.04608
CID_5564	R-HSA-162582_R-HSA-372790_R-HSA-388396_R-HSA-418594_R-HSA-2187338_R-HSA-2514856_R-HSA-2514859_P17252	-13.70907	0.00500	0.04608
CID_5564	R-HSA-162582_R-HSA-372790_R-HSA-388396_R-HSA-418594_R-HSA-2187338_R-HSA-2514856_R-HSA-2514859_P35913	-14.58533	0.00500	0.04608
CID_5564	R-HSA-162582_R-HSA-372790_R-HSA-388396_R-HSA-418594_R-HSA-2187338_R-HSA-2514856_R-HSA-2485179_P35913	-15.55433	0.00500	0.04608
CID_5625	R-HSA-162582_R-HSA-372790_R-HSA-388396_R-HSA-418597_P05771	-7.96362	0.00000	0.00000
CID_5625	R-HSA-162582_R-HSA-372790_R-HSA-388396_R-HSA-416476_R-HSA-881907_R-HSA-2179392_P17252	-12.58826	0.00000	0.00000
CID_5625	R-HSA-162582_R-HSA-372790_R-HSA-388396_R-HSA-418594_R-HSA-2187338_R-HSA-2187335_P12271	-14.57770	0.00000	0.00000
CID_5625	R-HSA-162582_R-HSA-372790_R-HSA-388396_R-HSA-418594_R-HSA-2187338_R-HSA-2187335_P10745	-14.57249	0.00000	0.00000
CID_5625	R-HSA-162582_R-HSA-372790_R-HSA-388396_R-HSA-418594_R-HSA-2187338_R-HSA-2453902_O95237	-13.54238	0.00000	0.00000
CID_5625	R-HSA-162582_R-HSA-372790_R-HSA-388396_R-HSA-418594_R-HSA-2187338_R-HSA-2453902_P12271	-13.81788	0.00000	0.00000
CID_5625	R-HSA-162582_R-HSA-372790_R-HSA-388396_R-HSA-418594_R-HSA-2187338_R-HSA-2453902_P10745	-13.81267	0.00000	0.00000
CID_5625	R-HSA-162582_R-HSA-372790_R-HSA-388396_R-HSA-418594_R-HSA-2187338_R-HSA-975634_O95237	-13.63989	0.00000	0.00000
CID_5625	R-HSA-162582_R-HSA-372790_R-HSA-388396_R-HSA-418597_P17252	-8.03314	0.00500	0.04608
CID_5625	R-HSA-162582_R-HSA-372790_R-HSA-500792_R-HSA-373076_R-HSA-375281_P30968	-8.26460	0.00500	0.04608
CID_5625	R-HSA-162582_R-HSA-372790_R-HSA-388396_R-HSA-397795_R-HSA-392451_O15530	-10.20049	0.00500	0.04608
CID_5625	R-HSA-162582_R-HSA-372790_R-HSA-500792_R-HSA-373076_R-HSA-375276_R-HSA-380108_P10145	-10.20733	0.00500	0.04608
CID_5625	R-HSA-162582_R-HSA-372790_R-HSA-500792_R-HSA-373076_R-HSA-375280_R-HSA-390666_P50406	-8.45779	0.00500	0.04608
CID_5625	R-HSA-162582_R-HSA-372790_R-HSA-500792_R-HSA-373076_R-HSA-391903_R-HSA-391908_P43088	-12.60929	0.00500	0.04608
CID_5625	R-HSA-162582_R-HSA-372790_R-HSA-500792_R-HSA-373076_R-HSA-391903_R-HSA-391908_P43116	-11.23387	0.00500	0.04608
CID_5625	R-HSA-162582_R-HSA-372790_R-HSA-388396_R-HSA-418594_R-HSA-2187338_R-HSA-2187335_O75911	-15.14981	0.00500	0.04608
CID_5625	R-HSA-162582_R-HSA-372790_R-HSA-388396_R-HSA-418594_R-HSA-2187338_R-HSA-2453902_P02753	-13.61457	0.00500	0.04608
CID_5625	R-HSA-162582_R-HSA-372790_R-HSA-388396_R-HSA-418594_R-HSA-2187338_R-HSA-2453902_P09455	-13.57161	0.00500	0.04608
CID_5625	R-HSA-162582_R-HSA-372790_R-HSA-388396_R-HSA-418594_R-HSA-2187338_R-HSA-975634_P02753	-13.71208	0.00500	0.04608
CID_5625	R-HSA-162582_R-HSA-372790_R-HSA-388396_R-HSA-418594_R-HSA-2187338_R-HSA-975634_P50120	-14.12966	0.00500	0.04608
CID_5625	R-HSA-162582_R-HSA-372790_R-HSA-388396_R-HSA-418594_R-HSA-2187338_R-HSA-975634_P09455	-13.66912	0.00500	0.04608
CID_5625	R-HSA-162582_R-HSA-372790_R-HSA-388396_R-HSA-418594_R-HSA-111885_R-HSA-202040_P01189	-13.34551	0.00500	0.04608
CID_5625	R-HSA-162582_R-HSA-372790_R-HSA-388396_R-HSA-418594_R-HSA-2187338_R-HSA-2514856_R-HSA-2514859_P50579	-13.79565	0.00500	0.04608
CID_5625	R-HSA-162582_R-HSA-372790_R-HSA-388396_R-HSA-418594_R-HSA-2187338_R-HSA-2514856_R-HSA-2514859_P17252	-13.70909	0.00500	0.04608
CID_5625	R-HSA-162582_R-HSA-372790_R-HSA-388396_R-HSA-418594_R-HSA-2187338_R-HSA-2514856_R-HSA-2514859_P35913	-14.58535	0.00500	0.04608
CID_5625	R-HSA-162582_R-HSA-372790_R-HSA-388396_R-HSA-418594_R-HSA-2187338_R-HSA-2514856_R-HSA-2485179_P35913	-15.55435	0.00500	0.04608
CID_57363	R-HSA-162582_R-HSA-372790_R-HSA-388396_R-HSA-418594_R-HSA-2187338_R-HSA-2187335_P12271	-14.76969	0.00000	0.00000
CID_57363	R-HSA-162582_R-HSA-372790_R-HSA-388396_R-HSA-418594_R-HSA-2187338_R-HSA-2187335_P10745	-14.76447	0.00000	0.00000
CID_57363	R-HSA-162582_R-HSA-372790_R-HSA-388396_R-HSA-418594_R-HSA-2187338_R-HSA-2453902_O95237	-13.73392	0.00000	0.00000
CID_57363	R-HSA-162582_R-HSA-372790_R-HSA-388396_R-HSA-418594_R-HSA-2187338_R-HSA-2453902_P12271	-14.00987	0.00000	0.00000
CID_57363	R-HSA-162582_R-HSA-372790_R-HSA-388396_R-HSA-418594_R-HSA-2187338_R-HSA-2453902_P10745	-14.00465	0.00000	0.00000
CID_57363	R-HSA-162582_R-HSA-372790_R-HSA-388396_R-HSA-418594_R-HSA-2187338_R-HSA-975634_O95237	-13.83063	0.00000	0.00000
CID_57363	R-HSA-162582_R-HSA-372790_R-HSA-388396_R-HSA-418597_P17252	-8.17027	0.00500	0.04608
CID_57363	R-HSA-162582_R-HSA-372790_R-HSA-500792_R-HSA-373076_R-HSA-375281_P30968	-8.42915	0.00500	0.04608
CID_57363	R-HSA-162582_R-HSA-372790_R-HSA-500792_R-HSA-373076_R-HSA-375276_R-HSA-380108_P10145	-10.39932	0.00500	0.04608
CID_57363	R-HSA-162582_R-HSA-372790_R-HSA-500792_R-HSA-373076_R-HSA-391903_R-HSA-391908_P43088	-12.80128	0.00500	0.04608
CID_57363	R-HSA-162582_R-HSA-372790_R-HSA-500792_R-HSA-373076_R-HSA-391903_R-HSA-391908_P43116	-11.42586	0.00500	0.04608
CID_57363	R-HSA-162582_R-HSA-372790_R-HSA-388396_R-HSA-416476_R-HSA-881907_R-HSA-2179392_P17252	-12.78025	0.00500	0.04608
CID_57363	R-HSA-162582_R-HSA-372790_R-HSA-388396_R-HSA-418594_R-HSA-2187338_R-HSA-2187335_O75911	-15.34180	0.00500	0.04608
CID_57363	R-HSA-162582_R-HSA-372790_R-HSA-388396_R-HSA-418594_R-HSA-2187338_R-HSA-2453902_P02753	-13.80613	0.00500	0.04608
CID_57363	R-HSA-162582_R-HSA-372790_R-HSA-388396_R-HSA-418594_R-HSA-2187338_R-HSA-2453902_P09455	-13.76318	0.00500	0.04608
CID_57363	R-HSA-162582_R-HSA-372790_R-HSA-388396_R-HSA-418594_R-HSA-2187338_R-HSA-975634_P02753	-13.90284	0.00500	0.04608
CID_57363	R-HSA-162582_R-HSA-372790_R-HSA-388396_R-HSA-418594_R-HSA-2187338_R-HSA-975634_P50120	-14.32000	0.00500	0.04608
CID_57363	R-HSA-162582_R-HSA-372790_R-HSA-388396_R-HSA-418594_R-HSA-2187338_R-HSA-975634_P09455	-13.85989	0.00500	0.04608
CID_57363	R-HSA-162582_R-HSA-372790_R-HSA-388396_R-HSA-418594_R-HSA-111885_R-HSA-202040_P01189	-13.53750	0.00500	0.04608
CID_57363	R-HSA-162582_R-HSA-372790_R-HSA-388396_R-HSA-418594_R-HSA-2187338_R-HSA-2514856_R-HSA-2514859_P50579	-14.01506	0.00500	0.04608
CID_57363	R-HSA-162582_R-HSA-372790_R-HSA-388396_R-HSA-418594_R-HSA-2187338_R-HSA-2514856_R-HSA-2514859_P17252	-13.92851	0.00500	0.04608
CID_57363	R-HSA-162582_R-HSA-372790_R-HSA-388396_R-HSA-418594_R-HSA-2187338_R-HSA-2514856_R-HSA-2514859_P35913	-14.80476	0.00500	0.04608
CID_57363	R-HSA-162582_R-HSA-372790_R-HSA-388396_R-HSA-418594_R-HSA-2187338_R-HSA-2514856_R-HSA-2485179_P35913	-15.77376	0.00500	0.04608
CID_5743	R-HSA-1430728_R-HSA-1483249_R-HSA-1855204_P0DP23	-4.44183	0.00000	0.00000
CID_5743	R-HSA-1430728_R-HSA-202131_R-HSA-203615_P0DP23	-3.97293	0.00000	0.00000
CID_5743	R-HSA-1430728_R-HSA-202131_R-HSA-203615_P29474	-4.20093	0.00000	0.00000
CID_5743	R-HSA-1430728_R-HSA-15869_R-HSA-499943_P04818	-4.54182	0.00000	0.00000
CID_5743	R-HSA-1430728_R-HSA-163685_R-HSA-163767_P62714	-4.51095	0.00000	0.00000
CID_5743	R-HSA-1430728_R-HSA-71291_R-HSA-389661_Q02218	-4.59882	0.00000	0.00000
CID_5743	R-HSA-1430728_R-HSA-71291_R-HSA-389661_O14561	-5.56544	0.00000	0.00000
CID_5743	R-HSA-1430728_R-HSA-71291_R-HSA-70895_P54687	-4.79384	0.00000	0.00000
CID_5743	R-HSA-1430728_R-HSA-71291_R-HSA-71288_P48066	-4.81920	0.00000	0.00000
CID_5743	R-HSA-1430728_R-HSA-71291_R-HSA-70921_P50135	-5.19704	0.00000	0.00000
CID_5743	R-HSA-1430728_R-HSA-71291_R-HSA-71064_Q02218	-4.55809	0.00000	0.00000
CID_5743	R-HSA-1430728_R-HSA-211859_R-HSA-5423646_O14880	-5.87556	0.00000	0.00000
CID_5743	R-HSA-1430728_R-HSA-15869_R-HSA-8956319_R-HSA-73621_P19971	-6.12354	0.00000	0.00000
CID_5743	R-HSA-1430728_R-HSA-15869_R-HSA-8956321_R-HSA-73614_P19971	-6.47516	0.00000	0.00000
CID_5743	R-HSA-1430728_R-HSA-15869_R-HSA-8956321_R-HSA-73614_Q16831	-6.73128	0.00000	0.00000
CID_5743	R-HSA-1430728_R-HSA-163685_R-HSA-422356_R-HSA-400042_Q01668	-3.38901	0.00000	0.00000
CID_5743	R-HSA-1430728_R-HSA-163685_R-HSA-422356_R-HSA-400042_Q13936	-3.53591	0.00000	0.00000
CID_5743	R-HSA-1430728_R-HSA-163685_R-HSA-422356_R-HSA-400042_Q9NY47	-3.30678	0.00000	0.00000
CID_5743	R-HSA-1430728_R-HSA-163685_R-HSA-422356_R-HSA-400042_Q08289	-3.83084	0.00000	0.00000
CID_5743	R-HSA-1430728_R-HSA-163685_R-HSA-422356_R-HSA-381676_Q9BQ31	-2.33345	0.00000	0.00000
CID_5743	R-HSA-1430728_R-HSA-71291_R-HSA-209776_R-HSA-209931_P17752	-5.86856	0.00000	0.00000
CID_5743	R-HSA-1430728_R-HSA-71291_R-HSA-2408522_R-HSA-2408557_P39023	-5.65398	0.00000	0.00000
CID_5743	R-HSA-1430728_R-HSA-71291_R-HSA-2408522_R-HSA-2408508_P50135	-6.98451	0.00000	0.00000
CID_5743	R-HSA-1430728_R-HSA-71291_R-HSA-2408522_R-HSA-2408508_P40261	-6.83283	0.00000	0.00000
CID_5743	R-HSA-1430728_R-HSA-71291_R-HSA-351202_R-HSA-350562_P20618	-5.51427	0.00000	0.00000
CID_5743	R-HSA-1430728_R-HSA-71291_R-HSA-351202_R-HSA-350562_P49721	-5.72839	0.00000	0.00000
CID_5743	R-HSA-1430728_R-HSA-71291_R-HSA-351202_R-HSA-350562_P28074	-5.47584	0.00000	0.00000
CID_5743	R-HSA-1430728_R-HSA-71291_R-HSA-351202_R-HSA-350562_P28062	-5.89716	0.00000	0.00000
CID_5743	R-HSA-1430728_R-HSA-71291_R-HSA-351202_R-HSA-350562_P25786	-6.02139	0.00000	0.00000
CID_5743	R-HSA-1430728_R-HSA-71291_R-HSA-351202_R-HSA-350562_Q99460	-5.98191	0.00000	0.00000
CID_5743	R-HSA-1430728_R-HSA-71291_R-HSA-351202_R-HSA-350562_Q13200	-6.05200	0.00000	0.00000
CID_5743	R-HSA-1430728_R-HSA-1428517_R-HSA-71406_R-HSA-71403_Q02218	-6.61610	0.00000	0.00000
CID_5743	R-HSA-1430728_R-HSA-196854_R-HSA-8978934_R-HSA-1474151_P29474	-6.43400	0.00000	0.00000
CID_5743	R-HSA-1430728_R-HSA-196854_R-HSA-196849_R-HSA-196757_P41440	-7.92350	0.00000	0.00000
CID_5743	R-HSA-1430728_R-HSA-71387_R-HSA-8982491_R-HSA-70221_P0DP23	-4.97033	0.00000	0.00000
CID_5743	R-HSA-1430728_R-HSA-556833_R-HSA-400206_R-HSA-1989781_P19793	-4.41477	0.00000	0.00000
CID_5743	R-HSA-1430728_R-HSA-556833_R-HSA-400206_R-HSA-1989781_P35869	-5.37210	0.00000	0.00000
CID_5743	R-HSA-1430728_R-HSA-556833_R-HSA-8978868_R-HSA-200425_P19793	-7.15108	0.00000	0.00000
CID_5743	R-HSA-1430728_R-HSA-556833_R-HSA-8957322_R-HSA-196791_Q6VVX0	-5.58474	0.00000	0.00000
CID_5743	R-HSA-1430728_R-HSA-556833_R-HSA-8957322_R-HSA-196791_P02774	-5.58460	0.00000	0.00000
CID_5743	R-HSA-1430728_R-HSA-556833_R-HSA-8957322_R-HSA-196791_O60494	-7.61354	0.00000	0.00000
CID_5743	R-HSA-1430728_R-HSA-1428517_R-HSA-163200_R-HSA-611105_R-HSA-6799198_O14561	-9.37841	0.00000	0.00000
CID_5743	R-HSA-1430728_R-HSA-1428517_R-HSA-71406_R-HSA-70268_R-HSA-204174_P19793	-7.62134	0.00000	0.00000
CID_5743	R-HSA-1430728_R-HSA-1428517_R-HSA-71406_R-HSA-70268_R-HSA-204174_P11177	-9.73956	0.00000	0.00000
CID_5743	R-HSA-1430728_R-HSA-556833_R-HSA-8978868_R-HSA-2142753_R-HSA-2142670_Q16678	-49.62611	0.00000	0.00000
CID_5743	R-HSA-1430728_R-HSA-556833_R-HSA-8978868_R-HSA-2142753_R-HSA-2142670_P04798	-47.69954	0.00000	0.00000
CID_5743	R-HSA-1430728_R-HSA-556833_R-HSA-8957322_R-HSA-1655829_R-HSA-2426168_P19793	-4.47208	0.00000	0.00000
CID_5743	R-HSA-1430728_R-HSA-2161522_R-HSA-2161517_O15245	-6.69779	0.00500	0.04608
CID_5743	R-HSA-1430728_R-HSA-163685_R-HSA-163765_P30613	-3.52754	0.00500	0.04608
CID_5743	R-HSA-1430728_R-HSA-163685_R-HSA-163767_P67775	-4.80940	0.00500	0.04608
CID_5743	R-HSA-1430728_R-HSA-71291_R-HSA-389661_P11177	-5.64431	0.00500	0.04608
CID_5743	R-HSA-1430728_R-HSA-211859_R-HSA-5423646_P10620	-5.89388	0.00500	0.04608
CID_5743	R-HSA-1430728_R-HSA-15869_R-HSA-8956319_R-HSA-73621_Q16831	-6.37967	0.00500	0.04608
CID_5743	R-HSA-1430728_R-HSA-15869_R-HSA-8956321_R-HSA-74217_P00813	-6.10572	0.00500	0.04608
CID_5743	R-HSA-1430728_R-HSA-1428517_R-HSA-163200_R-HSA-163210_P30049	-6.82010	0.00500	0.04608
CID_5743	R-HSA-1430728_R-HSA-196854_R-HSA-8978934_R-HSA-1474151_P0DP23	-6.20600	0.00500	0.04608
CID_5743	R-HSA-1430728_R-HSA-196854_R-HSA-196849_R-HSA-196741_P33527	-7.81753	0.00500	0.04608
CID_5743	R-HSA-1430728_R-HSA-196854_R-HSA-196849_R-HSA-196741_P22033	-7.65989	0.00500	0.04608
CID_5743	R-HSA-1430728_R-HSA-196854_R-HSA-196849_R-HSA-196741_Q9UBK8	-7.88511	0.00500	0.04608
CID_5743	R-HSA-1430728_R-HSA-196854_R-HSA-196849_R-HSA-196741_O60494	-9.11440	0.00500	0.04608
CID_5743	R-HSA-1430728_R-HSA-196854_R-HSA-196849_R-HSA-196780_P05165	-12.68475	0.00500	0.04608
CID_5743	R-HSA-1430728_R-HSA-196854_R-HSA-196849_R-HSA-196780_Q9Y289	-9.36177	0.00500	0.04608
CID_5743	R-HSA-1430728_R-HSA-196854_R-HSA-196849_R-HSA-196757_Q96NT5	-7.83950	0.00500	0.04608
CID_5743	R-HSA-1430728_R-HSA-196854_R-HSA-196849_R-HSA-196836_Q9UHI7	-6.90690	0.00500	0.04608
CID_5743	R-HSA-1430728_R-HSA-71387_R-HSA-8982491_R-HSA-70221_P06737	-7.76426	0.00500	0.04608
CID_5743	R-HSA-1430728_R-HSA-71387_R-HSA-70326_R-HSA-70263_P11498	-6.58851	0.00500	0.04608
CID_5743	R-HSA-1430728_R-HSA-71387_R-HSA-70326_R-HSA-70263_P00558	-6.82493	0.00500	0.04608
CID_5743	R-HSA-1430728_R-HSA-211859_R-HSA-156580_R-HSA-156581_P40261	-8.12981	0.00500	0.04608
CID_5743	R-HSA-1430728_R-HSA-556833_R-HSA-400206_R-HSA-1989781_P04798	-4.78498	0.00500	0.04608
CID_5743	R-HSA-1430728_R-HSA-556833_R-HSA-400206_R-HSA-1989781_O60427	-5.92053	0.00500	0.04608
CID_5743	R-HSA-1430728_R-HSA-1428517_R-HSA-163200_R-HSA-611105_R-HSA-6799198_P19404	-10.23420	0.00500	0.04608
CID_5743	R-HSA-1430728_R-HSA-1428517_R-HSA-163200_R-HSA-611105_R-HSA-6799198_Q16795	-10.23350	0.00500	0.04608
CID_5743	R-HSA-1430728_R-HSA-1428517_R-HSA-163200_R-HSA-611105_R-HSA-6799198_P51970	-10.23493	0.00500	0.04608
CID_5743	R-HSA-1430728_R-HSA-1428517_R-HSA-163200_R-HSA-611105_R-HSA-6799198_O95182	-10.23502	0.00500	0.04608
CID_5743	R-HSA-1430728_R-HSA-1428517_R-HSA-163200_R-HSA-611105_R-HSA-6799198_P56556	-10.23381	0.00500	0.04608
CID_5743	R-HSA-1430728_R-HSA-1428517_R-HSA-163200_R-HSA-611105_R-HSA-6799198_Q16718	-10.23398	0.00500	0.04608
CID_5743	R-HSA-1430728_R-HSA-1428517_R-HSA-163200_R-HSA-611105_R-HSA-6799198_O95167	-10.23380	0.00500	0.04608
CID_5743	R-HSA-1430728_R-HSA-1428517_R-HSA-163200_R-HSA-611105_R-HSA-6799198_O43678	-10.23356	0.00500	0.04608
CID_5743	R-HSA-1430728_R-HSA-1428517_R-HSA-163200_R-HSA-611105_R-HSA-6799198_O15239	-10.23412	0.00500	0.04608
CID_5743	R-HSA-1430728_R-HSA-1428517_R-HSA-163200_R-HSA-611105_R-HSA-6799198_O95299	-10.23376	0.00500	0.04608
CID_5743	R-HSA-1430728_R-HSA-1428517_R-HSA-163200_R-HSA-611105_R-HSA-6799198_O75438	-10.23466	0.00500	0.04608
CID_5743	R-HSA-1430728_R-HSA-1428517_R-HSA-163200_R-HSA-611105_R-HSA-6799198_O95178	-10.23446	0.00500	0.04608
CID_5743	R-HSA-1430728_R-HSA-1428517_R-HSA-163200_R-HSA-611105_R-HSA-6799198_O00217	-10.23391	0.00500	0.04608
CID_5743	R-HSA-1430728_R-HSA-1428517_R-HSA-163200_R-HSA-611105_R-HSA-6799198_O75380	-10.23445	0.00500	0.04608
CID_5743	R-HSA-1430728_R-HSA-1428517_R-HSA-163200_R-HSA-611105_R-HSA-6799198_O43920	-10.23416	0.00500	0.04608
CID_5743	R-HSA-1430728_R-HSA-1428517_R-HSA-163200_R-HSA-611105_R-HSA-6799198_O43181	-10.23351	0.00500	0.04608
CID_5743	R-HSA-1430728_R-HSA-1428517_R-HSA-163200_R-HSA-611105_R-HSA-6799198_P49821	-10.23352	0.00500	0.04608
CID_5743	R-HSA-1430728_R-HSA-1428517_R-HSA-163200_R-HSA-611105_R-HSA-6799198_O75489	-10.23400	0.00500	0.04608
CID_5743	R-HSA-1430728_R-HSA-1428517_R-HSA-163200_R-HSA-611105_R-HSA-6799198_O75306	-10.23477	0.00500	0.04608
CID_5743	R-HSA-1430728_R-HSA-1428517_R-HSA-163200_R-HSA-611105_R-HSA-6799198_P56181	-10.23345	0.00500	0.04608
CID_5743	R-HSA-1430728_R-HSA-1428517_R-HSA-163200_R-HSA-611105_R-HSA-6799198_P28331	-10.23364	0.00500	0.04608
CID_5743	R-HSA-1430728_R-HSA-1428517_R-HSA-163200_R-HSA-611105_R-HSA-6799198_O95298	-10.23394	0.00500	0.04608
CID_5743	R-HSA-1430728_R-HSA-1428517_R-HSA-163200_R-HSA-611105_R-HSA-6799198_O43677	-10.23379	0.00500	0.04608
CID_5743	R-HSA-1430728_R-HSA-1428517_R-HSA-163200_R-HSA-611105_R-HSA-6799198_O96000	-10.23391	0.00500	0.04608
CID_5743	R-HSA-1430728_R-HSA-1428517_R-HSA-163200_R-HSA-611105_R-HSA-6799198_Q9Y6M9	-10.23404	0.00500	0.04608
CID_5743	R-HSA-1430728_R-HSA-1428517_R-HSA-163200_R-HSA-611105_R-HSA-6799198_O95169	-10.23418	0.00500	0.04608
CID_5743	R-HSA-1430728_R-HSA-1428517_R-HSA-163200_R-HSA-611105_R-HSA-6799198_P17568	-10.23404	0.00500	0.04608
CID_5743	R-HSA-1430728_R-HSA-1428517_R-HSA-163200_R-HSA-611105_R-HSA-6799198_O95139	-10.23411	0.00500	0.04608
CID_5743	R-HSA-1430728_R-HSA-1428517_R-HSA-163200_R-HSA-611105_R-HSA-6799198_O43674	-10.23420	0.00500	0.04608
CID_5743	R-HSA-1430728_R-HSA-1428517_R-HSA-163200_R-HSA-611105_R-HSA-6799198_O95168	-10.23406	0.00500	0.04608
CID_5743	R-HSA-1430728_R-HSA-1428517_R-HSA-163200_R-HSA-611105_R-HSA-6799198_O43676	-10.23365	0.00500	0.04608
CID_5743	R-HSA-1430728_R-HSA-196854_R-HSA-196849_R-HSA-196807_R-HSA-197264_Q16647	-8.60157	0.00500	0.04608
CID_5743	R-HSA-1430728_R-HSA-71387_R-HSA-70326_R-HSA-70171_R-HSA-9634600_P62714	-8.33720	0.00500	0.04608
CID_5743	R-HSA-1430728_R-HSA-71387_R-HSA-70326_R-HSA-70171_R-HSA-9634600_P67775	-8.63565	0.00500	0.04608
CID_5743	R-HSA-1430728_R-HSA-556833_R-HSA-8978868_R-HSA-2046104_R-HSA-2046106_O60427	-11.55425	0.00500	0.04608
CID_5743	R-HSA-1430728_R-HSA-556833_R-HSA-8978868_R-HSA-2046104_R-HSA-2046106_O95864	-12.86842	0.00500	0.04608
CID_5743	R-HSA-1430728_R-HSA-556833_R-HSA-8978868_R-HSA-2142753_R-HSA-2142691_P33527	-12.12210	0.00500	0.04608
CID_5743	R-HSA-1430728_R-HSA-556833_R-HSA-8978868_R-HSA-2142753_R-HSA-2162123_P16152	-14.59581	0.00500	0.04608
CID_5743	R-HSA-1430728_R-HSA-556833_R-HSA-8978868_R-HSA-2142753_R-HSA-2162123_P24557	-14.08605	0.00500	0.04608
CID_5743	R-HSA-1430728_R-HSA-556833_R-HSA-8978868_R-HSA-2142753_R-HSA-2162123_Q16647	-12.55785	0.00500	0.04608
CID_5743	R-HSA-1430728_R-HSA-556833_R-HSA-8978868_R-HSA-77289_R-HSA-71032_P22033	-11.20732	0.00500	0.04608
CID_5743	R-HSA-1430728_R-HSA-556833_R-HSA-8957322_R-HSA-1655829_R-HSA-2426168_O95749	-12.45697	0.00500	0.04608
CID_5745	R-HSA-1430728_R-HSA-1483249_R-HSA-1855204_P0DP23	-5.52885	0.00000	0.00000
CID_5745	R-HSA-1430728_R-HSA-202131_R-HSA-203615_P29474	-5.18847	0.00000	0.00000
CID_5745	R-HSA-1430728_R-HSA-15869_R-HSA-499943_P04818	-5.69126	0.00000	0.00000
CID_5745	R-HSA-1430728_R-HSA-71291_R-HSA-389661_Q02218	-5.76612	0.00000	0.00000
CID_5745	R-HSA-1430728_R-HSA-71291_R-HSA-389661_O14561	-6.72379	0.00000	0.00000
CID_5745	R-HSA-1430728_R-HSA-71291_R-HSA-389661_P11177	-6.80372	0.00000	0.00000
CID_5745	R-HSA-1430728_R-HSA-71291_R-HSA-70895_P54687	-5.95072	0.00000	0.00000
CID_5745	R-HSA-1430728_R-HSA-71291_R-HSA-71288_P48066	-5.97042	0.00000	0.00000
CID_5745	R-HSA-1430728_R-HSA-71291_R-HSA-70921_P50135	-6.35565	0.00000	0.00000
CID_5745	R-HSA-1430728_R-HSA-71291_R-HSA-71064_Q02218	-5.72482	0.00000	0.00000
CID_5745	R-HSA-1430728_R-HSA-15869_R-HSA-8956319_R-HSA-73621_P19971	-7.43645	0.00000	0.00000
CID_5745	R-HSA-1430728_R-HSA-15869_R-HSA-8956319_R-HSA-73621_Q16831	-7.69268	0.00000	0.00000
CID_5745	R-HSA-1430728_R-HSA-15869_R-HSA-8956321_R-HSA-74217_P00813	-7.39744	0.00000	0.00000
CID_5745	R-HSA-1430728_R-HSA-15869_R-HSA-8956321_R-HSA-73614_P19971	-7.77379	0.00000	0.00000
CID_5745	R-HSA-1430728_R-HSA-15869_R-HSA-8956321_R-HSA-73614_Q16831	-8.03002	0.00000	0.00000
CID_5745	R-HSA-1430728_R-HSA-163685_R-HSA-422356_R-HSA-400042_Q01668	-4.51373	0.00000	0.00000
CID_5745	R-HSA-1430728_R-HSA-163685_R-HSA-422356_R-HSA-400042_Q13936	-4.66062	0.00000	0.00000
CID_5745	R-HSA-1430728_R-HSA-163685_R-HSA-422356_R-HSA-400042_Q9NY47	-4.43150	0.00000	0.00000
CID_5745	R-HSA-1430728_R-HSA-71291_R-HSA-209776_R-HSA-209931_P17752	-7.16844	0.00000	0.00000
CID_5745	R-HSA-1430728_R-HSA-71291_R-HSA-2408522_R-HSA-2408557_P39023	-6.96679	0.00000	0.00000
CID_5745	R-HSA-1430728_R-HSA-71291_R-HSA-2408522_R-HSA-2408508_P50135	-8.29661	0.00000	0.00000
CID_5745	R-HSA-1430728_R-HSA-71291_R-HSA-2408522_R-HSA-2408508_P40261	-8.15125	0.00000	0.00000
CID_5745	R-HSA-1430728_R-HSA-71291_R-HSA-351202_R-HSA-350562_P20618	-6.60736	0.00000	0.00000
CID_5745	R-HSA-1430728_R-HSA-71291_R-HSA-351202_R-HSA-350562_P49721	-6.81264	0.00000	0.00000
CID_5745	R-HSA-1430728_R-HSA-71291_R-HSA-351202_R-HSA-350562_P28074	-6.57319	0.00000	0.00000
CID_5745	R-HSA-1430728_R-HSA-71291_R-HSA-351202_R-HSA-350562_P28062	-6.96479	0.00000	0.00000
CID_5745	R-HSA-1430728_R-HSA-71291_R-HSA-351202_R-HSA-350562_P25786	-7.13586	0.00000	0.00000
CID_5745	R-HSA-1430728_R-HSA-71291_R-HSA-351202_R-HSA-350562_Q99460	-7.09674	0.00000	0.00000
CID_5745	R-HSA-1430728_R-HSA-71291_R-HSA-351202_R-HSA-350562_Q13200	-7.16551	0.00000	0.00000
CID_5745	R-HSA-1430728_R-HSA-1428517_R-HSA-163200_R-HSA-163210_P30049	-8.12932	0.00000	0.00000
CID_5745	R-HSA-1430728_R-HSA-1428517_R-HSA-71406_R-HSA-71403_Q02218	-7.97513	0.00000	0.00000
CID_5745	R-HSA-1430728_R-HSA-196854_R-HSA-6806667_R-HSA-975634_O95237	-9.37821	0.00000	0.00000
CID_5745	R-HSA-1430728_R-HSA-196854_R-HSA-6806667_R-HSA-975634_P02753	-9.47276	0.00000	0.00000
CID_5745	R-HSA-1430728_R-HSA-196854_R-HSA-6806667_R-HSA-975634_P50120	-9.57381	0.00000	0.00000
CID_5745	R-HSA-1430728_R-HSA-196854_R-HSA-6806667_R-HSA-975634_P09455	-9.43148	0.00000	0.00000
CID_5745	R-HSA-1430728_R-HSA-196854_R-HSA-8978934_R-HSA-1474151_P0DP23	-7.49654	0.00000	0.00000
CID_5745	R-HSA-1430728_R-HSA-196854_R-HSA-8978934_R-HSA-1474151_P29474	-7.71761	0.00000	0.00000
CID_5745	R-HSA-1430728_R-HSA-196854_R-HSA-196849_R-HSA-196741_P33527	-9.48362	0.00000	0.00000
CID_5745	R-HSA-1430728_R-HSA-196854_R-HSA-196849_R-HSA-196741_Q9UBK8	-10.57995	0.00000	0.00000
CID_5745	R-HSA-1430728_R-HSA-196854_R-HSA-196849_R-HSA-196741_O60494	-10.46335	0.00000	0.00000
CID_5745	R-HSA-1430728_R-HSA-196854_R-HSA-196849_R-HSA-196780_P11498	-8.32669	0.00000	0.00000
CID_5745	R-HSA-1430728_R-HSA-196854_R-HSA-196849_R-HSA-196780_Q9Y289	-10.71054	0.00000	0.00000
CID_5745	R-HSA-1430728_R-HSA-196854_R-HSA-196849_R-HSA-196757_Q96NT5	-9.18837	0.00000	0.00000
CID_5745	R-HSA-1430728_R-HSA-196854_R-HSA-196849_R-HSA-196757_P41440	-9.27248	0.00000	0.00000
CID_5745	R-HSA-1430728_R-HSA-196854_R-HSA-196849_R-HSA-196757_P34897	-9.78643	0.00000	0.00000
CID_5745	R-HSA-1430728_R-HSA-196854_R-HSA-196849_R-HSA-196757_P34896	-9.78518	0.00000	0.00000
CID_5745	R-HSA-1430728_R-HSA-196854_R-HSA-196849_R-HSA-196836_P78417	-8.45089	0.00000	0.00000
CID_5745	R-HSA-1430728_R-HSA-196854_R-HSA-196849_R-HSA-196836_Q9UHI7	-8.25541	0.00000	0.00000
CID_5745	R-HSA-1430728_R-HSA-71387_R-HSA-8982491_R-HSA-70221_P0DP23	-6.27390	0.00000	0.00000
CID_5745	R-HSA-1430728_R-HSA-71387_R-HSA-70326_R-HSA-70263_P11498	-8.00200	0.00000	0.00000
CID_5745	R-HSA-74160_R-HSA-73857_R-HSA-212436_R-HSA-350054_Q9UBN7	-4.65114	0.00000	0.00000
CID_5745	R-HSA-74160_R-HSA-73857_R-HSA-212436_R-HSA-383280_P04150	-1.83712	0.00000	0.00000
CID_5745	R-HSA-74160_R-HSA-73857_R-HSA-212436_R-HSA-383280_P10275	-2.68286	0.00000	0.00000
CID_5745	R-HSA-74160_R-HSA-73857_R-HSA-212436_R-HSA-383280_P08235	-2.47501	0.00000	0.00000
CID_5745	R-HSA-74160_R-HSA-73857_R-HSA-212436_R-HSA-383280_P03372	-2.88523	0.00000	0.00000
CID_5745	R-HSA-74160_R-HSA-73857_R-HSA-212436_R-HSA-383280_P48443	-3.08147	0.00000	0.00000
CID_5745	R-HSA-74160_R-HSA-73857_R-HSA-212436_R-HSA-383280_P19793	-2.45398	0.00000	0.00000
CID_5745	R-HSA-74160_R-HSA-73857_R-HSA-212436_R-HSA-383280_P06401	-2.33355	0.00000	0.00000
CID_5745	R-HSA-74160_R-HSA-73857_R-HSA-212436_R-HSA-383280_P62508	-2.54773	0.00000	0.00000
CID_5745	R-HSA-74160_R-HSA-73857_R-HSA-212436_R-HSA-383280_P10827	-3.44133	0.00000	0.00000
CID_5745	R-HSA-74160_R-HSA-73857_R-HSA-212436_R-HSA-383280_P10828	-3.43862	0.00000	0.00000
CID_5745	R-HSA-74160_R-HSA-73857_R-HSA-212436_R-HSA-383280_P51843	-2.34526	0.00000	0.00000
CID_5745	R-HSA-74160_R-HSA-73857_R-HSA-212436_R-HSA-383280_O75376	-2.67247	0.00000	0.00000
CID_5745	R-HSA-1430728_R-HSA-1428517_R-HSA-163200_R-HSA-611105_R-HSA-6799198_P19404	-11.67715	0.00000	0.00000
CID_5745	R-HSA-1430728_R-HSA-1428517_R-HSA-163200_R-HSA-611105_R-HSA-6799198_Q16795	-11.67644	0.00000	0.00000
CID_5745	R-HSA-1430728_R-HSA-1428517_R-HSA-163200_R-HSA-611105_R-HSA-6799198_P51970	-11.67787	0.00000	0.00000
CID_5745	R-HSA-1430728_R-HSA-1428517_R-HSA-163200_R-HSA-611105_R-HSA-6799198_O95182	-11.67796	0.00000	0.00000
CID_5745	R-HSA-1430728_R-HSA-1428517_R-HSA-163200_R-HSA-611105_R-HSA-6799198_P56556	-11.67675	0.00000	0.00000
CID_5745	R-HSA-1430728_R-HSA-1428517_R-HSA-163200_R-HSA-611105_R-HSA-6799198_Q16718	-11.67692	0.00000	0.00000
CID_5745	R-HSA-1430728_R-HSA-1428517_R-HSA-163200_R-HSA-611105_R-HSA-6799198_O95167	-11.67675	0.00000	0.00000
CID_5745	R-HSA-1430728_R-HSA-1428517_R-HSA-163200_R-HSA-611105_R-HSA-6799198_O43678	-11.67651	0.00000	0.00000
CID_5745	R-HSA-1430728_R-HSA-1428517_R-HSA-163200_R-HSA-611105_R-HSA-6799198_O15239	-11.67707	0.00000	0.00000
CID_5745	R-HSA-1430728_R-HSA-1428517_R-HSA-163200_R-HSA-611105_R-HSA-6799198_O95299	-11.67670	0.00000	0.00000
CID_5745	R-HSA-1430728_R-HSA-1428517_R-HSA-163200_R-HSA-611105_R-HSA-6799198_O14561	-10.82793	0.00000	0.00000
CID_5745	R-HSA-1430728_R-HSA-1428517_R-HSA-163200_R-HSA-611105_R-HSA-6799198_O75438	-11.67760	0.00000	0.00000
CID_5745	R-HSA-1430728_R-HSA-1428517_R-HSA-163200_R-HSA-611105_R-HSA-6799198_O95178	-11.67740	0.00000	0.00000
CID_5745	R-HSA-1430728_R-HSA-1428517_R-HSA-163200_R-HSA-611105_R-HSA-6799198_O00217	-11.67686	0.00000	0.00000
CID_5745	R-HSA-1430728_R-HSA-1428517_R-HSA-163200_R-HSA-611105_R-HSA-6799198_O75380	-11.67739	0.00000	0.00000
CID_5745	R-HSA-1430728_R-HSA-1428517_R-HSA-163200_R-HSA-611105_R-HSA-6799198_O43920	-11.67710	0.00000	0.00000
CID_5745	R-HSA-1430728_R-HSA-1428517_R-HSA-163200_R-HSA-611105_R-HSA-6799198_O43181	-11.67646	0.00000	0.00000
CID_5745	R-HSA-1430728_R-HSA-1428517_R-HSA-163200_R-HSA-611105_R-HSA-6799198_P49821	-11.67647	0.00000	0.00000
CID_5745	R-HSA-1430728_R-HSA-1428517_R-HSA-163200_R-HSA-611105_R-HSA-6799198_O75489	-11.67694	0.00000	0.00000
CID_5745	R-HSA-1430728_R-HSA-1428517_R-HSA-163200_R-HSA-611105_R-HSA-6799198_O75306	-11.67771	0.00000	0.00000
CID_5745	R-HSA-1430728_R-HSA-1428517_R-HSA-163200_R-HSA-611105_R-HSA-6799198_P56181	-11.67640	0.00000	0.00000
CID_5745	R-HSA-1430728_R-HSA-1428517_R-HSA-163200_R-HSA-611105_R-HSA-6799198_P28331	-11.67659	0.00000	0.00000
CID_5745	R-HSA-1430728_R-HSA-1428517_R-HSA-163200_R-HSA-611105_R-HSA-6799198_O95298	-11.67688	0.00000	0.00000
CID_5745	R-HSA-1430728_R-HSA-1428517_R-HSA-163200_R-HSA-611105_R-HSA-6799198_O43677	-11.67673	0.00000	0.00000
CID_5745	R-HSA-1430728_R-HSA-1428517_R-HSA-163200_R-HSA-611105_R-HSA-6799198_O96000	-11.67685	0.00000	0.00000
CID_5745	R-HSA-1430728_R-HSA-1428517_R-HSA-163200_R-HSA-611105_R-HSA-6799198_Q9Y6M9	-11.67698	0.00000	0.00000
CID_5745	R-HSA-1430728_R-HSA-1428517_R-HSA-163200_R-HSA-611105_R-HSA-6799198_O95169	-11.67712	0.00000	0.00000
CID_5745	R-HSA-1430728_R-HSA-1428517_R-HSA-163200_R-HSA-611105_R-HSA-6799198_P17568	-11.67699	0.00000	0.00000
CID_5745	R-HSA-1430728_R-HSA-1428517_R-HSA-163200_R-HSA-611105_R-HSA-6799198_O95139	-11.67706	0.00000	0.00000
CID_5745	R-HSA-1430728_R-HSA-1428517_R-HSA-163200_R-HSA-611105_R-HSA-6799198_O43674	-11.67715	0.00000	0.00000
CID_5745	R-HSA-1430728_R-HSA-1428517_R-HSA-163200_R-HSA-611105_R-HSA-6799198_O95168	-11.67700	0.00000	0.00000
CID_5745	R-HSA-1430728_R-HSA-1428517_R-HSA-163200_R-HSA-611105_R-HSA-6799198_O43676	-11.67659	0.00000	0.00000
CID_5745	R-HSA-1430728_R-HSA-1428517_R-HSA-71406_R-HSA-70268_R-HSA-204174_P19793	-9.80872	0.00000	0.00000
CID_5745	R-HSA-1430728_R-HSA-196854_R-HSA-196849_R-HSA-196807_R-HSA-197264_P40261	-9.93015	0.00000	0.00000
CID_5745	R-HSA-1430728_R-HSA-196854_R-HSA-196849_R-HSA-196807_R-HSA-197264_Q16647	-10.11074	0.00000	0.00000
CID_5745	R-HSA-74160_R-HSA-73857_R-HSA-212436_R-HSA-8878159_R-HSA-8941858_P20618	-4.46323	0.00000	0.00000
CID_5745	R-HSA-74160_R-HSA-73857_R-HSA-212436_R-HSA-8878159_R-HSA-8941858_P49721	-4.66852	0.00000	0.00000
CID_5745	R-HSA-74160_R-HSA-73857_R-HSA-212436_R-HSA-8878159_R-HSA-8941858_P28074	-4.42906	0.00000	0.00000
CID_5745	R-HSA-74160_R-HSA-73857_R-HSA-212436_R-HSA-8878159_R-HSA-8941858_P28062	-4.82067	0.00000	0.00000
CID_5745	R-HSA-74160_R-HSA-73857_R-HSA-212436_R-HSA-9614085_R-HSA-9617629_Q96EB6	-6.87138	0.00000	0.00000
CID_5745	R-HSA-74160_R-HSA-73857_R-HSA-212436_R-HSA-8878166_R-HSA-8939902_P03372	-4.52003	0.00000	0.00000
CID_5745	R-HSA-74160_R-HSA-73857_R-HSA-212436_R-HSA-8878166_R-HSA-8939902_P20618	-4.07767	0.00000	0.00000
CID_5745	R-HSA-74160_R-HSA-73857_R-HSA-212436_R-HSA-8878166_R-HSA-8939902_P49721	-4.28295	0.00000	0.00000
CID_5745	R-HSA-74160_R-HSA-73857_R-HSA-212436_R-HSA-8878166_R-HSA-8939902_P28074	-4.04349	0.00000	0.00000
CID_5745	R-HSA-74160_R-HSA-73857_R-HSA-212436_R-HSA-8878166_R-HSA-8939902_P28062	-4.43510	0.00000	0.00000
CID_5745	R-HSA-74160_R-HSA-73857_R-HSA-212436_R-HSA-3700989_R-HSA-5633008_R-HSA-6803204_P04637	-11.26034	0.00000	0.00000
CID_5745	R-HSA-1430728_R-HSA-202131_R-HSA-203615_P0DP23	-4.96740	0.00500	0.04608
CID_5745	R-HSA-1430728_R-HSA-163685_R-HSA-163767_P62714	-5.67911	0.00500	0.04608
CID_5745	R-HSA-1430728_R-HSA-163685_R-HSA-422356_R-HSA-400042_Q08289	-4.95556	0.00500	0.04608
CID_5745	R-HSA-1430728_R-HSA-163685_R-HSA-422356_R-HSA-381676_Q9BQ31	-3.46225	0.00500	0.04608
CID_5745	R-HSA-74160_R-HSA-73857_R-HSA-212436_R-HSA-350054_O75376	-3.99057	0.00500	0.04608
CID_5745	R-HSA-1430728_R-HSA-1428517_R-HSA-71406_R-HSA-70268_R-HSA-204174_P11177	-11.24694	0.00500	0.04608
CID_5745	R-HSA-1430728_R-HSA-71387_R-HSA-70326_R-HSA-70171_R-HSA-9634600_P62714	-9.91983	0.00500	0.04608
CID_5745	R-HSA-1430728_R-HSA-71387_R-HSA-70326_R-HSA-70171_R-HSA-9634600_P67775	-10.22130	0.00500	0.04608
CID_5745	R-HSA-74160_R-HSA-73857_R-HSA-212436_R-HSA-8878159_R-HSA-8941855_P04637	-5.29916	0.00500	0.04608
CID_5745	R-HSA-74160_R-HSA-73857_R-HSA-212436_R-HSA-8878159_R-HSA-8941858_P25786	-4.99174	0.00500	0.04608
CID_5745	R-HSA-74160_R-HSA-73857_R-HSA-212436_R-HSA-8878159_R-HSA-8941858_Q99460	-4.95262	0.00500	0.04608
CID_5745	R-HSA-74160_R-HSA-73857_R-HSA-212436_R-HSA-8878159_R-HSA-8941858_Q13200	-5.02139	0.00500	0.04608
CID_5745	R-HSA-74160_R-HSA-73857_R-HSA-212436_R-HSA-8878171_R-HSA-8939236_P20618	-6.16436	0.00500	0.04608
CID_5745	R-HSA-74160_R-HSA-73857_R-HSA-212436_R-HSA-8878171_R-HSA-8939236_P49721	-6.36964	0.00500	0.04608
CID_5745	R-HSA-74160_R-HSA-73857_R-HSA-212436_R-HSA-8878171_R-HSA-8939236_P28074	-6.13019	0.00500	0.04608
CID_5745	R-HSA-74160_R-HSA-73857_R-HSA-212436_R-HSA-8878171_R-HSA-8939236_P28062	-6.52179	0.00500	0.04608
CID_5745	R-HSA-74160_R-HSA-73857_R-HSA-212436_R-HSA-8878171_R-HSA-8931987_P03372	-6.41487	0.00500	0.04608
CID_5745	R-HSA-74160_R-HSA-73857_R-HSA-212436_R-HSA-8878166_R-HSA-8939902_P04150	-3.47192	0.00500	0.04608
CID_5745	R-HSA-74160_R-HSA-73857_R-HSA-212436_R-HSA-8878166_R-HSA-8939902_P25786	-4.60617	0.00500	0.04608
CID_5745	R-HSA-74160_R-HSA-73857_R-HSA-212436_R-HSA-8878166_R-HSA-8939902_Q99460	-4.56705	0.00500	0.04608
CID_5745	R-HSA-74160_R-HSA-73857_R-HSA-212436_R-HSA-8878166_R-HSA-8939902_Q13200	-4.63582	0.00500	0.04608
CID_5745	R-HSA-74160_R-HSA-73857_R-HSA-212436_R-HSA-8878166_R-HSA-8941326_R-HSA-8940973_Q9UBN7	-8.04610	0.00500	0.04608
CID_5745	R-HSA-74160_R-HSA-73857_R-HSA-212436_R-HSA-3700989_R-HSA-5633008_R-HSA-6803207_P04637	-10.71141	0.00500	0.04608
CID_5745	R-HSA-74160_R-HSA-73857_R-HSA-212436_R-HSA-3700989_R-HSA-5633008_R-HSA-6803211_P04637	-11.00108	0.00500	0.04608
CID_5745	R-HSA-74160_R-HSA-73857_R-HSA-212436_R-HSA-3700989_R-HSA-6791312_R-HSA-6804115_P04637	-7.51113	0.00500	0.04608
CID_5746	R-HSA-162582_R-HSA-372790_R-HSA-388396_R-HSA-418597_P05771	-7.42189	0.00000	0.00000
CID_5746	R-HSA-162582_R-HSA-372790_R-HSA-388396_R-HSA-418597_P17252	-7.49141	0.00000	0.00000
CID_5746	R-HSA-162582_R-HSA-372790_R-HSA-388396_R-HSA-416482_P35348	-7.80543	0.00000	0.00000
CID_5746	R-HSA-162582_R-HSA-372790_R-HSA-500792_R-HSA-373076_R-HSA-375280_R-HSA-390666_P50406	-7.69937	0.00000	0.00000
CID_5746	R-HSA-162582_R-HSA-372790_R-HSA-388396_R-HSA-416476_R-HSA-881907_R-HSA-2179392_P17252	-11.82984	0.00000	0.00000
CID_5746	R-HSA-162582_R-HSA-372790_R-HSA-388396_R-HSA-418594_R-HSA-2187338_R-HSA-2187335_O75911	-14.39139	0.00000	0.00000
CID_5746	R-HSA-162582_R-HSA-372790_R-HSA-388396_R-HSA-418594_R-HSA-2187338_R-HSA-2187335_P12271	-13.81928	0.00000	0.00000
CID_5746	R-HSA-162582_R-HSA-372790_R-HSA-388396_R-HSA-418594_R-HSA-2187338_R-HSA-2187335_P10745	-13.81407	0.00000	0.00000
CID_5746	R-HSA-162582_R-HSA-372790_R-HSA-388396_R-HSA-418594_R-HSA-2187338_R-HSA-2453902_O95237	-12.78587	0.00000	0.00000
CID_5746	R-HSA-162582_R-HSA-372790_R-HSA-388396_R-HSA-418594_R-HSA-2187338_R-HSA-2453902_P12271	-13.05946	0.00000	0.00000
CID_5746	R-HSA-162582_R-HSA-372790_R-HSA-388396_R-HSA-418594_R-HSA-2187338_R-HSA-2453902_Q92781	-13.31842	0.00000	0.00000
CID_5746	R-HSA-162582_R-HSA-372790_R-HSA-388396_R-HSA-418594_R-HSA-2187338_R-HSA-2453902_P02753	-12.85797	0.00000	0.00000
CID_5746	R-HSA-162582_R-HSA-372790_R-HSA-388396_R-HSA-418594_R-HSA-2187338_R-HSA-2453902_P10745	-13.05425	0.00000	0.00000
CID_5746	R-HSA-162582_R-HSA-372790_R-HSA-388396_R-HSA-418594_R-HSA-2187338_R-HSA-2453902_P09455	-12.81501	0.00000	0.00000
CID_5746	R-HSA-162582_R-HSA-372790_R-HSA-388396_R-HSA-418594_R-HSA-2187338_R-HSA-975634_O95237	-12.88681	0.00000	0.00000
CID_5746	R-HSA-162582_R-HSA-372790_R-HSA-388396_R-HSA-418594_R-HSA-2187338_R-HSA-975634_P02753	-12.95890	0.00000	0.00000
CID_5746	R-HSA-162582_R-HSA-372790_R-HSA-388396_R-HSA-418594_R-HSA-2187338_R-HSA-975634_P50120	-13.37834	0.00000	0.00000
CID_5746	R-HSA-162582_R-HSA-372790_R-HSA-388396_R-HSA-418594_R-HSA-2187338_R-HSA-975634_P09455	-12.91594	0.00000	0.00000
CID_5746	R-HSA-162582_R-HSA-372790_R-HSA-388396_R-HSA-418594_R-HSA-111885_R-HSA-202040_P01189	-12.58709	0.00000	0.00000
CID_5746	R-HSA-162582_R-HSA-372790_R-HSA-388396_R-HSA-418594_R-HSA-2187338_R-HSA-2514856_R-HSA-2514859_P50579	-12.92888	0.00000	0.00000
CID_5746	R-HSA-162582_R-HSA-372790_R-HSA-388396_R-HSA-418594_R-HSA-2187338_R-HSA-2514856_R-HSA-2514859_P17252	-12.84233	0.00000	0.00000
CID_5746	R-HSA-162582_R-HSA-372790_R-HSA-388396_R-HSA-418594_R-HSA-2187338_R-HSA-2514856_R-HSA-2514859_P35913	-13.71858	0.00000	0.00000
CID_5746	R-HSA-162582_R-HSA-372790_R-HSA-388396_R-HSA-418594_R-HSA-2187338_R-HSA-2514856_R-HSA-2485179_P35913	-14.68758	0.00000	0.00000
CID_5746	R-HSA-162582_R-HSA-372790_R-HSA-500792_R-HSA-373080_R-HSA-420092_Q02643	-7.90451	0.00500	0.04608
CID_5746	R-HSA-162582_R-HSA-372790_R-HSA-500792_R-HSA-373076_R-HSA-375281_P30968	-7.61452	0.00500	0.04608
CID_5746	R-HSA-162582_R-HSA-372790_R-HSA-388396_R-HSA-397795_R-HSA-392451_O15530	-9.55041	0.00500	0.04608
CID_5746	R-HSA-162582_R-HSA-372790_R-HSA-500792_R-HSA-373076_R-HSA-375276_R-HSA-380108_P10145	-9.44891	0.00500	0.04608
CID_5746	R-HSA-162582_R-HSA-372790_R-HSA-500792_R-HSA-373076_R-HSA-375280_R-HSA-390666_P28566	-9.16530	0.00500	0.04608
CID_5746	R-HSA-162582_R-HSA-372790_R-HSA-500792_R-HSA-373076_R-HSA-391903_R-HSA-391908_P43088	-11.85087	0.00500	0.04608
CID_5746	R-HSA-162582_R-HSA-372790_R-HSA-500792_R-HSA-373076_R-HSA-391903_R-HSA-391908_P43116	-10.47545	0.00500	0.04608
CID_5754	R-HSA-1430728_R-HSA-1483249_R-HSA-1855204_P0DP23	-5.48871	0.00000	0.00000
CID_5754	R-HSA-1430728_R-HSA-15869_R-HSA-499943_P04818	-5.65088	0.00000	0.00000
CID_5754	R-HSA-1430728_R-HSA-71291_R-HSA-389661_Q02218	-5.72453	0.00000	0.00000
CID_5754	R-HSA-1430728_R-HSA-71291_R-HSA-389661_O14561	-6.68284	0.00000	0.00000
CID_5754	R-HSA-1430728_R-HSA-71291_R-HSA-389661_P11177	-6.76273	0.00000	0.00000
CID_5754	R-HSA-1430728_R-HSA-71291_R-HSA-70895_P54687	-5.90986	0.00000	0.00000
CID_5754	R-HSA-1430728_R-HSA-71291_R-HSA-71288_P48066	-5.92990	0.00000	0.00000
CID_5754	R-HSA-1430728_R-HSA-71291_R-HSA-70921_P50135	-6.31470	0.00000	0.00000
CID_5754	R-HSA-1430728_R-HSA-71291_R-HSA-71064_Q02218	-5.68326	0.00000	0.00000
CID_5754	R-HSA-1430728_R-HSA-15869_R-HSA-8956319_R-HSA-73621_P19971	-7.41785	0.00000	0.00000
CID_5754	R-HSA-1430728_R-HSA-15869_R-HSA-8956319_R-HSA-73621_Q16831	-7.67407	0.00000	0.00000
CID_5754	R-HSA-1430728_R-HSA-15869_R-HSA-8956321_R-HSA-73614_P19971	-7.75613	0.00000	0.00000
CID_5754	R-HSA-1430728_R-HSA-15869_R-HSA-8956321_R-HSA-73614_Q16831	-8.01235	0.00000	0.00000
CID_5754	R-HSA-1430728_R-HSA-163685_R-HSA-422356_R-HSA-400042_Q01668	-4.50621	0.00000	0.00000
CID_5754	R-HSA-1430728_R-HSA-163685_R-HSA-422356_R-HSA-400042_Q13936	-4.65310	0.00000	0.00000
CID_5754	R-HSA-1430728_R-HSA-163685_R-HSA-422356_R-HSA-400042_Q9NY47	-4.42399	0.00000	0.00000
CID_5754	R-HSA-1430728_R-HSA-71291_R-HSA-209776_R-HSA-209931_P17752	-7.15066	0.00000	0.00000
CID_5754	R-HSA-1430728_R-HSA-71291_R-HSA-2408522_R-HSA-2408557_P39023	-6.94833	0.00000	0.00000
CID_5754	R-HSA-1430728_R-HSA-71291_R-HSA-2408522_R-HSA-2408508_P50135	-8.27816	0.00000	0.00000
CID_5754	R-HSA-1430728_R-HSA-71291_R-HSA-2408522_R-HSA-2408508_P40261	-8.13240	0.00000	0.00000
CID_5754	R-HSA-1430728_R-HSA-71291_R-HSA-351202_R-HSA-350562_P20618	-6.59070	0.00000	0.00000
CID_5754	R-HSA-1430728_R-HSA-71291_R-HSA-351202_R-HSA-350562_P49721	-6.79589	0.00000	0.00000
CID_5754	R-HSA-1430728_R-HSA-71291_R-HSA-351202_R-HSA-350562_P28074	-6.55654	0.00000	0.00000
CID_5754	R-HSA-1430728_R-HSA-71291_R-HSA-351202_R-HSA-350562_P28062	-6.94792	0.00000	0.00000
CID_5754	R-HSA-1430728_R-HSA-71291_R-HSA-351202_R-HSA-350562_P25786	-7.11914	0.00000	0.00000
CID_5754	R-HSA-1430728_R-HSA-71291_R-HSA-351202_R-HSA-350562_Q99460	-7.08004	0.00000	0.00000
CID_5754	R-HSA-1430728_R-HSA-71291_R-HSA-351202_R-HSA-350562_Q13200	-7.14877	0.00000	0.00000
CID_5754	R-HSA-1430728_R-HSA-1428517_R-HSA-163200_R-HSA-163210_P30049	-8.11032	0.00000	0.00000
CID_5754	R-HSA-1430728_R-HSA-1428517_R-HSA-71406_R-HSA-71403_Q02218	-7.95296	0.00000	0.00000
CID_5754	R-HSA-1430728_R-HSA-196854_R-HSA-6806667_R-HSA-975634_O95237	-9.35612	0.00000	0.00000
CID_5754	R-HSA-1430728_R-HSA-196854_R-HSA-6806667_R-HSA-975634_P02753	-9.45066	0.00000	0.00000
CID_5754	R-HSA-1430728_R-HSA-196854_R-HSA-6806667_R-HSA-975634_P50120	-9.55181	0.00000	0.00000
CID_5754	R-HSA-1430728_R-HSA-196854_R-HSA-6806667_R-HSA-975634_P09455	-9.40938	0.00000	0.00000
CID_5754	R-HSA-1430728_R-HSA-196854_R-HSA-8978934_R-HSA-1474151_P0DP23	-7.47561	0.00000	0.00000
CID_5754	R-HSA-1430728_R-HSA-196854_R-HSA-8978934_R-HSA-1474151_P29474	-7.70050	0.00000	0.00000
CID_5754	R-HSA-1430728_R-HSA-196854_R-HSA-196849_R-HSA-196741_P33527	-9.45755	0.00000	0.00000
CID_5754	R-HSA-1430728_R-HSA-196854_R-HSA-196849_R-HSA-196741_Q9UBK8	-10.46674	0.00000	0.00000
CID_5754	R-HSA-1430728_R-HSA-196854_R-HSA-196849_R-HSA-196741_O60494	-10.44239	0.00000	0.00000
CID_5754	R-HSA-1430728_R-HSA-196854_R-HSA-196849_R-HSA-196780_P11498	-8.30492	0.00000	0.00000
CID_5754	R-HSA-1430728_R-HSA-196854_R-HSA-196849_R-HSA-196780_Q9Y289	-10.68959	0.00000	0.00000
CID_5754	R-HSA-1430728_R-HSA-196854_R-HSA-196849_R-HSA-196757_Q96NT5	-9.16741	0.00000	0.00000
CID_5754	R-HSA-1430728_R-HSA-196854_R-HSA-196849_R-HSA-196757_P41440	-9.25152	0.00000	0.00000
CID_5754	R-HSA-1430728_R-HSA-196854_R-HSA-196849_R-HSA-196757_P34897	-9.76548	0.00000	0.00000
CID_5754	R-HSA-1430728_R-HSA-196854_R-HSA-196849_R-HSA-196757_P34896	-9.76422	0.00000	0.00000
CID_5754	R-HSA-1430728_R-HSA-196854_R-HSA-196849_R-HSA-196836_P78417	-8.42820	0.00000	0.00000
CID_5754	R-HSA-1430728_R-HSA-196854_R-HSA-196849_R-HSA-196836_Q9UHI7	-8.23447	0.00000	0.00000
CID_5754	R-HSA-1430728_R-HSA-71387_R-HSA-8982491_R-HSA-70221_P0DP23	-6.25224	0.00000	0.00000
CID_5754	R-HSA-1430728_R-HSA-71387_R-HSA-70326_R-HSA-70263_P11498	-7.97699	0.00000	0.00000
CID_5754	R-HSA-74160_R-HSA-73857_R-HSA-212436_R-HSA-350054_Q9UBN7	-4.77435	0.00000	0.00000
CID_5754	R-HSA-74160_R-HSA-73857_R-HSA-212436_R-HSA-383280_P04150	-1.96033	0.00000	0.00000
CID_5754	R-HSA-74160_R-HSA-73857_R-HSA-212436_R-HSA-383280_P10275	-2.80607	0.00000	0.00000
CID_5754	R-HSA-74160_R-HSA-73857_R-HSA-212436_R-HSA-383280_P08235	-2.59821	0.00000	0.00000
CID_5754	R-HSA-74160_R-HSA-73857_R-HSA-212436_R-HSA-383280_P03372	-3.00844	0.00000	0.00000
CID_5754	R-HSA-74160_R-HSA-73857_R-HSA-212436_R-HSA-383280_P48443	-3.20467	0.00000	0.00000
CID_5754	R-HSA-74160_R-HSA-73857_R-HSA-212436_R-HSA-383280_P19793	-2.57672	0.00000	0.00000
CID_5754	R-HSA-74160_R-HSA-73857_R-HSA-212436_R-HSA-383280_P06401	-2.45675	0.00000	0.00000
CID_5754	R-HSA-74160_R-HSA-73857_R-HSA-212436_R-HSA-383280_P62508	-2.67093	0.00000	0.00000
CID_5754	R-HSA-74160_R-HSA-73857_R-HSA-212436_R-HSA-383280_P10827	-3.56454	0.00000	0.00000
CID_5754	R-HSA-74160_R-HSA-73857_R-HSA-212436_R-HSA-383280_P10828	-3.56183	0.00000	0.00000
CID_5754	R-HSA-74160_R-HSA-73857_R-HSA-212436_R-HSA-383280_P51843	-2.46847	0.00000	0.00000
CID_5754	R-HSA-74160_R-HSA-73857_R-HSA-212436_R-HSA-383280_O75376	-2.79448	0.00000	0.00000
CID_5754	R-HSA-1430728_R-HSA-1428517_R-HSA-163200_R-HSA-611105_R-HSA-6799198_P19404	-11.68169	0.00000	0.00000
CID_5754	R-HSA-1430728_R-HSA-1428517_R-HSA-163200_R-HSA-611105_R-HSA-6799198_Q16795	-11.68098	0.00000	0.00000
CID_5754	R-HSA-1430728_R-HSA-1428517_R-HSA-163200_R-HSA-611105_R-HSA-6799198_P51970	-11.68242	0.00000	0.00000
CID_5754	R-HSA-1430728_R-HSA-1428517_R-HSA-163200_R-HSA-611105_R-HSA-6799198_O95182	-11.68250	0.00000	0.00000
CID_5754	R-HSA-1430728_R-HSA-1428517_R-HSA-163200_R-HSA-611105_R-HSA-6799198_P56556	-11.68129	0.00000	0.00000
CID_5754	R-HSA-1430728_R-HSA-1428517_R-HSA-163200_R-HSA-611105_R-HSA-6799198_Q16718	-11.68146	0.00000	0.00000
CID_5754	R-HSA-1430728_R-HSA-1428517_R-HSA-163200_R-HSA-611105_R-HSA-6799198_O95167	-11.68129	0.00000	0.00000
CID_5754	R-HSA-1430728_R-HSA-1428517_R-HSA-163200_R-HSA-611105_R-HSA-6799198_O43678	-11.68105	0.00000	0.00000
CID_5754	R-HSA-1430728_R-HSA-1428517_R-HSA-163200_R-HSA-611105_R-HSA-6799198_O15239	-11.68161	0.00000	0.00000
CID_5754	R-HSA-1430728_R-HSA-1428517_R-HSA-163200_R-HSA-611105_R-HSA-6799198_O95299	-11.68124	0.00000	0.00000
CID_5754	R-HSA-1430728_R-HSA-1428517_R-HSA-163200_R-HSA-611105_R-HSA-6799198_O14561	-10.83221	0.00000	0.00000
CID_5754	R-HSA-1430728_R-HSA-1428517_R-HSA-163200_R-HSA-611105_R-HSA-6799198_O75438	-11.68214	0.00000	0.00000
CID_5754	R-HSA-1430728_R-HSA-1428517_R-HSA-163200_R-HSA-611105_R-HSA-6799198_O95178	-11.68194	0.00000	0.00000
CID_5754	R-HSA-1430728_R-HSA-1428517_R-HSA-163200_R-HSA-611105_R-HSA-6799198_O00217	-11.68140	0.00000	0.00000
CID_5754	R-HSA-1430728_R-HSA-1428517_R-HSA-163200_R-HSA-611105_R-HSA-6799198_O75380	-11.68193	0.00000	0.00000
CID_5754	R-HSA-1430728_R-HSA-1428517_R-HSA-163200_R-HSA-611105_R-HSA-6799198_O43920	-11.68164	0.00000	0.00000
CID_5754	R-HSA-1430728_R-HSA-1428517_R-HSA-163200_R-HSA-611105_R-HSA-6799198_O43181	-11.68100	0.00000	0.00000
CID_5754	R-HSA-1430728_R-HSA-1428517_R-HSA-163200_R-HSA-611105_R-HSA-6799198_P49821	-11.68101	0.00000	0.00000
CID_5754	R-HSA-1430728_R-HSA-1428517_R-HSA-163200_R-HSA-611105_R-HSA-6799198_O75489	-11.68148	0.00000	0.00000
CID_5754	R-HSA-1430728_R-HSA-1428517_R-HSA-163200_R-HSA-611105_R-HSA-6799198_O75306	-11.68225	0.00000	0.00000
CID_5754	R-HSA-1430728_R-HSA-1428517_R-HSA-163200_R-HSA-611105_R-HSA-6799198_P56181	-11.68094	0.00000	0.00000
CID_5754	R-HSA-1430728_R-HSA-1428517_R-HSA-163200_R-HSA-611105_R-HSA-6799198_P28331	-11.68113	0.00000	0.00000
CID_5754	R-HSA-1430728_R-HSA-1428517_R-HSA-163200_R-HSA-611105_R-HSA-6799198_O95298	-11.68142	0.00000	0.00000
CID_5754	R-HSA-1430728_R-HSA-1428517_R-HSA-163200_R-HSA-611105_R-HSA-6799198_O43677	-11.68127	0.00000	0.00000
CID_5754	R-HSA-1430728_R-HSA-1428517_R-HSA-163200_R-HSA-611105_R-HSA-6799198_O96000	-11.68139	0.00000	0.00000
CID_5754	R-HSA-1430728_R-HSA-1428517_R-HSA-163200_R-HSA-611105_R-HSA-6799198_Q9Y6M9	-11.68152	0.00000	0.00000
CID_5754	R-HSA-1430728_R-HSA-1428517_R-HSA-163200_R-HSA-611105_R-HSA-6799198_O95169	-11.68166	0.00000	0.00000
CID_5754	R-HSA-1430728_R-HSA-1428517_R-HSA-163200_R-HSA-611105_R-HSA-6799198_P17568	-11.68153	0.00000	0.00000
CID_5754	R-HSA-1430728_R-HSA-1428517_R-HSA-163200_R-HSA-611105_R-HSA-6799198_O95139	-11.68160	0.00000	0.00000
CID_5754	R-HSA-1430728_R-HSA-1428517_R-HSA-163200_R-HSA-611105_R-HSA-6799198_O43674	-11.68169	0.00000	0.00000
CID_5754	R-HSA-1430728_R-HSA-1428517_R-HSA-163200_R-HSA-611105_R-HSA-6799198_O95168	-11.68154	0.00000	0.00000
CID_5754	R-HSA-1430728_R-HSA-1428517_R-HSA-163200_R-HSA-611105_R-HSA-6799198_O43676	-11.68113	0.00000	0.00000
CID_5754	R-HSA-1430728_R-HSA-1428517_R-HSA-71406_R-HSA-70268_R-HSA-204174_P19793	-9.81084	0.00000	0.00000
CID_5754	R-HSA-1430728_R-HSA-196854_R-HSA-196849_R-HSA-196807_R-HSA-197264_P40261	-9.93141	0.00000	0.00000
CID_5754	R-HSA-1430728_R-HSA-196854_R-HSA-196849_R-HSA-196807_R-HSA-197264_Q16647	-10.11178	0.00000	0.00000
CID_5754	R-HSA-74160_R-HSA-73857_R-HSA-212436_R-HSA-8878159_R-HSA-8941858_P20618	-4.61091	0.00000	0.00000
CID_5754	R-HSA-74160_R-HSA-73857_R-HSA-212436_R-HSA-8878159_R-HSA-8941858_P49721	-4.81610	0.00000	0.00000
CID_5754	R-HSA-74160_R-HSA-73857_R-HSA-212436_R-HSA-8878159_R-HSA-8941858_P28074	-4.57675	0.00000	0.00000
CID_5754	R-HSA-74160_R-HSA-73857_R-HSA-212436_R-HSA-8878159_R-HSA-8941858_P28062	-4.96813	0.00000	0.00000
CID_5754	R-HSA-74160_R-HSA-73857_R-HSA-212436_R-HSA-9614085_R-HSA-9617629_Q96EB6	-7.01922	0.00000	0.00000
CID_5754	R-HSA-74160_R-HSA-73857_R-HSA-212436_R-HSA-8878166_R-HSA-8939902_P03372	-4.66788	0.00000	0.00000
CID_5754	R-HSA-74160_R-HSA-73857_R-HSA-212436_R-HSA-3700989_R-HSA-6791312_R-HSA-6804115_P04637	-7.68362	0.00000	0.00000
CID_5754	R-HSA-1430728_R-HSA-202131_R-HSA-203615_P0DP23	-4.93253	0.00500	0.04608
CID_5754	R-HSA-1430728_R-HSA-202131_R-HSA-203615_P29474	-5.15741	0.00500	0.04608
CID_5754	R-HSA-1430728_R-HSA-163685_R-HSA-163767_P62714	-5.63730	0.00500	0.04608
CID_5754	R-HSA-1430728_R-HSA-15869_R-HSA-8956321_R-HSA-74217_P00813	-7.38023	0.00500	0.04608
CID_5754	R-HSA-1430728_R-HSA-163685_R-HSA-422356_R-HSA-400042_Q08289	-4.94804	0.00500	0.04608
CID_5754	R-HSA-1430728_R-HSA-163685_R-HSA-422356_R-HSA-381676_Q9BQ31	-3.45450	0.00500	0.04608
CID_5754	R-HSA-74160_R-HSA-73857_R-HSA-212436_R-HSA-350054_O75376	-4.11258	0.00500	0.04608
CID_5754	R-HSA-74160_R-HSA-73857_R-HSA-212436_R-HSA-383280_P13631	-4.38621	0.00500	0.04608
CID_5754	R-HSA-1430728_R-HSA-1428517_R-HSA-71406_R-HSA-70268_R-HSA-204174_P11177	-11.24748	0.00500	0.04608
CID_5754	R-HSA-1430728_R-HSA-71387_R-HSA-70326_R-HSA-70171_R-HSA-9634600_P62714	-9.91628	0.00500	0.04608
CID_5754	R-HSA-1430728_R-HSA-71387_R-HSA-70326_R-HSA-70171_R-HSA-9634600_P67775	-10.21754	0.00500	0.04608
CID_5754	R-HSA-74160_R-HSA-73857_R-HSA-212436_R-HSA-8878159_R-HSA-8941855_P04637	-5.44701	0.00500	0.04608
CID_5754	R-HSA-74160_R-HSA-73857_R-HSA-212436_R-HSA-8878159_R-HSA-8941858_P25786	-5.13935	0.00500	0.04608
CID_5754	R-HSA-74160_R-HSA-73857_R-HSA-212436_R-HSA-8878159_R-HSA-8941858_Q99460	-5.10025	0.00500	0.04608
CID_5754	R-HSA-74160_R-HSA-73857_R-HSA-212436_R-HSA-8878159_R-HSA-8941858_Q13200	-5.16898	0.00500	0.04608
CID_5754	R-HSA-74160_R-HSA-73857_R-HSA-212436_R-HSA-8878171_R-HSA-8939236_P20618	-6.31204	0.00500	0.04608
CID_5754	R-HSA-74160_R-HSA-73857_R-HSA-212436_R-HSA-8878171_R-HSA-8939236_P49721	-6.51722	0.00500	0.04608
CID_5754	R-HSA-74160_R-HSA-73857_R-HSA-212436_R-HSA-8878171_R-HSA-8939236_P28074	-6.27788	0.00500	0.04608
CID_5754	R-HSA-74160_R-HSA-73857_R-HSA-212436_R-HSA-8878171_R-HSA-8939236_P28062	-6.66926	0.00500	0.04608
CID_5754	R-HSA-74160_R-HSA-73857_R-HSA-212436_R-HSA-8878171_R-HSA-8931987_P03372	-6.56272	0.00500	0.04608
CID_5754	R-HSA-74160_R-HSA-73857_R-HSA-212436_R-HSA-8878166_R-HSA-8939902_P04150	-3.61977	0.00500	0.04608
CID_5754	R-HSA-74160_R-HSA-73857_R-HSA-212436_R-HSA-8878166_R-HSA-8939902_P20618	-4.22535	0.00500	0.04608
CID_5754	R-HSA-74160_R-HSA-73857_R-HSA-212436_R-HSA-8878166_R-HSA-8939902_P49721	-4.43053	0.00500	0.04608
CID_5754	R-HSA-74160_R-HSA-73857_R-HSA-212436_R-HSA-8878166_R-HSA-8939902_P28074	-4.19119	0.00500	0.04608
CID_5754	R-HSA-74160_R-HSA-73857_R-HSA-212436_R-HSA-8878166_R-HSA-8939902_P28062	-4.58256	0.00500	0.04608
CID_5754	R-HSA-74160_R-HSA-73857_R-HSA-212436_R-HSA-8878166_R-HSA-8941326_R-HSA-8940973_Q9UBN7	-8.21859	0.00500	0.04608
CID_5754	R-HSA-74160_R-HSA-73857_R-HSA-212436_R-HSA-3700989_R-HSA-5633008_R-HSA-6803204_P04637	-11.43283	0.00500	0.04608
CID_5754	R-HSA-74160_R-HSA-73857_R-HSA-212436_R-HSA-3700989_R-HSA-5633008_R-HSA-6803207_P04637	-10.88390	0.00500	0.04608
CID_5754	R-HSA-74160_R-HSA-73857_R-HSA-212436_R-HSA-3700989_R-HSA-5633008_R-HSA-6803211_P04637	-11.17357	0.00500	0.04608
CID_5755	R-HSA-1430728_R-HSA-1483249_R-HSA-1855204_P0DP23	-5.16759	0.00000	0.00000
CID_5755	R-HSA-1430728_R-HSA-202131_R-HSA-203615_P0DP23	-4.61141	0.00000	0.00000
CID_5755	R-HSA-1430728_R-HSA-163685_R-HSA-163767_P62714	-5.24893	0.00000	0.00000
CID_5755	R-HSA-1430728_R-HSA-71291_R-HSA-389661_Q02218	-5.33616	0.00000	0.00000
CID_5755	R-HSA-1430728_R-HSA-71291_R-HSA-389661_O14561	-6.29447	0.00000	0.00000
CID_5755	R-HSA-1430728_R-HSA-71291_R-HSA-389661_P11177	-6.37436	0.00000	0.00000
CID_5755	R-HSA-1430728_R-HSA-71291_R-HSA-70895_P54687	-5.52150	0.00000	0.00000
CID_5755	R-HSA-1430728_R-HSA-71291_R-HSA-71288_P48066	-5.54153	0.00000	0.00000
CID_5755	R-HSA-1430728_R-HSA-71291_R-HSA-70921_P50135	-5.92633	0.00000	0.00000
CID_5755	R-HSA-1430728_R-HSA-71291_R-HSA-71064_Q02218	-5.29489	0.00000	0.00000
CID_5755	R-HSA-1430728_R-HSA-15869_R-HSA-8956319_R-HSA-73621_P19971	-6.93239	0.00000	0.00000
CID_5755	R-HSA-1430728_R-HSA-15869_R-HSA-8956319_R-HSA-73621_Q16831	-7.18861	0.00000	0.00000
CID_5755	R-HSA-1430728_R-HSA-15869_R-HSA-8956321_R-HSA-73614_P19971	-7.27067	0.00000	0.00000
CID_5755	R-HSA-1430728_R-HSA-15869_R-HSA-8956321_R-HSA-73614_Q16831	-7.52690	0.00000	0.00000
CID_5755	R-HSA-1430728_R-HSA-163685_R-HSA-422356_R-HSA-400042_Q01668	-4.02076	0.00000	0.00000
CID_5755	R-HSA-1430728_R-HSA-163685_R-HSA-422356_R-HSA-400042_Q13936	-4.16765	0.00000	0.00000
CID_5755	R-HSA-1430728_R-HSA-163685_R-HSA-422356_R-HSA-400042_Q9NY47	-3.93853	0.00000	0.00000
CID_5755	R-HSA-1430728_R-HSA-163685_R-HSA-422356_R-HSA-400042_Q08289	-4.46259	0.00000	0.00000
CID_5755	R-HSA-1430728_R-HSA-71291_R-HSA-209776_R-HSA-209931_P17752	-6.66521	0.00000	0.00000
CID_5755	R-HSA-1430728_R-HSA-71291_R-HSA-2408522_R-HSA-2408557_P39023	-6.46287	0.00000	0.00000
CID_5755	R-HSA-1430728_R-HSA-71291_R-HSA-2408522_R-HSA-2408508_P50135	-7.79270	0.00000	0.00000
CID_5755	R-HSA-1430728_R-HSA-71291_R-HSA-2408522_R-HSA-2408508_P40261	-7.64694	0.00000	0.00000
CID_5755	R-HSA-1430728_R-HSA-71291_R-HSA-351202_R-HSA-350562_P20618	-5.98281	0.00000	0.00000
CID_5755	R-HSA-1430728_R-HSA-71291_R-HSA-351202_R-HSA-350562_P49721	-6.20257	0.00000	0.00000
CID_5755	R-HSA-1430728_R-HSA-71291_R-HSA-351202_R-HSA-350562_P28074	-5.94580	0.00000	0.00000
CID_5755	R-HSA-1430728_R-HSA-71291_R-HSA-351202_R-HSA-350562_P28062	-6.37426	0.00000	0.00000
CID_5755	R-HSA-1430728_R-HSA-71291_R-HSA-351202_R-HSA-350562_P25786	-6.50621	0.00000	0.00000
CID_5755	R-HSA-1430728_R-HSA-71291_R-HSA-351202_R-HSA-350562_Q99460	-6.46519	0.00000	0.00000
CID_5755	R-HSA-1430728_R-HSA-71291_R-HSA-351202_R-HSA-350562_Q13200	-6.53775	0.00000	0.00000
CID_5755	R-HSA-1430728_R-HSA-1428517_R-HSA-71406_R-HSA-71403_Q02218	-7.46750	0.00000	0.00000
CID_5755	R-HSA-1430728_R-HSA-196854_R-HSA-6806667_R-HSA-975634_O95237	-8.87066	0.00000	0.00000
CID_5755	R-HSA-1430728_R-HSA-196854_R-HSA-6806667_R-HSA-975634_P02753	-8.96520	0.00000	0.00000
CID_5755	R-HSA-1430728_R-HSA-196854_R-HSA-6806667_R-HSA-975634_P50120	-9.06635	0.00000	0.00000
CID_5755	R-HSA-1430728_R-HSA-196854_R-HSA-6806667_R-HSA-975634_P09455	-8.92393	0.00000	0.00000
CID_5755	R-HSA-1430728_R-HSA-196854_R-HSA-8978934_R-HSA-1474151_P0DP23	-7.05740	0.00000	0.00000
CID_5755	R-HSA-1430728_R-HSA-196854_R-HSA-8978934_R-HSA-1474151_P29474	-7.21504	0.00000	0.00000
CID_5755	R-HSA-1430728_R-HSA-196854_R-HSA-196849_R-HSA-196741_Q9UBK8	-9.98128	0.00000	0.00000
CID_5755	R-HSA-1430728_R-HSA-196854_R-HSA-196849_R-HSA-196780_P11498	-7.81946	0.00000	0.00000
CID_5755	R-HSA-1430728_R-HSA-196854_R-HSA-196849_R-HSA-196780_Q9Y289	-10.20413	0.00000	0.00000
CID_5755	R-HSA-1430728_R-HSA-196854_R-HSA-196849_R-HSA-196757_Q96NT5	-8.68196	0.00000	0.00000
CID_5755	R-HSA-1430728_R-HSA-196854_R-HSA-196849_R-HSA-196757_P41440	-8.76606	0.00000	0.00000
CID_5755	R-HSA-1430728_R-HSA-71387_R-HSA-8982491_R-HSA-70221_P0DP23	-5.83403	0.00000	0.00000
CID_5755	R-HSA-1430728_R-HSA-71387_R-HSA-70326_R-HSA-70263_P11498	-7.49153	0.00000	0.00000
CID_5755	R-HSA-1430728_R-HSA-1428517_R-HSA-163200_R-HSA-611105_R-HSA-6799198_O14561	-10.24966	0.00000	0.00000
CID_5755	R-HSA-1430728_R-HSA-1428517_R-HSA-71406_R-HSA-70268_R-HSA-204174_P19793	-9.22917	0.00000	0.00000
CID_5755	R-HSA-1430728_R-HSA-196854_R-HSA-196849_R-HSA-196807_R-HSA-197264_Q16647	-9.52923	0.00000	0.00000
CID_5755	R-HSA-74160_R-HSA-73857_R-HSA-212436_R-HSA-8878166_R-HSA-8939902_P04150	-3.39648	0.00000	0.00000
CID_5755	R-HSA-74160_R-HSA-73857_R-HSA-212436_R-HSA-8878166_R-HSA-8939902_P03372	-4.83727	0.00000	0.00000
CID_5755	R-HSA-74160_R-HSA-73857_R-HSA-212436_R-HSA-8878166_R-HSA-8939902_P20618	-3.95402	0.00000	0.00000
CID_5755	R-HSA-74160_R-HSA-73857_R-HSA-212436_R-HSA-8878166_R-HSA-8939902_P28074	-3.91701	0.00000	0.00000
CID_5755	R-HSA-74160_R-HSA-73857_R-HSA-212436_R-HSA-8878166_R-HSA-8939902_Q99460	-4.43641	0.00000	0.00000
CID_5755	R-HSA-1430728_R-HSA-202131_R-HSA-203615_P29474	-4.76904	0.00500	0.04608
CID_5755	R-HSA-1430728_R-HSA-15869_R-HSA-499943_P04818	-5.26251	0.00500	0.04608
CID_5755	R-HSA-1430728_R-HSA-163685_R-HSA-163765_P30613	-4.14999	0.00500	0.04608
CID_5755	R-HSA-1430728_R-HSA-163685_R-HSA-163767_P67775	-5.55019	0.00500	0.04608
CID_5755	R-HSA-1430728_R-HSA-15869_R-HSA-8956321_R-HSA-74217_P00813	-6.89477	0.00500	0.04608
CID_5755	R-HSA-1430728_R-HSA-163685_R-HSA-422356_R-HSA-381676_Q9BQ31	-2.96905	0.00500	0.04608
CID_5755	R-HSA-1430728_R-HSA-1428517_R-HSA-163200_R-HSA-163210_P30049	-7.62487	0.00500	0.04608
CID_5755	R-HSA-1430728_R-HSA-196854_R-HSA-196849_R-HSA-196741_P33527	-8.97209	0.00500	0.04608
CID_5755	R-HSA-1430728_R-HSA-196854_R-HSA-196849_R-HSA-196741_O60494	-9.95694	0.00500	0.04608
CID_5755	R-HSA-1430728_R-HSA-196854_R-HSA-196849_R-HSA-196757_P34897	-9.28002	0.00500	0.04608
CID_5755	R-HSA-1430728_R-HSA-196854_R-HSA-196849_R-HSA-196757_P34896	-9.27877	0.00500	0.04608
CID_5755	R-HSA-1430728_R-HSA-196854_R-HSA-196849_R-HSA-196836_P78417	-7.94274	0.00500	0.04608
CID_5755	R-HSA-1430728_R-HSA-196854_R-HSA-196849_R-HSA-196836_Q9UHI7	-7.74902	0.00500	0.04608
CID_5755	R-HSA-1430728_R-HSA-71387_R-HSA-8982491_R-HSA-70221_P06737	-8.61644	0.00500	0.04608
CID_5755	R-HSA-1430728_R-HSA-71387_R-HSA-70326_R-HSA-70263_P00558	-7.73875	0.00500	0.04608
CID_5755	R-HSA-74160_R-HSA-73857_R-HSA-212436_R-HSA-350054_Q9UBN7	-5.03660	0.00500	0.04608
CID_5755	R-HSA-74160_R-HSA-73857_R-HSA-212436_R-HSA-383280_P04150	-2.31109	0.00500	0.04608
CID_5755	R-HSA-74160_R-HSA-73857_R-HSA-212436_R-HSA-383280_P10275	-3.28458	0.00500	0.04608
CID_5755	R-HSA-74160_R-HSA-73857_R-HSA-212436_R-HSA-383280_P03372	-3.75189	0.00500	0.04608
CID_5755	R-HSA-74160_R-HSA-73857_R-HSA-212436_R-HSA-383280_P19793	-3.00277	0.00500	0.04608
CID_5755	R-HSA-74160_R-HSA-73857_R-HSA-212436_R-HSA-383280_P06401	-2.87515	0.00500	0.04608
CID_5755	R-HSA-74160_R-HSA-73857_R-HSA-212436_R-HSA-383280_P62508	-3.03629	0.00500	0.04608
CID_5755	R-HSA-74160_R-HSA-73857_R-HSA-212436_R-HSA-383280_P10828	-4.50727	0.00500	0.04608
CID_5755	R-HSA-74160_R-HSA-73857_R-HSA-212436_R-HSA-383280_P51843	-2.86914	0.00500	0.04608
CID_5755	R-HSA-1430728_R-HSA-1428517_R-HSA-163200_R-HSA-611105_R-HSA-6799198_P19404	-11.09914	0.00500	0.04608
CID_5755	R-HSA-1430728_R-HSA-1428517_R-HSA-163200_R-HSA-611105_R-HSA-6799198_Q16795	-11.09844	0.00500	0.04608
CID_5755	R-HSA-1430728_R-HSA-1428517_R-HSA-163200_R-HSA-611105_R-HSA-6799198_P51970	-11.09987	0.00500	0.04608
CID_5755	R-HSA-1430728_R-HSA-1428517_R-HSA-163200_R-HSA-611105_R-HSA-6799198_O95182	-11.09995	0.00500	0.04608
CID_5755	R-HSA-1430728_R-HSA-1428517_R-HSA-163200_R-HSA-611105_R-HSA-6799198_P56556	-11.09875	0.00500	0.04608
CID_5755	R-HSA-1430728_R-HSA-1428517_R-HSA-163200_R-HSA-611105_R-HSA-6799198_Q16718	-11.09892	0.00500	0.04608
CID_5755	R-HSA-1430728_R-HSA-1428517_R-HSA-163200_R-HSA-611105_R-HSA-6799198_O95167	-11.09874	0.00500	0.04608
CID_5755	R-HSA-1430728_R-HSA-1428517_R-HSA-163200_R-HSA-611105_R-HSA-6799198_O43678	-11.09850	0.00500	0.04608
CID_5755	R-HSA-1430728_R-HSA-1428517_R-HSA-163200_R-HSA-611105_R-HSA-6799198_O15239	-11.09906	0.00500	0.04608
CID_5755	R-HSA-1430728_R-HSA-1428517_R-HSA-163200_R-HSA-611105_R-HSA-6799198_O95299	-11.09870	0.00500	0.04608
CID_5755	R-HSA-1430728_R-HSA-1428517_R-HSA-163200_R-HSA-611105_R-HSA-6799198_O75438	-11.09959	0.00500	0.04608
CID_5755	R-HSA-1430728_R-HSA-1428517_R-HSA-163200_R-HSA-611105_R-HSA-6799198_O95178	-11.09939	0.00500	0.04608
CID_5755	R-HSA-1430728_R-HSA-1428517_R-HSA-163200_R-HSA-611105_R-HSA-6799198_O00217	-11.09885	0.00500	0.04608
CID_5755	R-HSA-1430728_R-HSA-1428517_R-HSA-163200_R-HSA-611105_R-HSA-6799198_O75380	-11.09938	0.00500	0.04608
CID_5755	R-HSA-1430728_R-HSA-1428517_R-HSA-163200_R-HSA-611105_R-HSA-6799198_O43920	-11.09910	0.00500	0.04608
CID_5755	R-HSA-1430728_R-HSA-1428517_R-HSA-163200_R-HSA-611105_R-HSA-6799198_O43181	-11.09845	0.00500	0.04608
CID_5755	R-HSA-1430728_R-HSA-1428517_R-HSA-163200_R-HSA-611105_R-HSA-6799198_P49821	-11.09846	0.00500	0.04608
CID_5755	R-HSA-1430728_R-HSA-1428517_R-HSA-163200_R-HSA-611105_R-HSA-6799198_O75489	-11.09894	0.00500	0.04608
CID_5755	R-HSA-1430728_R-HSA-1428517_R-HSA-163200_R-HSA-611105_R-HSA-6799198_O75306	-11.09970	0.00500	0.04608
CID_5755	R-HSA-1430728_R-HSA-1428517_R-HSA-163200_R-HSA-611105_R-HSA-6799198_P56181	-11.09839	0.00500	0.04608
CID_5755	R-HSA-1430728_R-HSA-1428517_R-HSA-163200_R-HSA-611105_R-HSA-6799198_P28331	-11.09858	0.00500	0.04608
CID_5755	R-HSA-1430728_R-HSA-1428517_R-HSA-163200_R-HSA-611105_R-HSA-6799198_O95298	-11.09887	0.00500	0.04608
CID_5755	R-HSA-1430728_R-HSA-1428517_R-HSA-163200_R-HSA-611105_R-HSA-6799198_O43677	-11.09872	0.00500	0.04608
CID_5755	R-HSA-1430728_R-HSA-1428517_R-HSA-163200_R-HSA-611105_R-HSA-6799198_O96000	-11.09884	0.00500	0.04608
CID_5755	R-HSA-1430728_R-HSA-1428517_R-HSA-163200_R-HSA-611105_R-HSA-6799198_Q9Y6M9	-11.09898	0.00500	0.04608
CID_5755	R-HSA-1430728_R-HSA-1428517_R-HSA-163200_R-HSA-611105_R-HSA-6799198_O95169	-11.09911	0.00500	0.04608
CID_5755	R-HSA-1430728_R-HSA-1428517_R-HSA-163200_R-HSA-611105_R-HSA-6799198_P17568	-11.09898	0.00500	0.04608
CID_5755	R-HSA-1430728_R-HSA-1428517_R-HSA-163200_R-HSA-611105_R-HSA-6799198_O95139	-11.09905	0.00500	0.04608
CID_5755	R-HSA-1430728_R-HSA-1428517_R-HSA-163200_R-HSA-611105_R-HSA-6799198_O43674	-11.09914	0.00500	0.04608
CID_5755	R-HSA-1430728_R-HSA-1428517_R-HSA-163200_R-HSA-611105_R-HSA-6799198_O95168	-11.09899	0.00500	0.04608
CID_5755	R-HSA-1430728_R-HSA-1428517_R-HSA-163200_R-HSA-611105_R-HSA-6799198_O43676	-11.09859	0.00500	0.04608
CID_5755	R-HSA-1430728_R-HSA-1428517_R-HSA-71406_R-HSA-70268_R-HSA-204174_P11177	-10.66494	0.00500	0.04608
CID_5755	R-HSA-1430728_R-HSA-196854_R-HSA-196849_R-HSA-196807_R-HSA-197264_P40261	-9.34886	0.00500	0.04608
CID_5755	R-HSA-1430728_R-HSA-71387_R-HSA-70326_R-HSA-70171_R-HSA-9634600_P62714	-9.33373	0.00500	0.04608
CID_5755	R-HSA-1430728_R-HSA-71387_R-HSA-70326_R-HSA-70171_R-HSA-9634600_P67775	-9.63499	0.00500	0.04608
CID_5755	R-HSA-74160_R-HSA-73857_R-HSA-212436_R-HSA-8878159_R-HSA-8941858_P20618	-4.80158	0.00500	0.04608
CID_5755	R-HSA-74160_R-HSA-73857_R-HSA-212436_R-HSA-8878159_R-HSA-8941858_P28074	-4.76457	0.00500	0.04608
CID_5755	R-HSA-74160_R-HSA-73857_R-HSA-212436_R-HSA-8878166_R-HSA-8939902_P49721	-4.17379	0.00500	0.04608
CID_5755	R-HSA-74160_R-HSA-73857_R-HSA-212436_R-HSA-8878166_R-HSA-8939902_P28062	-4.34547	0.00500	0.04608
CID_5755	R-HSA-74160_R-HSA-73857_R-HSA-212436_R-HSA-8878166_R-HSA-8939902_P25786	-4.47742	0.00500	0.04608
CID_5755	R-HSA-74160_R-HSA-73857_R-HSA-212436_R-HSA-8878166_R-HSA-8939902_Q13200	-4.50896	0.00500	0.04608
CID_5755	R-HSA-74160_R-HSA-73857_R-HSA-212436_R-HSA-8878166_R-HSA-8941326_R-HSA-8940973_Q9UBN7	-8.15833	0.00500	0.04608
CID_5757	R-HSA-1430728_R-HSA-1483249_R-HSA-1855204_P0DP23	-4.83654	0.00000	0.00000
CID_5757	R-HSA-1430728_R-HSA-202131_R-HSA-203615_P0DP23	-5.12917	0.00000	0.00000
CID_5757	R-HSA-1430728_R-HSA-202131_R-HSA-203615_P29474	-6.22546	0.00000	0.00000
CID_5757	R-HSA-1430728_R-HSA-2161522_R-HSA-2161517_P08183	-6.18541	0.00000	0.00000
CID_5757	R-HSA-1430728_R-HSA-196854_R-HSA-8978934_R-HSA-1474151_P0DP23	-6.55221	0.00000	0.00000
CID_5757	R-HSA-1430728_R-HSA-196854_R-HSA-8978934_R-HSA-1474151_P29474	-7.64850	0.00000	0.00000
CID_5757	R-HSA-1430728_R-HSA-71387_R-HSA-8982491_R-HSA-70221_P0DP23	-5.25638	0.00000	0.00000
CID_5757	R-HSA-1430728_R-HSA-556833_R-HSA-400206_R-HSA-1989781_O75376	-3.89374	0.00000	0.00000
CID_5757	R-HSA-74160_R-HSA-73857_R-HSA-212436_R-HSA-350054_Q9UBN7	-4.98277	0.00000	0.00000
CID_5757	R-HSA-74160_R-HSA-73857_R-HSA-212436_R-HSA-383280_P48443	-3.25250	0.00000	0.00000
CID_5757	R-HSA-74160_R-HSA-73857_R-HSA-212436_R-HSA-383280_P06401	-2.37632	0.00000	0.00000
CID_5757	R-HSA-74160_R-HSA-73857_R-HSA-212436_R-HSA-383280_P62508	-2.70470	0.00000	0.00000
CID_5757	R-HSA-74160_R-HSA-73857_R-HSA-212436_R-HSA-383280_P10827	-3.61059	0.00000	0.00000
CID_5757	R-HSA-74160_R-HSA-73857_R-HSA-212436_R-HSA-383280_P10828	-3.60052	0.00000	0.00000
CID_5757	R-HSA-1430728_R-HSA-1428517_R-HSA-71406_R-HSA-70268_R-HSA-204174_P19793	-9.09123	0.00000	0.00000
CID_5757	R-HSA-1430728_R-HSA-1428517_R-HSA-71406_R-HSA-70268_R-HSA-204174_P11177	-10.56290	0.00000	0.00000
CID_5757	R-HSA-1430728_R-HSA-556833_R-HSA-8978868_R-HSA-2142753_R-HSA-2142670_Q16678	-47.17838	0.00000	0.00000
CID_5757	R-HSA-1430728_R-HSA-556833_R-HSA-8978868_R-HSA-2142753_R-HSA-2142670_P04798	-47.43780	0.00000	0.00000
CID_5757	R-HSA-1430728_R-HSA-556833_R-HSA-8978868_R-HSA-2142753_R-HSA-2142816_Q16678	-10.57709	0.00000	0.00000
CID_5757	R-HSA-74160_R-HSA-73857_R-HSA-212436_R-HSA-3700989_R-HSA-5633008_R-HSA-6803204_P04637	-12.30298	0.00000	0.00000
CID_5757	R-HSA-74160_R-HSA-73857_R-HSA-212436_R-HSA-3700989_R-HSA-5633008_R-HSA-6803207_P04637	-11.75405	0.00000	0.00000
CID_5757	R-HSA-74160_R-HSA-73857_R-HSA-212436_R-HSA-3700989_R-HSA-5633008_R-HSA-6803211_P04637	-12.04372	0.00000	0.00000
CID_5757	R-HSA-1430728_R-HSA-71291_R-HSA-389661_Q02218	-5.19977	0.00500	0.04608
CID_5757	R-HSA-1430728_R-HSA-71291_R-HSA-389661_P11177	-6.26813	0.00500	0.04608
CID_5757	R-HSA-1430728_R-HSA-71291_R-HSA-70895_P24752	-5.74401	0.00500	0.04608
CID_5757	R-HSA-1430728_R-HSA-71291_R-HSA-70895_P54687	-5.42284	0.00500	0.04608
CID_5757	R-HSA-1430728_R-HSA-71291_R-HSA-71288_P48066	-5.47886	0.00500	0.04608
CID_5757	R-HSA-1430728_R-HSA-71291_R-HSA-70921_P50135	-5.81829	0.00500	0.04608
CID_5757	R-HSA-1430728_R-HSA-71291_R-HSA-71064_Q02218	-5.15900	0.00500	0.04608
CID_5757	R-HSA-1430728_R-HSA-163685_R-HSA-422356_R-HSA-400042_Q9NY47	-5.42506	0.00500	0.04608
CID_5757	R-HSA-1430728_R-HSA-71291_R-HSA-209776_R-HSA-209931_P17752	-6.69593	0.00500	0.04608
CID_5757	R-HSA-1430728_R-HSA-71291_R-HSA-2408522_R-HSA-2408508_P50135	-7.75426	0.00500	0.04608
CID_5757	R-HSA-1430728_R-HSA-71291_R-HSA-2408522_R-HSA-2408508_P40261	-7.59298	0.00500	0.04608
CID_5757	R-HSA-1430728_R-HSA-71291_R-HSA-351202_R-HSA-350562_P20618	-6.37034	0.00500	0.04608
CID_5757	R-HSA-1430728_R-HSA-71291_R-HSA-351202_R-HSA-350562_P49721	-6.59174	0.00500	0.04608
CID_5757	R-HSA-1430728_R-HSA-71291_R-HSA-351202_R-HSA-350562_P28074	-6.31676	0.00500	0.04608
CID_5757	R-HSA-1430728_R-HSA-71291_R-HSA-351202_R-HSA-350562_P28062	-6.78307	0.00500	0.04608
CID_5757	R-HSA-1430728_R-HSA-71291_R-HSA-351202_R-HSA-350562_P25786	-6.80838	0.00500	0.04608
CID_5757	R-HSA-1430728_R-HSA-71291_R-HSA-351202_R-HSA-350562_Q99460	-6.77704	0.00500	0.04608
CID_5757	R-HSA-1430728_R-HSA-71291_R-HSA-351202_R-HSA-350562_Q13200	-6.83628	0.00500	0.04608
CID_5757	R-HSA-1430728_R-HSA-196854_R-HSA-6806667_R-HSA-975634_P50120	-11.94940	0.00500	0.04608
CID_5757	R-HSA-1430728_R-HSA-556833_R-HSA-400206_R-HSA-1989781_P19793	-3.67674	0.00500	0.04608
CID_5757	R-HSA-1430728_R-HSA-556833_R-HSA-400206_R-HSA-1989781_P35869	-4.17721	0.00500	0.04608
CID_5757	R-HSA-1430728_R-HSA-556833_R-HSA-400206_R-HSA-1989781_P11474	-2.88218	0.00500	0.04608
CID_5757	R-HSA-1430728_R-HSA-556833_R-HSA-400206_R-HSA-1989781_O60427	-4.55816	0.00500	0.04608
CID_5757	R-HSA-1430728_R-HSA-556833_R-HSA-400206_R-HSA-1989781_Q9Y6Q9	-4.82698	0.00500	0.04608
CID_5757	R-HSA-74160_R-HSA-73857_R-HSA-212436_R-HSA-383280_P04150	-3.15717	0.00500	0.04608
CID_5757	R-HSA-74160_R-HSA-73857_R-HSA-212436_R-HSA-383280_P10275	-2.41025	0.00500	0.04608
CID_5757	R-HSA-74160_R-HSA-73857_R-HSA-212436_R-HSA-383280_P08235	-2.58133	0.00500	0.04608
CID_5757	R-HSA-74160_R-HSA-73857_R-HSA-212436_R-HSA-383280_P03372	-2.97580	0.00500	0.04608
CID_5757	R-HSA-74160_R-HSA-73857_R-HSA-212436_R-HSA-383280_P19793	-2.47954	0.00500	0.04608
CID_5757	R-HSA-74160_R-HSA-73857_R-HSA-212436_R-HSA-383280_P11474	-1.68499	0.00500	0.04608
CID_5757	R-HSA-74160_R-HSA-73857_R-HSA-212436_R-HSA-383280_P13631	-4.31359	0.00500	0.04608
CID_5757	R-HSA-74160_R-HSA-73857_R-HSA-212436_R-HSA-383280_O75469	-2.34518	0.00500	0.04608
CID_5757	R-HSA-74160_R-HSA-73857_R-HSA-212436_R-HSA-383280_P51843	-2.42624	0.00500	0.04608
CID_5757	R-HSA-74160_R-HSA-73857_R-HSA-212436_R-HSA-383280_O75376	-2.69655	0.00500	0.04608
CID_5757	R-HSA-1430728_R-HSA-1428517_R-HSA-163200_R-HSA-611105_R-HSA-6799198_P19404	-11.24964	0.00500	0.04608
CID_5757	R-HSA-1430728_R-HSA-1428517_R-HSA-163200_R-HSA-611105_R-HSA-6799198_Q16795	-11.24892	0.00500	0.04608
CID_5757	R-HSA-1430728_R-HSA-1428517_R-HSA-163200_R-HSA-611105_R-HSA-6799198_P51970	-11.25039	0.00500	0.04608
CID_5757	R-HSA-1430728_R-HSA-1428517_R-HSA-163200_R-HSA-611105_R-HSA-6799198_P56556	-11.24924	0.00500	0.04608
CID_5757	R-HSA-1430728_R-HSA-1428517_R-HSA-163200_R-HSA-611105_R-HSA-6799198_O95167	-11.24923	0.00500	0.04608
CID_5757	R-HSA-1430728_R-HSA-1428517_R-HSA-163200_R-HSA-611105_R-HSA-6799198_O43678	-11.24899	0.00500	0.04608
CID_5757	R-HSA-1430728_R-HSA-1428517_R-HSA-163200_R-HSA-611105_R-HSA-6799198_O15239	-11.24956	0.00500	0.04608
CID_5757	R-HSA-1430728_R-HSA-1428517_R-HSA-163200_R-HSA-611105_R-HSA-6799198_O75380	-11.24990	0.00500	0.04608
CID_5757	R-HSA-1430728_R-HSA-1428517_R-HSA-163200_R-HSA-611105_R-HSA-6799198_O43920	-11.24960	0.00500	0.04608
CID_5757	R-HSA-1430728_R-HSA-1428517_R-HSA-163200_R-HSA-611105_R-HSA-6799198_O43181	-11.24894	0.00500	0.04608
CID_5757	R-HSA-1430728_R-HSA-1428517_R-HSA-163200_R-HSA-611105_R-HSA-6799198_P49821	-11.24895	0.00500	0.04608
CID_5757	R-HSA-1430728_R-HSA-1428517_R-HSA-163200_R-HSA-611105_R-HSA-6799198_P56181	-11.24888	0.00500	0.04608
CID_5757	R-HSA-1430728_R-HSA-1428517_R-HSA-163200_R-HSA-611105_R-HSA-6799198_O95298	-11.24937	0.00500	0.04608
CID_5757	R-HSA-1430728_R-HSA-1428517_R-HSA-163200_R-HSA-611105_R-HSA-6799198_O96000	-11.24933	0.00500	0.04608
CID_5757	R-HSA-1430728_R-HSA-1428517_R-HSA-163200_R-HSA-611105_R-HSA-6799198_Q9Y6M9	-11.24948	0.00500	0.04608
CID_5757	R-HSA-1430728_R-HSA-1428517_R-HSA-163200_R-HSA-611105_R-HSA-6799198_O95169	-11.24961	0.00500	0.04608
CID_5757	R-HSA-1430728_R-HSA-1428517_R-HSA-163200_R-HSA-611105_R-HSA-6799198_O43674	-11.24964	0.00500	0.04608
CID_5757	R-HSA-1430728_R-HSA-1428517_R-HSA-163200_R-HSA-611105_R-HSA-6799198_O43676	-11.24908	0.00500	0.04608
CID_5757	R-HSA-1430728_R-HSA-71387_R-HSA-70326_R-HSA-70171_R-HSA-9634600_P67775	-8.99382	0.00500	0.04608
CID_5757	R-HSA-1430728_R-HSA-556833_R-HSA-8978868_R-HSA-2142753_R-HSA-2142670_P34913	-86.10611	0.00500	0.04608
CID_5757	R-HSA-74160_R-HSA-73857_R-HSA-212436_R-HSA-8864260_R-HSA-8866910_P03372	-6.74041	0.00500	0.04608
CID_5757	R-HSA-74160_R-HSA-73857_R-HSA-212436_R-HSA-8878159_R-HSA-8941858_P20618	-5.36305	0.00500	0.04608
CID_5757	R-HSA-74160_R-HSA-73857_R-HSA-212436_R-HSA-8878159_R-HSA-8941858_P49721	-5.58444	0.00500	0.04608
CID_5757	R-HSA-74160_R-HSA-73857_R-HSA-212436_R-HSA-8878159_R-HSA-8941858_P28074	-5.30946	0.00500	0.04608
CID_5757	R-HSA-74160_R-HSA-73857_R-HSA-212436_R-HSA-8878159_R-HSA-8941858_P28062	-5.77577	0.00500	0.04608
CID_5757	R-HSA-74160_R-HSA-73857_R-HSA-212436_R-HSA-8878159_R-HSA-8941858_P25786	-5.80108	0.00500	0.04608
CID_5757	R-HSA-74160_R-HSA-73857_R-HSA-212436_R-HSA-8878159_R-HSA-8941858_Q99460	-5.76975	0.00500	0.04608
CID_5757	R-HSA-74160_R-HSA-73857_R-HSA-212436_R-HSA-8878159_R-HSA-8941858_Q13200	-5.82898	0.00500	0.04608
CID_5757	R-HSA-74160_R-HSA-73857_R-HSA-212436_R-HSA-8878166_R-HSA-8939902_P03372	-4.34740	0.00500	0.04608
CID_5757	R-HSA-74160_R-HSA-73857_R-HSA-212436_R-HSA-8878166_R-HSA-8939902_P11474	-3.05659	0.00500	0.04608
CID_5757	R-HSA-74160_R-HSA-73857_R-HSA-212436_R-HSA-8878166_R-HSA-8939902_P20618	-4.17326	0.00500	0.04608
CID_5757	R-HSA-74160_R-HSA-73857_R-HSA-212436_R-HSA-8878166_R-HSA-8939902_P49721	-4.39465	0.00500	0.04608
CID_5757	R-HSA-74160_R-HSA-73857_R-HSA-212436_R-HSA-8878166_R-HSA-8939902_P28074	-4.11968	0.00500	0.04608
CID_5757	R-HSA-74160_R-HSA-73857_R-HSA-212436_R-HSA-8878166_R-HSA-8939902_P25786	-4.61130	0.00500	0.04608
CID_5757	R-HSA-74160_R-HSA-73857_R-HSA-212436_R-HSA-8878166_R-HSA-8939902_Q99460	-4.57996	0.00500	0.04608
CID_5757	R-HSA-74160_R-HSA-73857_R-HSA-212436_R-HSA-8878166_R-HSA-8939902_Q13200	-4.63919	0.00500	0.04608
CID_5757	R-HSA-74160_R-HSA-73857_R-HSA-212436_R-HSA-3700989_R-HSA-5628897_O43741	-7.29516	0.00500	0.04608
CID_5757	R-HSA-74160_R-HSA-73857_R-HSA-212436_R-HSA-8878166_R-HSA-8941326_R-HSA-8940973_P10275	-7.55609	0.00500	0.04608
CID_5757	R-HSA-74160_R-HSA-73857_R-HSA-212436_R-HSA-8878166_R-HSA-8941326_R-HSA-8940973_P00519	-8.19736	0.00500	0.04608
CID_5757	R-HSA-74160_R-HSA-73857_R-HSA-212436_R-HSA-8878166_R-HSA-8941326_R-HSA-8940973_P12931	-8.12587	0.00500	0.04608
CID_5757	R-HSA-74160_R-HSA-73857_R-HSA-212436_R-HSA-8878166_R-HSA-8941326_R-HSA-8940973_P07947	-10.91606	0.00500	0.04608
CID_5757	R-HSA-74160_R-HSA-73857_R-HSA-212436_R-HSA-8878166_R-HSA-8941326_R-HSA-8940973_Q9UBN7	-8.52513	0.00500	0.04608
CID_5770	R-HSA-162582_R-HSA-372790_R-HSA-388396_R-HSA-418597_P05771	-7.42189	0.00000	0.00000
CID_5770	R-HSA-162582_R-HSA-372790_R-HSA-388396_R-HSA-418597_P17252	-7.49141	0.00000	0.00000
CID_5770	R-HSA-162582_R-HSA-372790_R-HSA-388396_R-HSA-416482_P35348	-7.80543	0.00000	0.00000
CID_5770	R-HSA-162582_R-HSA-372790_R-HSA-500792_R-HSA-373076_R-HSA-375280_R-HSA-390666_P50406	-7.69937	0.00000	0.00000
CID_5770	R-HSA-162582_R-HSA-372790_R-HSA-388396_R-HSA-418594_R-HSA-2187338_R-HSA-2187335_O75911	-14.39139	0.00000	0.00000
CID_5770	R-HSA-162582_R-HSA-372790_R-HSA-388396_R-HSA-418594_R-HSA-2187338_R-HSA-2187335_P12271	-13.81928	0.00000	0.00000
CID_5770	R-HSA-162582_R-HSA-372790_R-HSA-388396_R-HSA-418594_R-HSA-2187338_R-HSA-2187335_P10745	-13.81407	0.00000	0.00000
CID_5770	R-HSA-162582_R-HSA-372790_R-HSA-388396_R-HSA-418594_R-HSA-2187338_R-HSA-2453902_O95237	-12.78587	0.00000	0.00000
CID_5770	R-HSA-162582_R-HSA-372790_R-HSA-388396_R-HSA-418594_R-HSA-2187338_R-HSA-2453902_P12271	-13.05946	0.00000	0.00000
CID_5770	R-HSA-162582_R-HSA-372790_R-HSA-388396_R-HSA-418594_R-HSA-2187338_R-HSA-2453902_Q92781	-13.31842	0.00000	0.00000
CID_5770	R-HSA-162582_R-HSA-372790_R-HSA-388396_R-HSA-418594_R-HSA-2187338_R-HSA-2453902_P02753	-12.85797	0.00000	0.00000
CID_5770	R-HSA-162582_R-HSA-372790_R-HSA-388396_R-HSA-418594_R-HSA-2187338_R-HSA-2453902_P10745	-13.05425	0.00000	0.00000
CID_5770	R-HSA-162582_R-HSA-372790_R-HSA-388396_R-HSA-418594_R-HSA-2187338_R-HSA-2453902_P09455	-12.81501	0.00000	0.00000
CID_5770	R-HSA-162582_R-HSA-372790_R-HSA-388396_R-HSA-418594_R-HSA-2187338_R-HSA-975634_O95237	-12.88681	0.00000	0.00000
CID_5770	R-HSA-162582_R-HSA-372790_R-HSA-388396_R-HSA-418594_R-HSA-2187338_R-HSA-975634_P02753	-12.95890	0.00000	0.00000
CID_5770	R-HSA-162582_R-HSA-372790_R-HSA-388396_R-HSA-418594_R-HSA-2187338_R-HSA-975634_P50120	-13.37834	0.00000	0.00000
CID_5770	R-HSA-162582_R-HSA-372790_R-HSA-388396_R-HSA-418594_R-HSA-2187338_R-HSA-975634_P09455	-12.91594	0.00000	0.00000
CID_5770	R-HSA-162582_R-HSA-372790_R-HSA-388396_R-HSA-418594_R-HSA-2187338_R-HSA-2514856_R-HSA-2514859_P50579	-12.92888	0.00000	0.00000
CID_5770	R-HSA-162582_R-HSA-372790_R-HSA-388396_R-HSA-418594_R-HSA-2187338_R-HSA-2514856_R-HSA-2514859_P17252	-12.84233	0.00000	0.00000
CID_5770	R-HSA-162582_R-HSA-372790_R-HSA-388396_R-HSA-418594_R-HSA-2187338_R-HSA-2514856_R-HSA-2514859_P35913	-13.71858	0.00000	0.00000
CID_5770	R-HSA-162582_R-HSA-372790_R-HSA-388396_R-HSA-418594_R-HSA-2187338_R-HSA-2514856_R-HSA-2485179_P35913	-14.68758	0.00000	0.00000
CID_5770	R-HSA-162582_R-HSA-372790_R-HSA-500792_R-HSA-373080_R-HSA-420092_Q02643	-7.90451	0.00500	0.04608
CID_5770	R-HSA-162582_R-HSA-372790_R-HSA-500792_R-HSA-373076_R-HSA-375281_P30968	-7.61452	0.00500	0.04608
CID_5770	R-HSA-162582_R-HSA-372790_R-HSA-388396_R-HSA-397795_R-HSA-392451_O15530	-9.55041	0.00500	0.04608
CID_5770	R-HSA-162582_R-HSA-372790_R-HSA-500792_R-HSA-373076_R-HSA-375276_R-HSA-380108_P10145	-9.44891	0.00500	0.04608
CID_5770	R-HSA-162582_R-HSA-372790_R-HSA-500792_R-HSA-373076_R-HSA-375280_R-HSA-390666_P28566	-9.16530	0.00500	0.04608
CID_5770	R-HSA-162582_R-HSA-372790_R-HSA-500792_R-HSA-373076_R-HSA-391903_R-HSA-391908_P43088	-11.85087	0.00500	0.04608
CID_5770	R-HSA-162582_R-HSA-372790_R-HSA-500792_R-HSA-373076_R-HSA-391903_R-HSA-391908_P43116	-10.47545	0.00500	0.04608
CID_5770	R-HSA-162582_R-HSA-372790_R-HSA-388396_R-HSA-416476_R-HSA-881907_R-HSA-2179392_P17252	-11.82984	0.00500	0.04608
CID_5770	R-HSA-162582_R-HSA-372790_R-HSA-388396_R-HSA-418594_R-HSA-111885_R-HSA-202040_P01189	-12.58709	0.00500	0.04608
CID_5790	R-HSA-162582_R-HSA-372790_R-HSA-388396_R-HSA-418597_P05771	-7.87993	0.00000	0.00000
CID_5790	R-HSA-162582_R-HSA-372790_R-HSA-388396_R-HSA-416476_R-HSA-881907_R-HSA-2179392_P17252	-12.47111	0.00000	0.00000
CID_5790	R-HSA-162582_R-HSA-372790_R-HSA-388396_R-HSA-418594_R-HSA-2187338_R-HSA-2187335_P12271	-14.46054	0.00000	0.00000
CID_5790	R-HSA-162582_R-HSA-372790_R-HSA-388396_R-HSA-418594_R-HSA-2187338_R-HSA-2187335_P10745	-14.45533	0.00000	0.00000
CID_5790	R-HSA-162582_R-HSA-372790_R-HSA-388396_R-HSA-418594_R-HSA-2187338_R-HSA-2453902_O95237	-13.42507	0.00000	0.00000
CID_5790	R-HSA-162582_R-HSA-372790_R-HSA-388396_R-HSA-418594_R-HSA-2187338_R-HSA-2453902_P12271	-13.70072	0.00000	0.00000
CID_5790	R-HSA-162582_R-HSA-372790_R-HSA-388396_R-HSA-418594_R-HSA-2187338_R-HSA-2453902_P10745	-13.69551	0.00000	0.00000
CID_5790	R-HSA-162582_R-HSA-372790_R-HSA-388396_R-HSA-418594_R-HSA-2187338_R-HSA-975634_O95237	-13.52229	0.00000	0.00000
CID_5790	R-HSA-162582_R-HSA-372790_R-HSA-388396_R-HSA-418597_P17252	-7.94945	0.00500	0.04608
CID_5790	R-HSA-162582_R-HSA-372790_R-HSA-500792_R-HSA-373076_R-HSA-375281_P30968	-8.16417	0.00500	0.04608
CID_5790	R-HSA-162582_R-HSA-372790_R-HSA-388396_R-HSA-397795_R-HSA-392451_O15530	-10.10007	0.00500	0.04608
CID_5790	R-HSA-162582_R-HSA-372790_R-HSA-500792_R-HSA-373076_R-HSA-375276_R-HSA-380108_P10145	-10.09017	0.00500	0.04608
CID_5790	R-HSA-162582_R-HSA-372790_R-HSA-500792_R-HSA-373076_R-HSA-375280_R-HSA-390666_P50406	-8.34063	0.00500	0.04608
CID_5790	R-HSA-162582_R-HSA-372790_R-HSA-500792_R-HSA-373076_R-HSA-391903_R-HSA-391908_P43088	-12.49214	0.00500	0.04608
CID_5790	R-HSA-162582_R-HSA-372790_R-HSA-500792_R-HSA-373076_R-HSA-391903_R-HSA-391908_P43116	-11.11672	0.00500	0.04608
CID_5790	R-HSA-162582_R-HSA-372790_R-HSA-388396_R-HSA-418594_R-HSA-2187338_R-HSA-2187335_O75911	-15.03265	0.00500	0.04608
CID_5790	R-HSA-162582_R-HSA-372790_R-HSA-388396_R-HSA-418594_R-HSA-2187338_R-HSA-2453902_P02753	-13.49726	0.00500	0.04608
CID_5790	R-HSA-162582_R-HSA-372790_R-HSA-388396_R-HSA-418594_R-HSA-2187338_R-HSA-2453902_P09455	-13.45430	0.00500	0.04608
CID_5790	R-HSA-162582_R-HSA-372790_R-HSA-388396_R-HSA-418594_R-HSA-2187338_R-HSA-975634_P02753	-13.59448	0.00500	0.04608
CID_5790	R-HSA-162582_R-HSA-372790_R-HSA-388396_R-HSA-418594_R-HSA-2187338_R-HSA-975634_P50120	-14.01191	0.00500	0.04608
CID_5790	R-HSA-162582_R-HSA-372790_R-HSA-388396_R-HSA-418594_R-HSA-2187338_R-HSA-975634_P09455	-13.55152	0.00500	0.04608
CID_5790	R-HSA-162582_R-HSA-372790_R-HSA-388396_R-HSA-418594_R-HSA-111885_R-HSA-202040_P01189	-13.22836	0.00500	0.04608
CID_5790	R-HSA-162582_R-HSA-372790_R-HSA-388396_R-HSA-418594_R-HSA-2187338_R-HSA-2514856_R-HSA-2514859_P50579	-13.66175	0.00500	0.04608
CID_5790	R-HSA-162582_R-HSA-372790_R-HSA-388396_R-HSA-418594_R-HSA-2187338_R-HSA-2514856_R-HSA-2514859_P17252	-13.57520	0.00500	0.04608
CID_5790	R-HSA-162582_R-HSA-372790_R-HSA-388396_R-HSA-418594_R-HSA-2187338_R-HSA-2514856_R-HSA-2514859_P35913	-14.45145	0.00500	0.04608
CID_5790	R-HSA-162582_R-HSA-372790_R-HSA-388396_R-HSA-418594_R-HSA-2187338_R-HSA-2514856_R-HSA-2485179_P35913	-15.42046	0.00500	0.04608
CID_5865	R-HSA-1430728_R-HSA-1483249_R-HSA-1855204_P0DP23	-5.48556	0.00000	0.00000
CID_5865	R-HSA-1430728_R-HSA-15869_R-HSA-499943_P04818	-5.64769	0.00000	0.00000
CID_5865	R-HSA-1430728_R-HSA-71291_R-HSA-389661_Q02218	-5.72115	0.00000	0.00000
CID_5865	R-HSA-1430728_R-HSA-71291_R-HSA-389661_O14561	-6.67954	0.00000	0.00000
CID_5865	R-HSA-1430728_R-HSA-71291_R-HSA-389661_P11177	-6.75942	0.00000	0.00000
CID_5865	R-HSA-1430728_R-HSA-71291_R-HSA-70895_P54687	-5.90657	0.00000	0.00000
CID_5865	R-HSA-1430728_R-HSA-71291_R-HSA-71288_P48066	-5.92666	0.00000	0.00000
CID_5865	R-HSA-1430728_R-HSA-71291_R-HSA-70921_P50135	-6.31140	0.00000	0.00000
CID_5865	R-HSA-1430728_R-HSA-71291_R-HSA-71064_Q02218	-5.67988	0.00000	0.00000
CID_5865	R-HSA-1430728_R-HSA-15869_R-HSA-8956319_R-HSA-73621_P19971	-7.41770	0.00000	0.00000
CID_5865	R-HSA-1430728_R-HSA-15869_R-HSA-8956319_R-HSA-73621_Q16831	-7.67392	0.00000	0.00000
CID_5865	R-HSA-1430728_R-HSA-15869_R-HSA-8956321_R-HSA-73614_P19971	-7.75610	0.00000	0.00000
CID_5865	R-HSA-1430728_R-HSA-15869_R-HSA-8956321_R-HSA-73614_Q16831	-8.01232	0.00000	0.00000
CID_5865	R-HSA-1430728_R-HSA-163685_R-HSA-422356_R-HSA-400042_Q01668	-4.50763	0.00000	0.00000
CID_5865	R-HSA-1430728_R-HSA-163685_R-HSA-422356_R-HSA-400042_Q13936	-4.65452	0.00000	0.00000
CID_5865	R-HSA-1430728_R-HSA-163685_R-HSA-422356_R-HSA-400042_Q9NY47	-4.42541	0.00000	0.00000
CID_5865	R-HSA-1430728_R-HSA-71291_R-HSA-209776_R-HSA-209931_P17752	-7.15058	0.00000	0.00000
CID_5865	R-HSA-1430728_R-HSA-71291_R-HSA-2408522_R-HSA-2408557_P39023	-6.94813	0.00000	0.00000
CID_5865	R-HSA-1430728_R-HSA-71291_R-HSA-2408522_R-HSA-2408508_P50135	-8.27797	0.00000	0.00000
CID_5865	R-HSA-1430728_R-HSA-71291_R-HSA-2408522_R-HSA-2408508_P40261	-8.13215	0.00000	0.00000
CID_5865	R-HSA-1430728_R-HSA-71291_R-HSA-351202_R-HSA-350562_P20618	-6.59079	0.00000	0.00000
CID_5865	R-HSA-1430728_R-HSA-71291_R-HSA-351202_R-HSA-350562_P49721	-6.79596	0.00000	0.00000
CID_5865	R-HSA-1430728_R-HSA-71291_R-HSA-351202_R-HSA-350562_P28074	-6.55663	0.00000	0.00000
CID_5865	R-HSA-1430728_R-HSA-71291_R-HSA-351202_R-HSA-350562_P28062	-6.94798	0.00000	0.00000
CID_5865	R-HSA-1430728_R-HSA-71291_R-HSA-351202_R-HSA-350562_P25786	-7.11922	0.00000	0.00000
CID_5865	R-HSA-1430728_R-HSA-71291_R-HSA-351202_R-HSA-350562_Q99460	-7.08012	0.00000	0.00000
CID_5865	R-HSA-1430728_R-HSA-71291_R-HSA-351202_R-HSA-350562_Q13200	-7.14884	0.00000	0.00000
CID_5865	R-HSA-1430728_R-HSA-1428517_R-HSA-163200_R-HSA-163210_P30049	-8.11008	0.00000	0.00000
CID_5865	R-HSA-1430728_R-HSA-1428517_R-HSA-71406_R-HSA-71403_Q02218	-7.95230	0.00000	0.00000
CID_5865	R-HSA-1430728_R-HSA-196854_R-HSA-6806667_R-HSA-975634_O95237	-9.35540	0.00000	0.00000
CID_5865	R-HSA-1430728_R-HSA-196854_R-HSA-6806667_R-HSA-975634_P02753	-9.44994	0.00000	0.00000
CID_5865	R-HSA-1430728_R-HSA-196854_R-HSA-6806667_R-HSA-975634_P50120	-9.55110	0.00000	0.00000
CID_5865	R-HSA-1430728_R-HSA-196854_R-HSA-6806667_R-HSA-975634_P09455	-9.40866	0.00000	0.00000
CID_5865	R-HSA-1430728_R-HSA-196854_R-HSA-8978934_R-HSA-1474151_P0DP23	-7.47509	0.00000	0.00000
CID_5865	R-HSA-1430728_R-HSA-196854_R-HSA-8978934_R-HSA-1474151_P29474	-7.70052	0.00000	0.00000
CID_5865	R-HSA-1430728_R-HSA-196854_R-HSA-196849_R-HSA-196741_P33527	-9.44269	0.00000	0.00000
CID_5865	R-HSA-1430728_R-HSA-196854_R-HSA-196849_R-HSA-196741_Q9UBK8	-10.45446	0.00000	0.00000
CID_5865	R-HSA-1430728_R-HSA-196854_R-HSA-196849_R-HSA-196741_O60494	-10.44185	0.00000	0.00000
CID_5865	R-HSA-1430728_R-HSA-196854_R-HSA-196849_R-HSA-196780_P11498	-8.30427	0.00000	0.00000
CID_5865	R-HSA-1430728_R-HSA-196854_R-HSA-196849_R-HSA-196780_Q9Y289	-10.68905	0.00000	0.00000
CID_5865	R-HSA-1430728_R-HSA-196854_R-HSA-196849_R-HSA-196757_Q96NT5	-9.16687	0.00000	0.00000
CID_5865	R-HSA-1430728_R-HSA-196854_R-HSA-196849_R-HSA-196757_P41440	-9.25098	0.00000	0.00000
CID_5865	R-HSA-1430728_R-HSA-196854_R-HSA-196849_R-HSA-196757_P34897	-9.76494	0.00000	0.00000
CID_5865	R-HSA-1430728_R-HSA-196854_R-HSA-196849_R-HSA-196757_P34896	-9.76369	0.00000	0.00000
CID_5865	R-HSA-1430728_R-HSA-196854_R-HSA-196849_R-HSA-196836_P78417	-8.42741	0.00000	0.00000
CID_5865	R-HSA-1430728_R-HSA-196854_R-HSA-196849_R-HSA-196836_Q9UHI7	-8.23394	0.00000	0.00000
CID_5865	R-HSA-1430728_R-HSA-71387_R-HSA-8982491_R-HSA-70221_P0DP23	-6.25163	0.00000	0.00000
CID_5865	R-HSA-1430728_R-HSA-71387_R-HSA-70326_R-HSA-70263_P11498	-7.97591	0.00000	0.00000
CID_5865	R-HSA-74160_R-HSA-73857_R-HSA-212436_R-HSA-350054_Q9UBN7	-4.79150	0.00000	0.00000
CID_5865	R-HSA-74160_R-HSA-73857_R-HSA-212436_R-HSA-383280_P04150	-1.97748	0.00000	0.00000
CID_5865	R-HSA-74160_R-HSA-73857_R-HSA-212436_R-HSA-383280_P10275	-2.82323	0.00000	0.00000
CID_5865	R-HSA-74160_R-HSA-73857_R-HSA-212436_R-HSA-383280_P08235	-2.61537	0.00000	0.00000
CID_5865	R-HSA-74160_R-HSA-73857_R-HSA-212436_R-HSA-383280_P03372	-3.02559	0.00000	0.00000
CID_5865	R-HSA-74160_R-HSA-73857_R-HSA-212436_R-HSA-383280_P48443	-3.22183	0.00000	0.00000
CID_5865	R-HSA-74160_R-HSA-73857_R-HSA-212436_R-HSA-383280_P19793	-2.65664	0.00000	0.00000
CID_5865	R-HSA-74160_R-HSA-73857_R-HSA-212436_R-HSA-383280_P06401	-2.47391	0.00000	0.00000
CID_5865	R-HSA-74160_R-HSA-73857_R-HSA-212436_R-HSA-383280_P62508	-2.68809	0.00000	0.00000
CID_5865	R-HSA-74160_R-HSA-73857_R-HSA-212436_R-HSA-383280_P10827	-3.58169	0.00000	0.00000
CID_5865	R-HSA-74160_R-HSA-73857_R-HSA-212436_R-HSA-383280_P10828	-3.57898	0.00000	0.00000
CID_5865	R-HSA-74160_R-HSA-73857_R-HSA-212436_R-HSA-383280_P51843	-2.48562	0.00000	0.00000
CID_5865	R-HSA-74160_R-HSA-73857_R-HSA-212436_R-HSA-383280_O75376	-2.81277	0.00000	0.00000
CID_5865	R-HSA-1430728_R-HSA-1428517_R-HSA-163200_R-HSA-611105_R-HSA-6799198_P19404	-11.68471	0.00000	0.00000
CID_5865	R-HSA-1430728_R-HSA-1428517_R-HSA-163200_R-HSA-611105_R-HSA-6799198_Q16795	-11.68401	0.00000	0.00000
CID_5865	R-HSA-1430728_R-HSA-1428517_R-HSA-163200_R-HSA-611105_R-HSA-6799198_P51970	-11.68544	0.00000	0.00000
CID_5865	R-HSA-1430728_R-HSA-1428517_R-HSA-163200_R-HSA-611105_R-HSA-6799198_O95182	-11.68552	0.00000	0.00000
CID_5865	R-HSA-1430728_R-HSA-1428517_R-HSA-163200_R-HSA-611105_R-HSA-6799198_P56556	-11.68432	0.00000	0.00000
CID_5865	R-HSA-1430728_R-HSA-1428517_R-HSA-163200_R-HSA-611105_R-HSA-6799198_Q16718	-11.68449	0.00000	0.00000
CID_5865	R-HSA-1430728_R-HSA-1428517_R-HSA-163200_R-HSA-611105_R-HSA-6799198_O95167	-11.68431	0.00000	0.00000
CID_5865	R-HSA-1430728_R-HSA-1428517_R-HSA-163200_R-HSA-611105_R-HSA-6799198_O43678	-11.68407	0.00000	0.00000
CID_5865	R-HSA-1430728_R-HSA-1428517_R-HSA-163200_R-HSA-611105_R-HSA-6799198_O15239	-11.68463	0.00000	0.00000
CID_5865	R-HSA-1430728_R-HSA-1428517_R-HSA-163200_R-HSA-611105_R-HSA-6799198_O95299	-11.68427	0.00000	0.00000
CID_5865	R-HSA-1430728_R-HSA-1428517_R-HSA-163200_R-HSA-611105_R-HSA-6799198_O14561	-10.83519	0.00000	0.00000
CID_5865	R-HSA-1430728_R-HSA-1428517_R-HSA-163200_R-HSA-611105_R-HSA-6799198_O75438	-11.68516	0.00000	0.00000
CID_5865	R-HSA-1430728_R-HSA-1428517_R-HSA-163200_R-HSA-611105_R-HSA-6799198_O95178	-11.68496	0.00000	0.00000
CID_5865	R-HSA-1430728_R-HSA-1428517_R-HSA-163200_R-HSA-611105_R-HSA-6799198_O00217	-11.68442	0.00000	0.00000
CID_5865	R-HSA-1430728_R-HSA-1428517_R-HSA-163200_R-HSA-611105_R-HSA-6799198_O75380	-11.68495	0.00000	0.00000
CID_5865	R-HSA-1430728_R-HSA-1428517_R-HSA-163200_R-HSA-611105_R-HSA-6799198_O43920	-11.68467	0.00000	0.00000
CID_5865	R-HSA-1430728_R-HSA-1428517_R-HSA-163200_R-HSA-611105_R-HSA-6799198_O43181	-11.68402	0.00000	0.00000
CID_5865	R-HSA-1430728_R-HSA-1428517_R-HSA-163200_R-HSA-611105_R-HSA-6799198_P49821	-11.68403	0.00000	0.00000
CID_5865	R-HSA-1430728_R-HSA-1428517_R-HSA-163200_R-HSA-611105_R-HSA-6799198_O75489	-11.68450	0.00000	0.00000
CID_5865	R-HSA-1430728_R-HSA-1428517_R-HSA-163200_R-HSA-611105_R-HSA-6799198_O75306	-11.68527	0.00000	0.00000
CID_5865	R-HSA-1430728_R-HSA-1428517_R-HSA-163200_R-HSA-611105_R-HSA-6799198_P56181	-11.68396	0.00000	0.00000
CID_5865	R-HSA-1430728_R-HSA-1428517_R-HSA-163200_R-HSA-611105_R-HSA-6799198_P28331	-11.68415	0.00000	0.00000
CID_5865	R-HSA-1430728_R-HSA-1428517_R-HSA-163200_R-HSA-611105_R-HSA-6799198_O95298	-11.68444	0.00000	0.00000
CID_5865	R-HSA-1430728_R-HSA-1428517_R-HSA-163200_R-HSA-611105_R-HSA-6799198_O43677	-11.68429	0.00000	0.00000
CID_5865	R-HSA-1430728_R-HSA-1428517_R-HSA-163200_R-HSA-611105_R-HSA-6799198_O96000	-11.68441	0.00000	0.00000
CID_5865	R-HSA-1430728_R-HSA-1428517_R-HSA-163200_R-HSA-611105_R-HSA-6799198_Q9Y6M9	-11.68454	0.00000	0.00000
CID_5865	R-HSA-1430728_R-HSA-1428517_R-HSA-163200_R-HSA-611105_R-HSA-6799198_O95169	-11.68468	0.00000	0.00000
CID_5865	R-HSA-1430728_R-HSA-1428517_R-HSA-163200_R-HSA-611105_R-HSA-6799198_P17568	-11.68455	0.00000	0.00000
CID_5865	R-HSA-1430728_R-HSA-1428517_R-HSA-163200_R-HSA-611105_R-HSA-6799198_O95139	-11.68462	0.00000	0.00000
CID_5865	R-HSA-1430728_R-HSA-1428517_R-HSA-163200_R-HSA-611105_R-HSA-6799198_O43674	-11.68471	0.00000	0.00000
CID_5865	R-HSA-1430728_R-HSA-1428517_R-HSA-163200_R-HSA-611105_R-HSA-6799198_O95168	-11.68456	0.00000	0.00000
CID_5865	R-HSA-1430728_R-HSA-1428517_R-HSA-163200_R-HSA-611105_R-HSA-6799198_O43676	-11.68416	0.00000	0.00000
CID_5865	R-HSA-1430728_R-HSA-1428517_R-HSA-71406_R-HSA-70268_R-HSA-204174_P19793	-9.87639	0.00000	0.00000
CID_5865	R-HSA-1430728_R-HSA-196854_R-HSA-196849_R-HSA-196807_R-HSA-197264_P40261	-9.93394	0.00000	0.00000
CID_5865	R-HSA-1430728_R-HSA-196854_R-HSA-196849_R-HSA-196807_R-HSA-197264_Q16647	-10.11428	0.00000	0.00000
CID_5865	R-HSA-74160_R-HSA-73857_R-HSA-212436_R-HSA-8878159_R-HSA-8941858_P20618	-4.63147	0.00000	0.00000
CID_5865	R-HSA-74160_R-HSA-73857_R-HSA-212436_R-HSA-8878159_R-HSA-8941858_P49721	-4.83665	0.00000	0.00000
CID_5865	R-HSA-74160_R-HSA-73857_R-HSA-212436_R-HSA-8878159_R-HSA-8941858_P28074	-4.59731	0.00000	0.00000
CID_5865	R-HSA-74160_R-HSA-73857_R-HSA-212436_R-HSA-8878159_R-HSA-8941858_P28062	-4.98866	0.00000	0.00000
CID_5865	R-HSA-74160_R-HSA-73857_R-HSA-212436_R-HSA-9614085_R-HSA-9617629_Q96EB6	-7.03981	0.00000	0.00000
CID_5865	R-HSA-74160_R-HSA-73857_R-HSA-212436_R-HSA-8878166_R-HSA-8939902_P03372	-4.68846	0.00000	0.00000
CID_5865	R-HSA-74160_R-HSA-73857_R-HSA-212436_R-HSA-3700989_R-HSA-6791312_R-HSA-6804115_P04637	-7.70764	0.00000	0.00000
CID_5865	R-HSA-1430728_R-HSA-202131_R-HSA-203615_P0DP23	-4.93014	0.00500	0.04608
CID_5865	R-HSA-1430728_R-HSA-202131_R-HSA-203615_P29474	-5.15557	0.00500	0.04608
CID_5865	R-HSA-1430728_R-HSA-163685_R-HSA-163767_P62714	-5.63390	0.00500	0.04608
CID_5865	R-HSA-1430728_R-HSA-15869_R-HSA-8956321_R-HSA-74217_P00813	-7.38026	0.00500	0.04608
CID_5865	R-HSA-1430728_R-HSA-163685_R-HSA-422356_R-HSA-400042_Q08289	-4.94946	0.00500	0.04608
CID_5865	R-HSA-1430728_R-HSA-163685_R-HSA-422356_R-HSA-381676_Q9BQ31	-3.45589	0.00500	0.04608
CID_5865	R-HSA-74160_R-HSA-73857_R-HSA-212436_R-HSA-350054_O75376	-4.13087	0.00500	0.04608
CID_5865	R-HSA-74160_R-HSA-73857_R-HSA-212436_R-HSA-383280_P13631	-4.40337	0.00500	0.04608
CID_5865	R-HSA-1430728_R-HSA-1428517_R-HSA-71406_R-HSA-70268_R-HSA-204174_P11177	-11.24997	0.00500	0.04608
CID_5865	R-HSA-1430728_R-HSA-71387_R-HSA-70326_R-HSA-70171_R-HSA-9634600_P62714	-9.91818	0.00500	0.04608
CID_5865	R-HSA-1430728_R-HSA-71387_R-HSA-70326_R-HSA-70171_R-HSA-9634600_P67775	-10.21940	0.00500	0.04608
CID_5865	R-HSA-74160_R-HSA-73857_R-HSA-212436_R-HSA-8878159_R-HSA-8941855_P04637	-5.46760	0.00500	0.04608
CID_5865	R-HSA-74160_R-HSA-73857_R-HSA-212436_R-HSA-8878159_R-HSA-8941858_P25786	-5.15990	0.00500	0.04608
CID_5865	R-HSA-74160_R-HSA-73857_R-HSA-212436_R-HSA-8878159_R-HSA-8941858_Q99460	-5.12080	0.00500	0.04608
CID_5865	R-HSA-74160_R-HSA-73857_R-HSA-212436_R-HSA-8878159_R-HSA-8941858_Q13200	-5.18953	0.00500	0.04608
CID_5865	R-HSA-74160_R-HSA-73857_R-HSA-212436_R-HSA-8878171_R-HSA-8939236_P20618	-6.33260	0.00500	0.04608
CID_5865	R-HSA-74160_R-HSA-73857_R-HSA-212436_R-HSA-8878171_R-HSA-8939236_P49721	-6.53777	0.00500	0.04608
CID_5865	R-HSA-74160_R-HSA-73857_R-HSA-212436_R-HSA-8878171_R-HSA-8939236_P28074	-6.29844	0.00500	0.04608
CID_5865	R-HSA-74160_R-HSA-73857_R-HSA-212436_R-HSA-8878171_R-HSA-8939236_P28062	-6.68978	0.00500	0.04608
CID_5865	R-HSA-74160_R-HSA-73857_R-HSA-212436_R-HSA-8878171_R-HSA-8931987_P03372	-6.58330	0.00500	0.04608
CID_5865	R-HSA-74160_R-HSA-73857_R-HSA-212436_R-HSA-8878166_R-HSA-8939902_P04150	-3.64035	0.00500	0.04608
CID_5865	R-HSA-74160_R-HSA-73857_R-HSA-212436_R-HSA-8878166_R-HSA-8939902_P20618	-4.24590	0.00500	0.04608
CID_5865	R-HSA-74160_R-HSA-73857_R-HSA-212436_R-HSA-8878166_R-HSA-8939902_P49721	-4.45108	0.00500	0.04608
CID_5865	R-HSA-74160_R-HSA-73857_R-HSA-212436_R-HSA-8878166_R-HSA-8939902_P28074	-4.21175	0.00500	0.04608
CID_5865	R-HSA-74160_R-HSA-73857_R-HSA-212436_R-HSA-8878166_R-HSA-8939902_P28062	-4.60309	0.00500	0.04608
CID_5865	R-HSA-74160_R-HSA-73857_R-HSA-212436_R-HSA-8878166_R-HSA-8941326_R-HSA-8940973_Q9UBN7	-8.24260	0.00500	0.04608
CID_5865	R-HSA-74160_R-HSA-73857_R-HSA-212436_R-HSA-3700989_R-HSA-5633008_R-HSA-6803204_P04637	-11.45684	0.00500	0.04608
CID_5865	R-HSA-74160_R-HSA-73857_R-HSA-212436_R-HSA-3700989_R-HSA-5633008_R-HSA-6803207_P04637	-10.90791	0.00500	0.04608
CID_5865	R-HSA-74160_R-HSA-73857_R-HSA-212436_R-HSA-3700989_R-HSA-5633008_R-HSA-6803211_P04637	-11.19759	0.00500	0.04608
CID_59227	R-HSA-162582_R-HSA-372790_R-HSA-388396_R-HSA-418597_P05771	-7.96362	0.00000	0.00000
CID_59227	R-HSA-162582_R-HSA-372790_R-HSA-388396_R-HSA-416476_R-HSA-881907_R-HSA-2179392_P17252	-12.58826	0.00000	0.00000
CID_59227	R-HSA-162582_R-HSA-372790_R-HSA-388396_R-HSA-418594_R-HSA-2187338_R-HSA-2187335_P12271	-14.57770	0.00000	0.00000
CID_59227	R-HSA-162582_R-HSA-372790_R-HSA-388396_R-HSA-418594_R-HSA-2187338_R-HSA-2187335_P10745	-14.57249	0.00000	0.00000
CID_59227	R-HSA-162582_R-HSA-372790_R-HSA-388396_R-HSA-418594_R-HSA-2187338_R-HSA-2453902_O95237	-13.54238	0.00000	0.00000
CID_59227	R-HSA-162582_R-HSA-372790_R-HSA-388396_R-HSA-418594_R-HSA-2187338_R-HSA-2453902_P12271	-13.81788	0.00000	0.00000
CID_59227	R-HSA-162582_R-HSA-372790_R-HSA-388396_R-HSA-418594_R-HSA-2187338_R-HSA-2453902_P10745	-13.81267	0.00000	0.00000
CID_59227	R-HSA-162582_R-HSA-372790_R-HSA-388396_R-HSA-418594_R-HSA-2187338_R-HSA-975634_O95237	-13.63989	0.00000	0.00000
CID_59227	R-HSA-162582_R-HSA-372790_R-HSA-388396_R-HSA-418597_P17252	-8.03314	0.00500	0.04608
CID_59227	R-HSA-162582_R-HSA-372790_R-HSA-500792_R-HSA-373076_R-HSA-375281_P30968	-8.26460	0.00500	0.04608
CID_59227	R-HSA-162582_R-HSA-372790_R-HSA-388396_R-HSA-397795_R-HSA-392451_O15530	-10.20049	0.00500	0.04608
CID_59227	R-HSA-162582_R-HSA-372790_R-HSA-500792_R-HSA-373076_R-HSA-375276_R-HSA-380108_P10145	-10.20733	0.00500	0.04608
CID_59227	R-HSA-162582_R-HSA-372790_R-HSA-500792_R-HSA-373076_R-HSA-375280_R-HSA-390666_P50406	-8.45779	0.00500	0.04608
CID_59227	R-HSA-162582_R-HSA-372790_R-HSA-500792_R-HSA-373076_R-HSA-391903_R-HSA-391908_P43088	-12.60929	0.00500	0.04608
CID_59227	R-HSA-162582_R-HSA-372790_R-HSA-500792_R-HSA-373076_R-HSA-391903_R-HSA-391908_P43116	-11.23387	0.00500	0.04608
CID_59227	R-HSA-162582_R-HSA-372790_R-HSA-388396_R-HSA-418594_R-HSA-2187338_R-HSA-2187335_O75911	-15.14981	0.00500	0.04608
CID_59227	R-HSA-162582_R-HSA-372790_R-HSA-388396_R-HSA-418594_R-HSA-2187338_R-HSA-2453902_P02753	-13.61457	0.00500	0.04608
CID_59227	R-HSA-162582_R-HSA-372790_R-HSA-388396_R-HSA-418594_R-HSA-2187338_R-HSA-2453902_P09455	-13.57161	0.00500	0.04608
CID_59227	R-HSA-162582_R-HSA-372790_R-HSA-388396_R-HSA-418594_R-HSA-2187338_R-HSA-975634_P02753	-13.71208	0.00500	0.04608
CID_59227	R-HSA-162582_R-HSA-372790_R-HSA-388396_R-HSA-418594_R-HSA-2187338_R-HSA-975634_P50120	-14.12966	0.00500	0.04608
CID_59227	R-HSA-162582_R-HSA-372790_R-HSA-388396_R-HSA-418594_R-HSA-2187338_R-HSA-975634_P09455	-13.66912	0.00500	0.04608
CID_59227	R-HSA-162582_R-HSA-372790_R-HSA-388396_R-HSA-418594_R-HSA-111885_R-HSA-202040_P01189	-13.34551	0.00500	0.04608
CID_59227	R-HSA-162582_R-HSA-372790_R-HSA-388396_R-HSA-418594_R-HSA-2187338_R-HSA-2514856_R-HSA-2514859_P50579	-13.79565	0.00500	0.04608
CID_59227	R-HSA-162582_R-HSA-372790_R-HSA-388396_R-HSA-418594_R-HSA-2187338_R-HSA-2514856_R-HSA-2514859_P17252	-13.70909	0.00500	0.04608
CID_59227	R-HSA-162582_R-HSA-372790_R-HSA-388396_R-HSA-418594_R-HSA-2187338_R-HSA-2514856_R-HSA-2514859_P35913	-14.58535	0.00500	0.04608
CID_59227	R-HSA-162582_R-HSA-372790_R-HSA-388396_R-HSA-418594_R-HSA-2187338_R-HSA-2514856_R-HSA-2485179_P35913	-15.55435	0.00500	0.04608
CID_5991	R-HSA-162582_R-HSA-2586552_P40763	-0.77340	0.00000	0.00000
CID_5991	R-HSA-162582_R-HSA-165159_R-HSA-380972_Q13131	-4.69817	0.00000	0.00000
CID_5991	R-HSA-162582_R-HSA-9006335_R-HSA-9027276_P07948	-2.33558	0.00000	0.00000
CID_5991	R-HSA-162582_R-HSA-9006335_R-HSA-9027277_P07948	-2.47446	0.00000	0.00000
CID_5991	R-HSA-162582_R-HSA-5358351_R-HSA-5632684_R-HSA-5635838_Q99835	-2.57714	0.00000	0.00000
CID_5991	R-HSA-162582_R-HSA-194315_R-HSA-195258_R-HSA-5668599_P05771	-2.74498	0.00000	0.00000
CID_5991	R-HSA-162582_R-HSA-194315_R-HSA-195258_R-HSA-5668599_P17252	-2.80101	0.00000	0.00000
CID_5991	R-HSA-162582_R-HSA-194315_R-HSA-195258_R-HSA-5627117_P53671	-4.24520	0.00000	0.00000
CID_5991	R-HSA-162582_R-HSA-372790_R-HSA-388396_R-HSA-418597_P05771	2.32134	0.00000	0.00000
CID_5991	R-HSA-162582_R-HSA-372790_R-HSA-388396_R-HSA-418597_P17252	2.26531	0.00000	0.00000
CID_5991	R-HSA-162582_R-HSA-372790_R-HSA-388396_R-HSA-416482_P35348	1.95137	0.00000	0.00000
CID_5991	R-HSA-162582_R-HSA-194315_R-HSA-195258_R-HSA-5625740_R-HSA-5625886_P10275	-3.88129	0.00000	0.00000
CID_5991	R-HSA-162582_R-HSA-9006925_R-HSA-1257604_R-HSA-199418_R-HSA-6811558_P03372	-0.59783	0.00000	0.00000
CID_5991	R-HSA-162582_R-HSA-9006925_R-HSA-1257604_R-HSA-199418_R-HSA-6811558_P51617	-1.03082	0.00000	0.00000
CID_5991	R-HSA-162582_R-HSA-9006925_R-HSA-1257604_R-HSA-199418_R-HSA-6811558_P04626	-0.52316	0.00000	0.00000
CID_5991	R-HSA-162582_R-HSA-9006925_R-HSA-1257604_R-HSA-199418_R-HSA-6811558_Q8TBX8	-0.02984	0.00000	0.00000
CID_5991	R-HSA-162582_R-HSA-9006925_R-HSA-1257604_R-HSA-199418_R-HSA-6811558_P21860	-0.40536	0.00000	0.00000
CID_5991	R-HSA-162582_R-HSA-9006925_R-HSA-1257604_R-HSA-199418_R-HSA-6811558_Q9NWZ3	-1.03320	0.00000	0.00000
CID_5991	R-HSA-162582_R-HSA-9006925_R-HSA-1257604_R-HSA-199418_R-HSA-6811558_P06239	0.25012	0.00000	0.00000
CID_5991	R-HSA-162582_R-HSA-9006925_R-HSA-1257604_R-HSA-199418_R-HSA-6811558_P09619	0.25180	0.00000	0.00000
CID_5991	R-HSA-162582_R-HSA-9006925_R-HSA-1257604_R-HSA-6807070_R-HSA-8943724_O15379	0.64389	0.00000	0.00000
CID_5991	R-HSA-162582_R-HSA-372790_R-HSA-500792_R-HSA-373080_R-HSA-420092_Q02643	3.80711	0.00000	0.00000
CID_5991	R-HSA-162582_R-HSA-372790_R-HSA-500792_R-HSA-373076_R-HSA-375281_P30968	4.09708	0.00000	0.00000
CID_5991	R-HSA-162582_R-HSA-372790_R-HSA-388396_R-HSA-397795_R-HSA-392451_O15530	2.06838	0.00000	0.00000
CID_5991	R-HSA-162582_R-HSA-372790_R-HSA-500792_R-HSA-373076_R-HSA-375276_R-HSA-380108_P10145	4.21759	0.00000	0.00000
CID_5991	R-HSA-162582_R-HSA-372790_R-HSA-500792_R-HSA-373076_R-HSA-375280_R-HSA-390666_P50406	5.96714	0.00000	0.00000
CID_5991	R-HSA-162582_R-HSA-372790_R-HSA-500792_R-HSA-373076_R-HSA-375280_R-HSA-390666_P28566	4.50121	0.00000	0.00000
CID_5991	R-HSA-162582_R-HSA-372790_R-HSA-500792_R-HSA-373076_R-HSA-391903_R-HSA-391908_P43088	1.81563	0.00000	0.00000
CID_5991	R-HSA-162582_R-HSA-372790_R-HSA-500792_R-HSA-373076_R-HSA-391903_R-HSA-391908_P43116	3.19105	0.00000	0.00000
CID_5991	R-HSA-162582_R-HSA-372790_R-HSA-388396_R-HSA-416476_R-HSA-881907_R-HSA-2179392_P17252	1.83682	0.00000	0.00000
CID_5991	R-HSA-162582_R-HSA-372790_R-HSA-388396_R-HSA-418594_R-HSA-2187338_R-HSA-2187335_P12271	-0.15262	0.00000	0.00000
CID_5991	R-HSA-162582_R-HSA-372790_R-HSA-388396_R-HSA-418594_R-HSA-2187338_R-HSA-2187335_P10745	-0.14741	0.00000	0.00000
CID_5991	R-HSA-162582_R-HSA-372790_R-HSA-388396_R-HSA-418594_R-HSA-2187338_R-HSA-2453902_O95237	0.87974	0.00000	0.00000
CID_5991	R-HSA-162582_R-HSA-372790_R-HSA-388396_R-HSA-418594_R-HSA-2187338_R-HSA-2453902_P12271	0.60720	0.00000	0.00000
CID_5991	R-HSA-162582_R-HSA-372790_R-HSA-388396_R-HSA-418594_R-HSA-2187338_R-HSA-2453902_Q92781	-0.45035	0.00000	0.00000
CID_5991	R-HSA-162582_R-HSA-372790_R-HSA-388396_R-HSA-418594_R-HSA-2187338_R-HSA-2453902_P02753	0.80769	0.00000	0.00000
CID_5991	R-HSA-162582_R-HSA-372790_R-HSA-388396_R-HSA-418594_R-HSA-2187338_R-HSA-2453902_P10745	0.61241	0.00000	0.00000
CID_5991	R-HSA-162582_R-HSA-372790_R-HSA-388396_R-HSA-418594_R-HSA-2187338_R-HSA-2453902_P09455	0.85066	0.00000	0.00000
CID_5991	R-HSA-162582_R-HSA-372790_R-HSA-388396_R-HSA-418594_R-HSA-2187338_R-HSA-975634_O95237	0.77692	0.00000	0.00000
CID_5991	R-HSA-162582_R-HSA-372790_R-HSA-388396_R-HSA-418594_R-HSA-2187338_R-HSA-975634_P02753	0.70488	0.00000	0.00000
CID_5991	R-HSA-162582_R-HSA-372790_R-HSA-388396_R-HSA-418594_R-HSA-2187338_R-HSA-975634_P50120	0.28442	0.00000	0.00000
CID_5991	R-HSA-162582_R-HSA-372790_R-HSA-388396_R-HSA-418594_R-HSA-2187338_R-HSA-975634_P09455	0.74784	0.00000	0.00000
CID_5991	R-HSA-162582_R-HSA-372790_R-HSA-388396_R-HSA-418594_R-HSA-111885_R-HSA-202040_P01189	1.07954	0.00000	0.00000
CID_5991	R-HSA-162582_R-HSA-372790_R-HSA-388396_R-HSA-418594_R-HSA-2187338_R-HSA-2514856_R-HSA-2514859_P50579	2.69271	0.00000	0.00000
CID_5991	R-HSA-162582_R-HSA-372790_R-HSA-388396_R-HSA-418594_R-HSA-2187338_R-HSA-2514856_R-HSA-2514859_P17252	2.77919	0.00000	0.00000
CID_5991	R-HSA-162582_R-HSA-372790_R-HSA-388396_R-HSA-418594_R-HSA-2187338_R-HSA-2514856_R-HSA-2514859_P35913	1.90301	0.00000	0.00000
CID_5991	R-HSA-162582_R-HSA-372790_R-HSA-388396_R-HSA-418594_R-HSA-2187338_R-HSA-2514856_R-HSA-2485179_P35913	0.93400	0.00000	0.00000
CID_5994	R-HSA-1430728_R-HSA-71291_R-HSA-389661_Q02218	-4.95732	0.00000	0.00000
CID_5994	R-HSA-1430728_R-HSA-71291_R-HSA-389661_O14561	-5.91896	0.00000	0.00000
CID_5994	R-HSA-1430728_R-HSA-71291_R-HSA-389661_P11177	-5.99844	0.00000	0.00000
CID_5994	R-HSA-1430728_R-HSA-71291_R-HSA-70921_P50135	-5.55075	0.00000	0.00000
CID_5994	R-HSA-1430728_R-HSA-71291_R-HSA-2408522_R-HSA-2408508_P50135	-7.38963	0.00000	0.00000
CID_5994	R-HSA-1430728_R-HSA-71291_R-HSA-2408522_R-HSA-2408508_P40261	-7.24176	0.00000	0.00000
CID_5994	R-HSA-1430728_R-HSA-71291_R-HSA-351202_R-HSA-350562_P20618	-5.36848	0.00000	0.00000
CID_5994	R-HSA-1430728_R-HSA-71291_R-HSA-351202_R-HSA-350562_P49721	-5.59743	0.00000	0.00000
CID_5994	R-HSA-1430728_R-HSA-71291_R-HSA-351202_R-HSA-350562_P28074	-5.32667	0.00000	0.00000
CID_5994	R-HSA-1430728_R-HSA-71291_R-HSA-351202_R-HSA-350562_P28062	-5.79177	0.00000	0.00000
CID_5994	R-HSA-1430728_R-HSA-71291_R-HSA-351202_R-HSA-350562_P25786	-5.88107	0.00000	0.00000
CID_5994	R-HSA-1430728_R-HSA-71291_R-HSA-351202_R-HSA-350562_Q99460	-5.83970	0.00000	0.00000
CID_5994	R-HSA-1430728_R-HSA-71291_R-HSA-351202_R-HSA-350562_Q13200	-5.91345	0.00000	0.00000
CID_5994	R-HSA-1430728_R-HSA-196854_R-HSA-6806667_R-HSA-975634_O95237	-8.44610	0.00000	0.00000
CID_5994	R-HSA-1430728_R-HSA-196854_R-HSA-6806667_R-HSA-975634_P02753	-8.54060	0.00000	0.00000
CID_5994	R-HSA-1430728_R-HSA-196854_R-HSA-6806667_R-HSA-975634_P50120	-8.64226	0.00000	0.00000
CID_5994	R-HSA-1430728_R-HSA-196854_R-HSA-6806667_R-HSA-975634_P09455	-8.49931	0.00000	0.00000
CID_5994	R-HSA-1430728_R-HSA-196854_R-HSA-8978934_R-HSA-1474151_P0DP23	-6.64301	0.00000	0.00000
CID_5994	R-HSA-1430728_R-HSA-196854_R-HSA-8978934_R-HSA-1474151_P29474	-6.81986	0.00000	0.00000
CID_5994	R-HSA-1430728_R-HSA-1428517_R-HSA-163200_R-HSA-611105_R-HSA-6799198_P19404	-10.67708	0.00000	0.00000
CID_5994	R-HSA-1430728_R-HSA-1428517_R-HSA-163200_R-HSA-611105_R-HSA-6799198_Q16795	-10.67638	0.00000	0.00000
CID_5994	R-HSA-1430728_R-HSA-1428517_R-HSA-163200_R-HSA-611105_R-HSA-6799198_P51970	-10.67781	0.00000	0.00000
CID_5994	R-HSA-1430728_R-HSA-1428517_R-HSA-163200_R-HSA-611105_R-HSA-6799198_O95182	-10.67790	0.00000	0.00000
CID_5994	R-HSA-1430728_R-HSA-1428517_R-HSA-163200_R-HSA-611105_R-HSA-6799198_P56556	-10.67669	0.00000	0.00000
CID_5994	R-HSA-1430728_R-HSA-1428517_R-HSA-163200_R-HSA-611105_R-HSA-6799198_Q16718	-10.67686	0.00000	0.00000
CID_5994	R-HSA-1430728_R-HSA-1428517_R-HSA-163200_R-HSA-611105_R-HSA-6799198_O95167	-10.67668	0.00000	0.00000
CID_5994	R-HSA-1430728_R-HSA-1428517_R-HSA-163200_R-HSA-611105_R-HSA-6799198_O43678	-10.67645	0.00000	0.00000
CID_5994	R-HSA-1430728_R-HSA-1428517_R-HSA-163200_R-HSA-611105_R-HSA-6799198_O15239	-10.67701	0.00000	0.00000
CID_5994	R-HSA-1430728_R-HSA-1428517_R-HSA-163200_R-HSA-611105_R-HSA-6799198_O95299	-10.67664	0.00000	0.00000
CID_5994	R-HSA-1430728_R-HSA-1428517_R-HSA-163200_R-HSA-611105_R-HSA-6799198_O14561	-9.82512	0.00000	0.00000
CID_5994	R-HSA-1430728_R-HSA-1428517_R-HSA-163200_R-HSA-611105_R-HSA-6799198_O75438	-10.67754	0.00000	0.00000
CID_5994	R-HSA-1430728_R-HSA-1428517_R-HSA-163200_R-HSA-611105_R-HSA-6799198_O95178	-10.67734	0.00000	0.00000
CID_5994	R-HSA-1430728_R-HSA-1428517_R-HSA-163200_R-HSA-611105_R-HSA-6799198_O00217	-10.67679	0.00000	0.00000
CID_5994	R-HSA-1430728_R-HSA-1428517_R-HSA-163200_R-HSA-611105_R-HSA-6799198_O75380	-10.67733	0.00000	0.00000
CID_5994	R-HSA-1430728_R-HSA-1428517_R-HSA-163200_R-HSA-611105_R-HSA-6799198_O43920	-10.67704	0.00000	0.00000
CID_5994	R-HSA-1430728_R-HSA-1428517_R-HSA-163200_R-HSA-611105_R-HSA-6799198_O43181	-10.67640	0.00000	0.00000
CID_5994	R-HSA-1430728_R-HSA-1428517_R-HSA-163200_R-HSA-611105_R-HSA-6799198_P49821	-10.67640	0.00000	0.00000
CID_5994	R-HSA-1430728_R-HSA-1428517_R-HSA-163200_R-HSA-611105_R-HSA-6799198_O75489	-10.67688	0.00000	0.00000
CID_5994	R-HSA-1430728_R-HSA-1428517_R-HSA-163200_R-HSA-611105_R-HSA-6799198_O75306	-10.67765	0.00000	0.00000
CID_5994	R-HSA-1430728_R-HSA-1428517_R-HSA-163200_R-HSA-611105_R-HSA-6799198_P56181	-10.67633	0.00000	0.00000
CID_5994	R-HSA-1430728_R-HSA-1428517_R-HSA-163200_R-HSA-611105_R-HSA-6799198_P28331	-10.67652	0.00000	0.00000
CID_5994	R-HSA-1430728_R-HSA-1428517_R-HSA-163200_R-HSA-611105_R-HSA-6799198_O95298	-10.67682	0.00000	0.00000
CID_5994	R-HSA-1430728_R-HSA-1428517_R-HSA-163200_R-HSA-611105_R-HSA-6799198_O43677	-10.67667	0.00000	0.00000
CID_5994	R-HSA-1430728_R-HSA-1428517_R-HSA-163200_R-HSA-611105_R-HSA-6799198_O96000	-10.67679	0.00000	0.00000
CID_5994	R-HSA-1430728_R-HSA-1428517_R-HSA-163200_R-HSA-611105_R-HSA-6799198_Q9Y6M9	-10.67692	0.00000	0.00000
CID_5994	R-HSA-1430728_R-HSA-1428517_R-HSA-163200_R-HSA-611105_R-HSA-6799198_O95169	-10.67706	0.00000	0.00000
CID_5994	R-HSA-1430728_R-HSA-1428517_R-HSA-163200_R-HSA-611105_R-HSA-6799198_P17568	-10.67693	0.00000	0.00000
CID_5994	R-HSA-1430728_R-HSA-1428517_R-HSA-163200_R-HSA-611105_R-HSA-6799198_O95139	-10.67699	0.00000	0.00000
CID_5994	R-HSA-1430728_R-HSA-1428517_R-HSA-163200_R-HSA-611105_R-HSA-6799198_O43674	-10.67709	0.00000	0.00000
CID_5994	R-HSA-1430728_R-HSA-1428517_R-HSA-163200_R-HSA-611105_R-HSA-6799198_O95168	-10.67694	0.00000	0.00000
CID_5994	R-HSA-1430728_R-HSA-1428517_R-HSA-163200_R-HSA-611105_R-HSA-6799198_O43676	-10.67653	0.00000	0.00000
CID_5994	R-HSA-1430728_R-HSA-1428517_R-HSA-71406_R-HSA-70268_R-HSA-204174_P19793	-8.38830	0.00000	0.00000
CID_5994	R-HSA-1430728_R-HSA-1428517_R-HSA-71406_R-HSA-70268_R-HSA-204174_P11177	-10.21872	0.00000	0.00000
CID_5994	R-HSA-74160_R-HSA-73857_R-HSA-212436_R-HSA-3700989_R-HSA-5633008_R-HSA-6803204_P04637	-10.63538	0.00000	0.00000
CID_5994	R-HSA-74160_R-HSA-73857_R-HSA-212436_R-HSA-3700989_R-HSA-5633008_R-HSA-6803207_P04637	-10.08645	0.00000	0.00000
CID_5994	R-HSA-74160_R-HSA-73857_R-HSA-212436_R-HSA-3700989_R-HSA-5633008_R-HSA-6803211_P04637	-10.37613	0.00000	0.00000
CID_5994	R-HSA-1430728_R-HSA-1483249_R-HSA-1855204_P0DP23	-4.80013	0.00500	0.04608
CID_5994	R-HSA-1430728_R-HSA-202131_R-HSA-203615_P0DP23	-4.27655	0.00500	0.04608
CID_5994	R-HSA-1430728_R-HSA-202131_R-HSA-203615_P29474	-4.45339	0.00500	0.04608
CID_5994	R-HSA-1430728_R-HSA-71291_R-HSA-70895_P54687	-5.14656	0.00500	0.04608
CID_5994	R-HSA-1430728_R-HSA-71291_R-HSA-71288_P48066	-5.16860	0.00500	0.04608
CID_5994	R-HSA-1430728_R-HSA-71291_R-HSA-71064_Q02218	-4.91628	0.00500	0.04608
CID_5994	R-HSA-1430728_R-HSA-163685_R-HSA-422356_R-HSA-400042_Q01668	-3.68366	0.00500	0.04608
CID_5994	R-HSA-1430728_R-HSA-163685_R-HSA-422356_R-HSA-400042_Q9NY47	-3.60143	0.00500	0.04608
CID_5994	R-HSA-1430728_R-HSA-71291_R-HSA-209776_R-HSA-209931_P17752	-6.26658	0.00500	0.04608
CID_5994	R-HSA-1430728_R-HSA-71291_R-HSA-2408522_R-HSA-2408557_P39023	-6.05956	0.00500	0.04608
CID_5994	R-HSA-1430728_R-HSA-1428517_R-HSA-163200_R-HSA-163210_P30049	-7.22304	0.00500	0.04608
CID_5994	R-HSA-1430728_R-HSA-196854_R-HSA-196849_R-HSA-196741_Q9UBK8	-8.72165	0.00500	0.04608
CID_5994	R-HSA-1430728_R-HSA-196854_R-HSA-196849_R-HSA-196780_P05165	-13.10792	0.00500	0.04608
CID_5994	R-HSA-1430728_R-HSA-196854_R-HSA-196849_R-HSA-196780_P11498	-7.39520	0.00500	0.04608
CID_5994	R-HSA-1430728_R-HSA-196854_R-HSA-196849_R-HSA-196757_Q96NT5	-8.26285	0.00500	0.04608
CID_5994	R-HSA-1430728_R-HSA-196854_R-HSA-196849_R-HSA-196757_P41440	-8.34691	0.00500	0.04608
CID_5994	R-HSA-1430728_R-HSA-196854_R-HSA-196849_R-HSA-196757_P34897	-8.86091	0.00500	0.04608
CID_5994	R-HSA-1430728_R-HSA-196854_R-HSA-196849_R-HSA-196757_P34896	-8.85966	0.00500	0.04608
CID_5994	R-HSA-1430728_R-HSA-71387_R-HSA-8982491_R-HSA-70221_P0DP23	-5.41587	0.00500	0.04608
CID_5994	R-HSA-1430728_R-HSA-71387_R-HSA-70326_R-HSA-70263_P11498	-7.05025	0.00500	0.04608
CID_5994	R-HSA-74160_R-HSA-73857_R-HSA-212436_R-HSA-350054_Q9UBN7	-5.80010	0.00500	0.04608
CID_5995	R-HSA-162582_R-HSA-2586552_P40763	-3.74129	0.00000	0.00000
CID_5995	R-HSA-162582_R-HSA-5358351_R-HSA-5632684_R-HSA-5635838_Q99835	-7.47965	0.00000	0.00000
CID_5995	R-HSA-162582_R-HSA-372790_R-HSA-388396_R-HSA-418597_P05771	-2.58325	0.00000	0.00000
CID_5995	R-HSA-162582_R-HSA-372790_R-HSA-388396_R-HSA-418597_P17252	-3.04234	0.00000	0.00000
CID_5995	R-HSA-162582_R-HSA-372790_R-HSA-388396_R-HSA-416482_P35348	-2.95342	0.00000	0.00000
CID_5995	R-HSA-162582_R-HSA-372790_R-HSA-500792_R-HSA-373080_R-HSA-420092_Q02643	-2.06582	0.00000	0.00000
CID_5995	R-HSA-162582_R-HSA-372790_R-HSA-500792_R-HSA-373076_R-HSA-375281_P30968	-1.77584	0.00000	0.00000
CID_5995	R-HSA-162582_R-HSA-372790_R-HSA-388396_R-HSA-397795_R-HSA-392451_O15530	-3.71031	0.00000	0.00000
CID_5995	R-HSA-162582_R-HSA-372790_R-HSA-500792_R-HSA-373076_R-HSA-375276_R-HSA-380108_P10145	-2.62338	0.00000	0.00000
CID_5995	R-HSA-162582_R-HSA-372790_R-HSA-500792_R-HSA-373076_R-HSA-375280_R-HSA-390666_P50406	-0.87383	0.00000	0.00000
CID_5995	R-HSA-162582_R-HSA-372790_R-HSA-500792_R-HSA-373076_R-HSA-375280_R-HSA-390666_P28566	-2.33976	0.00000	0.00000
CID_5995	R-HSA-162582_R-HSA-372790_R-HSA-500792_R-HSA-373076_R-HSA-391903_R-HSA-391908_P43088	-5.02535	0.00000	0.00000
CID_5995	R-HSA-162582_R-HSA-372790_R-HSA-500792_R-HSA-373076_R-HSA-391903_R-HSA-391908_P43116	-3.64993	0.00000	0.00000
CID_5995	R-HSA-162582_R-HSA-372790_R-HSA-388396_R-HSA-416476_R-HSA-881907_R-HSA-2179392_P17252	-5.40679	0.00000	0.00000
CID_5995	R-HSA-162582_R-HSA-372790_R-HSA-388396_R-HSA-418594_R-HSA-2187338_R-HSA-2187335_O75911	-7.56612	0.00000	0.00000
CID_5995	R-HSA-162582_R-HSA-372790_R-HSA-388396_R-HSA-418594_R-HSA-2187338_R-HSA-2187335_P12271	-6.99347	0.00000	0.00000
CID_5995	R-HSA-162582_R-HSA-372790_R-HSA-388396_R-HSA-418594_R-HSA-2187338_R-HSA-2187335_P10745	-6.98826	0.00000	0.00000
CID_5995	R-HSA-162582_R-HSA-372790_R-HSA-388396_R-HSA-418594_R-HSA-2187338_R-HSA-2453902_O95237	-5.96499	0.00000	0.00000
CID_5995	R-HSA-162582_R-HSA-372790_R-HSA-388396_R-HSA-418594_R-HSA-2187338_R-HSA-2453902_P12271	-6.23365	0.00000	0.00000
CID_5995	R-HSA-162582_R-HSA-372790_R-HSA-388396_R-HSA-418594_R-HSA-2187338_R-HSA-2453902_Q92781	-6.49286	0.00000	0.00000
CID_5995	R-HSA-162582_R-HSA-372790_R-HSA-388396_R-HSA-418594_R-HSA-2187338_R-HSA-2453902_P02753	-6.03685	0.00000	0.00000
CID_5995	R-HSA-162582_R-HSA-372790_R-HSA-388396_R-HSA-418594_R-HSA-2187338_R-HSA-2453902_P10745	-6.22844	0.00000	0.00000
CID_5995	R-HSA-162582_R-HSA-372790_R-HSA-388396_R-HSA-418594_R-HSA-2187338_R-HSA-2453902_P09455	-5.99387	0.00000	0.00000
CID_5995	R-HSA-162582_R-HSA-372790_R-HSA-388396_R-HSA-418594_R-HSA-2187338_R-HSA-975634_O95237	-6.07479	0.00000	0.00000
CID_5995	R-HSA-162582_R-HSA-372790_R-HSA-388396_R-HSA-418594_R-HSA-2187338_R-HSA-975634_P02753	-6.14666	0.00000	0.00000
CID_5995	R-HSA-162582_R-HSA-372790_R-HSA-388396_R-HSA-418594_R-HSA-2187338_R-HSA-975634_P50120	-6.57093	0.00000	0.00000
CID_5995	R-HSA-162582_R-HSA-372790_R-HSA-388396_R-HSA-418594_R-HSA-2187338_R-HSA-975634_P09455	-6.10367	0.00000	0.00000
CID_5995	R-HSA-162582_R-HSA-372790_R-HSA-388396_R-HSA-418594_R-HSA-111885_R-HSA-202040_P01189	-5.76130	0.00000	0.00000
CID_5995	R-HSA-162582_R-HSA-372790_R-HSA-388396_R-HSA-418594_R-HSA-2187338_R-HSA-2514856_R-HSA-2514859_P50579	-5.11618	0.00000	0.00000
CID_5995	R-HSA-162582_R-HSA-372790_R-HSA-388396_R-HSA-418594_R-HSA-2187338_R-HSA-2514856_R-HSA-2514859_P17252	-5.43254	0.00000	0.00000
CID_5995	R-HSA-162582_R-HSA-372790_R-HSA-388396_R-HSA-418594_R-HSA-2187338_R-HSA-2514856_R-HSA-2514859_P35913	-5.90587	0.00000	0.00000
CID_5995	R-HSA-162582_R-HSA-372790_R-HSA-388396_R-HSA-418594_R-HSA-2187338_R-HSA-2514856_R-HSA-2485179_P35913	-6.87488	0.00000	0.00000
CID_5995	R-HSA-162582_R-HSA-9006335_R-HSA-9027276_P07948	-6.27197	0.00500	0.04608
CID_5995	R-HSA-162582_R-HSA-9006335_R-HSA-9027277_P07948	-6.41014	0.00500	0.04608
CID_6005	R-HSA-162582_R-HSA-372790_R-HSA-388396_R-HSA-418597_P05771	-7.96362	0.00000	0.00000
CID_6005	R-HSA-162582_R-HSA-372790_R-HSA-388396_R-HSA-416476_R-HSA-881907_R-HSA-2179392_P17252	-12.58826	0.00000	0.00000
CID_6005	R-HSA-162582_R-HSA-372790_R-HSA-388396_R-HSA-418594_R-HSA-2187338_R-HSA-2187335_P12271	-14.57770	0.00000	0.00000
CID_6005	R-HSA-162582_R-HSA-372790_R-HSA-388396_R-HSA-418594_R-HSA-2187338_R-HSA-2187335_P10745	-14.57249	0.00000	0.00000
CID_6005	R-HSA-162582_R-HSA-372790_R-HSA-388396_R-HSA-418594_R-HSA-2187338_R-HSA-2453902_O95237	-13.54238	0.00000	0.00000
CID_6005	R-HSA-162582_R-HSA-372790_R-HSA-388396_R-HSA-418594_R-HSA-2187338_R-HSA-2453902_P12271	-13.81788	0.00000	0.00000
CID_6005	R-HSA-162582_R-HSA-372790_R-HSA-388396_R-HSA-418594_R-HSA-2187338_R-HSA-2453902_P10745	-13.81267	0.00000	0.00000
CID_6005	R-HSA-162582_R-HSA-372790_R-HSA-388396_R-HSA-418594_R-HSA-2187338_R-HSA-975634_O95237	-13.63989	0.00000	0.00000
CID_6005	R-HSA-162582_R-HSA-372790_R-HSA-388396_R-HSA-418597_P17252	-8.03314	0.00500	0.04608
CID_6005	R-HSA-162582_R-HSA-372790_R-HSA-500792_R-HSA-373076_R-HSA-375281_P30968	-8.26460	0.00500	0.04608
CID_6005	R-HSA-162582_R-HSA-372790_R-HSA-388396_R-HSA-397795_R-HSA-392451_O15530	-10.20049	0.00500	0.04608
CID_6005	R-HSA-162582_R-HSA-372790_R-HSA-500792_R-HSA-373076_R-HSA-375276_R-HSA-380108_P10145	-10.20733	0.00500	0.04608
CID_6005	R-HSA-162582_R-HSA-372790_R-HSA-500792_R-HSA-373076_R-HSA-375280_R-HSA-390666_P50406	-8.45779	0.00500	0.04608
CID_6005	R-HSA-162582_R-HSA-372790_R-HSA-500792_R-HSA-373076_R-HSA-391903_R-HSA-391908_P43088	-12.60929	0.00500	0.04608
CID_6005	R-HSA-162582_R-HSA-372790_R-HSA-500792_R-HSA-373076_R-HSA-391903_R-HSA-391908_P43116	-11.23387	0.00500	0.04608
CID_6005	R-HSA-162582_R-HSA-372790_R-HSA-388396_R-HSA-418594_R-HSA-2187338_R-HSA-2187335_O75911	-15.14981	0.00500	0.04608
CID_6005	R-HSA-162582_R-HSA-372790_R-HSA-388396_R-HSA-418594_R-HSA-2187338_R-HSA-2453902_P02753	-13.61457	0.00500	0.04608
CID_6005	R-HSA-162582_R-HSA-372790_R-HSA-388396_R-HSA-418594_R-HSA-2187338_R-HSA-2453902_P09455	-13.57161	0.00500	0.04608
CID_6005	R-HSA-162582_R-HSA-372790_R-HSA-388396_R-HSA-418594_R-HSA-2187338_R-HSA-975634_P02753	-13.71208	0.00500	0.04608
CID_6005	R-HSA-162582_R-HSA-372790_R-HSA-388396_R-HSA-418594_R-HSA-2187338_R-HSA-975634_P50120	-14.12966	0.00500	0.04608
CID_6005	R-HSA-162582_R-HSA-372790_R-HSA-388396_R-HSA-418594_R-HSA-2187338_R-HSA-975634_P09455	-13.66912	0.00500	0.04608
CID_6005	R-HSA-162582_R-HSA-372790_R-HSA-388396_R-HSA-418594_R-HSA-111885_R-HSA-202040_P01189	-13.34551	0.00500	0.04608
CID_6005	R-HSA-162582_R-HSA-372790_R-HSA-388396_R-HSA-418594_R-HSA-2187338_R-HSA-2514856_R-HSA-2514859_P50579	-13.79565	0.00500	0.04608
CID_6005	R-HSA-162582_R-HSA-372790_R-HSA-388396_R-HSA-418594_R-HSA-2187338_R-HSA-2514856_R-HSA-2514859_P17252	-13.70909	0.00500	0.04608
CID_6005	R-HSA-162582_R-HSA-372790_R-HSA-388396_R-HSA-418594_R-HSA-2187338_R-HSA-2514856_R-HSA-2514859_P35913	-14.58535	0.00500	0.04608
CID_6005	R-HSA-162582_R-HSA-372790_R-HSA-388396_R-HSA-418594_R-HSA-2187338_R-HSA-2514856_R-HSA-2485179_P35913	-15.55435	0.00500	0.04608
CID_6010	R-HSA-162582_R-HSA-2586552_P40763	0.87896	0.00000	0.00000
CID_6010	R-HSA-162582_R-HSA-165159_R-HSA-380972_Q13131	-1.93225	0.00000	0.00000
CID_6010	R-HSA-162582_R-HSA-9006335_R-HSA-9027276_P07948	-0.11164	0.00000	0.00000
CID_6010	R-HSA-162582_R-HSA-9006335_R-HSA-9027277_P07948	-0.24980	0.00000	0.00000
CID_6010	R-HSA-162582_R-HSA-5358351_R-HSA-5632684_R-HSA-5635838_Q99835	0.22076	0.00000	0.00000
CID_6010	R-HSA-162582_R-HSA-9006931_R-HSA-8939211_R-HSA-9018519_P03372	2.11242	0.00000	0.00000
CID_6010	R-HSA-162582_R-HSA-9006931_R-HSA-8939211_R-HSA-9018519_Q15303	1.93345	0.00000	0.00000
CID_6010	R-HSA-162582_R-HSA-9006931_R-HSA-8939211_R-HSA-9018519_P10415	1.24143	0.00000	0.00000
CID_6010	R-HSA-162582_R-HSA-9006931_R-HSA-8939211_R-HSA-9018519_Q15788	-5.59879	0.00000	0.00000
CID_6010	R-HSA-162582_R-HSA-372790_R-HSA-388396_R-HSA-418597_P05771	5.11716	0.00000	0.00000
CID_6010	R-HSA-162582_R-HSA-372790_R-HSA-388396_R-HSA-418597_P17252	4.65807	0.00000	0.00000
CID_6010	R-HSA-162582_R-HSA-372790_R-HSA-388396_R-HSA-416482_P35348	4.74700	0.00000	0.00000
CID_6010	R-HSA-162582_R-HSA-9006931_R-HSA-8939211_R-HSA-9009391_R-HSA-9634638_P10415	-0.92133	0.00000	0.00000
CID_6010	R-HSA-162582_R-HSA-372790_R-HSA-500792_R-HSA-373080_R-HSA-420092_Q02643	7.17468	0.00000	0.00000
CID_6010	R-HSA-162582_R-HSA-372790_R-HSA-500792_R-HSA-373076_R-HSA-375281_P30968	7.46466	0.00000	0.00000
CID_6010	R-HSA-162582_R-HSA-372790_R-HSA-388396_R-HSA-397795_R-HSA-392451_O15530	5.53019	0.00000	0.00000
CID_6010	R-HSA-162582_R-HSA-372790_R-HSA-500792_R-HSA-373076_R-HSA-375276_R-HSA-380108_P10145	8.15720	0.00000	0.00000
CID_6010	R-HSA-162582_R-HSA-372790_R-HSA-500792_R-HSA-373076_R-HSA-375280_R-HSA-390666_P50406	9.90675	0.00000	0.00000
CID_6010	R-HSA-162582_R-HSA-372790_R-HSA-500792_R-HSA-373076_R-HSA-375280_R-HSA-390666_P28566	8.44082	0.00000	0.00000
CID_6010	R-HSA-162582_R-HSA-372790_R-HSA-500792_R-HSA-373076_R-HSA-391903_R-HSA-391908_P43088	5.75524	0.00000	0.00000
CID_6010	R-HSA-162582_R-HSA-372790_R-HSA-500792_R-HSA-373076_R-HSA-391903_R-HSA-391908_P43116	7.13066	0.00000	0.00000
CID_6010	R-HSA-162582_R-HSA-372790_R-HSA-388396_R-HSA-416476_R-HSA-881907_R-HSA-2179392_P17252	5.37379	0.00000	0.00000
CID_6010	R-HSA-162582_R-HSA-372790_R-HSA-388396_R-HSA-418594_R-HSA-2187338_R-HSA-2187335_O75911	3.21446	0.00000	0.00000
CID_6010	R-HSA-162582_R-HSA-372790_R-HSA-388396_R-HSA-418594_R-HSA-2187338_R-HSA-2187335_P12271	3.78711	0.00000	0.00000
CID_6010	R-HSA-162582_R-HSA-372790_R-HSA-388396_R-HSA-418594_R-HSA-2187338_R-HSA-2187335_P10745	3.79233	0.00000	0.00000
CID_6010	R-HSA-162582_R-HSA-372790_R-HSA-388396_R-HSA-418594_R-HSA-2187338_R-HSA-2453902_O95237	4.80575	0.00000	0.00000
CID_6010	R-HSA-162582_R-HSA-372790_R-HSA-388396_R-HSA-418594_R-HSA-2187338_R-HSA-2453902_P12271	4.54693	0.00000	0.00000
CID_6010	R-HSA-162582_R-HSA-372790_R-HSA-388396_R-HSA-418594_R-HSA-2187338_R-HSA-2453902_Q92781	4.28772	0.00000	0.00000
CID_6010	R-HSA-162582_R-HSA-372790_R-HSA-388396_R-HSA-418594_R-HSA-2187338_R-HSA-2453902_P02753	4.73437	0.00000	0.00000
CID_6010	R-HSA-162582_R-HSA-372790_R-HSA-388396_R-HSA-418594_R-HSA-2187338_R-HSA-2453902_P10745	4.55214	0.00000	0.00000
CID_6010	R-HSA-162582_R-HSA-372790_R-HSA-388396_R-HSA-418594_R-HSA-2187338_R-HSA-2453902_P09455	4.77738	0.00000	0.00000
CID_6010	R-HSA-162582_R-HSA-372790_R-HSA-388396_R-HSA-418594_R-HSA-2187338_R-HSA-975634_O95237	4.67797	0.00000	0.00000
CID_6010	R-HSA-162582_R-HSA-372790_R-HSA-388396_R-HSA-418594_R-HSA-2187338_R-HSA-975634_P02753	4.60659	0.00000	0.00000
CID_6010	R-HSA-162582_R-HSA-372790_R-HSA-388396_R-HSA-418594_R-HSA-2187338_R-HSA-975634_P50120	4.17232	0.00000	0.00000
CID_6010	R-HSA-162582_R-HSA-372790_R-HSA-388396_R-HSA-418594_R-HSA-2187338_R-HSA-975634_P09455	4.64960	0.00000	0.00000
CID_6010	R-HSA-162582_R-HSA-372790_R-HSA-388396_R-HSA-418594_R-HSA-111885_R-HSA-202040_P01189	5.01928	0.00000	0.00000
CID_6010	R-HSA-162582_R-HSA-372790_R-HSA-388396_R-HSA-418594_R-HSA-2187338_R-HSA-2514856_R-HSA-2514859_P50579	7.20449	0.00000	0.00000
CID_6010	R-HSA-162582_R-HSA-372790_R-HSA-388396_R-HSA-418594_R-HSA-2187338_R-HSA-2514856_R-HSA-2514859_P17252	6.88812	0.00000	0.00000
CID_6010	R-HSA-162582_R-HSA-372790_R-HSA-388396_R-HSA-418594_R-HSA-2187338_R-HSA-2514856_R-HSA-2514859_P35913	6.41479	0.00000	0.00000
CID_6010	R-HSA-162582_R-HSA-372790_R-HSA-388396_R-HSA-418594_R-HSA-2187338_R-HSA-2514856_R-HSA-2485179_P35913	5.44579	0.00000	0.00000
CID_6010	R-HSA-162582_R-HSA-372790_R-HSA-500792_R-HSA-373076_R-HSA-391903_R-HSA-391908_P34995	-28.36989	0.00500	0.04608
CID_6013	R-HSA-1430728_R-HSA-1483249_R-HSA-1855204_P0DP23	-2.64204	0.00000	0.00000
CID_6013	R-HSA-1430728_R-HSA-202131_R-HSA-203615_P0DP23	-2.13273	0.00000	0.00000
CID_6013	R-HSA-1430728_R-HSA-202131_R-HSA-203615_P29474	-1.87372	0.00000	0.00000
CID_6013	R-HSA-1430728_R-HSA-163685_R-HSA-163767_P62714	-2.24400	0.00000	0.00000
CID_6013	R-HSA-1430728_R-HSA-163685_R-HSA-163767_P67775	-2.14382	0.00000	0.00000
CID_6013	R-HSA-1430728_R-HSA-71291_R-HSA-389661_Q02218	-2.35028	0.00000	0.00000
CID_6013	R-HSA-1430728_R-HSA-71291_R-HSA-389661_O14561	-3.31309	0.00000	0.00000
CID_6013	R-HSA-1430728_R-HSA-71291_R-HSA-389661_P11177	-3.39237	0.00000	0.00000
CID_6013	R-HSA-1430728_R-HSA-71291_R-HSA-70895_P54687	-2.54088	0.00000	0.00000
CID_6013	R-HSA-1430728_R-HSA-71291_R-HSA-71288_P48066	-2.56382	0.00000	0.00000
CID_6013	R-HSA-1430728_R-HSA-71291_R-HSA-70921_P50135	-2.94487	0.00000	0.00000
CID_6013	R-HSA-1430728_R-HSA-71291_R-HSA-71064_Q02218	-2.30937	0.00000	0.00000
CID_6013	R-HSA-1430728_R-HSA-71291_R-HSA-209776_R-HSA-209931_P17752	-3.02632	0.00000	0.00000
CID_6013	R-HSA-1430728_R-HSA-71291_R-HSA-2408522_R-HSA-2408557_P39023	-2.81705	0.00000	0.00000
CID_6013	R-HSA-1430728_R-HSA-71291_R-HSA-2408522_R-HSA-2408508_P50135	-4.14735	0.00000	0.00000
CID_6013	R-HSA-1430728_R-HSA-71291_R-HSA-2408522_R-HSA-2408508_P40261	-3.99806	0.00000	0.00000
CID_6013	R-HSA-1430728_R-HSA-71291_R-HSA-351202_R-HSA-350562_P20618	-2.16842	0.00000	0.00000
CID_6013	R-HSA-1430728_R-HSA-71291_R-HSA-351202_R-HSA-350562_P49721	-2.41232	0.00000	0.00000
CID_6013	R-HSA-1430728_R-HSA-71291_R-HSA-351202_R-HSA-350562_P28074	-2.13103	0.00000	0.00000
CID_6013	R-HSA-1430728_R-HSA-71291_R-HSA-351202_R-HSA-350562_P28062	-2.68505	0.00000	0.00000
CID_6013	R-HSA-1430728_R-HSA-71291_R-HSA-351202_R-HSA-350562_P25786	-2.66119	0.00000	0.00000
CID_6013	R-HSA-1430728_R-HSA-71291_R-HSA-351202_R-HSA-350562_Q99460	-2.61906	0.00000	0.00000
CID_6013	R-HSA-1430728_R-HSA-71291_R-HSA-351202_R-HSA-350562_Q13200	-2.69346	0.00000	0.00000
CID_6013	R-HSA-1430728_R-HSA-1428517_R-HSA-163200_R-HSA-163210_P30049	-3.98285	0.00000	0.00000
CID_6013	R-HSA-1430728_R-HSA-1428517_R-HSA-71406_R-HSA-71403_Q02218	-3.79922	0.00000	0.00000
CID_6013	R-HSA-1430728_R-HSA-196854_R-HSA-8978934_R-HSA-1474151_P0DP23	-3.84166	0.00000	0.00000
CID_6013	R-HSA-1430728_R-HSA-196854_R-HSA-8978934_R-HSA-1474151_P29474	-3.58265	0.00000	0.00000
CID_6013	R-HSA-1430728_R-HSA-196854_R-HSA-196849_R-HSA-196780_P11498	-4.14708	0.00000	0.00000
CID_6013	R-HSA-1430728_R-HSA-71387_R-HSA-8982491_R-HSA-70221_P0DP23	-2.61199	0.00000	0.00000
CID_6013	R-HSA-1430728_R-HSA-71387_R-HSA-8982491_R-HSA-70221_P06737	-4.94604	0.00000	0.00000
CID_6013	R-HSA-1430728_R-HSA-71387_R-HSA-70326_R-HSA-70263_P11498	-3.79243	0.00000	0.00000
CID_6013	R-HSA-1430728_R-HSA-71387_R-HSA-70326_R-HSA-70263_P00558	-4.03359	0.00000	0.00000
CID_6013	R-HSA-74160_R-HSA-73857_R-HSA-212436_R-HSA-350054_Q9UKV0	-3.28579	0.00000	0.00000
CID_6013	R-HSA-74160_R-HSA-73857_R-HSA-212436_R-HSA-383280_P10275	-0.53504	0.00000	0.00000
CID_6013	R-HSA-74160_R-HSA-73857_R-HSA-212436_R-HSA-383280_P08235	-0.71634	0.00000	0.00000
CID_6013	R-HSA-74160_R-HSA-73857_R-HSA-212436_R-HSA-383280_P19793	-0.12648	0.00000	0.00000
CID_6013	R-HSA-74160_R-HSA-73857_R-HSA-212436_R-HSA-383280_P06401	-0.49871	0.00000	0.00000
CID_6013	R-HSA-74160_R-HSA-73857_R-HSA-212436_R-HSA-383280_P62508	-0.94182	0.00000	0.00000
CID_6013	R-HSA-74160_R-HSA-73857_R-HSA-212436_R-HSA-383280_P10827	-2.15600	0.00000	0.00000
CID_6013	R-HSA-74160_R-HSA-73857_R-HSA-212436_R-HSA-383280_P10828	-1.86988	0.00000	0.00000
CID_6013	R-HSA-74160_R-HSA-73857_R-HSA-212436_R-HSA-383280_P51843	-0.54264	0.00000	0.00000
CID_6013	R-HSA-1430728_R-HSA-1428517_R-HSA-163200_R-HSA-611105_R-HSA-6799198_P19404	-6.80398	0.00000	0.00000
CID_6013	R-HSA-1430728_R-HSA-1428517_R-HSA-163200_R-HSA-611105_R-HSA-6799198_Q16795	-6.80327	0.00000	0.00000
CID_6013	R-HSA-1430728_R-HSA-1428517_R-HSA-163200_R-HSA-611105_R-HSA-6799198_P51970	-6.80471	0.00000	0.00000
CID_6013	R-HSA-1430728_R-HSA-1428517_R-HSA-163200_R-HSA-611105_R-HSA-6799198_O95182	-6.80479	0.00000	0.00000
CID_6013	R-HSA-1430728_R-HSA-1428517_R-HSA-163200_R-HSA-611105_R-HSA-6799198_P56556	-6.80358	0.00000	0.00000
CID_6013	R-HSA-1430728_R-HSA-1428517_R-HSA-163200_R-HSA-611105_R-HSA-6799198_Q16718	-6.80376	0.00000	0.00000
CID_6013	R-HSA-1430728_R-HSA-1428517_R-HSA-163200_R-HSA-611105_R-HSA-6799198_O95167	-6.80358	0.00000	0.00000
CID_6013	R-HSA-1430728_R-HSA-1428517_R-HSA-163200_R-HSA-611105_R-HSA-6799198_O43678	-6.80334	0.00000	0.00000
CID_6013	R-HSA-1430728_R-HSA-1428517_R-HSA-163200_R-HSA-611105_R-HSA-6799198_O15239	-6.80390	0.00000	0.00000
CID_6013	R-HSA-1430728_R-HSA-1428517_R-HSA-163200_R-HSA-611105_R-HSA-6799198_O95299	-6.80353	0.00000	0.00000
CID_6013	R-HSA-1430728_R-HSA-1428517_R-HSA-163200_R-HSA-611105_R-HSA-6799198_O14561	-5.95070	0.00000	0.00000
CID_6013	R-HSA-1430728_R-HSA-1428517_R-HSA-163200_R-HSA-611105_R-HSA-6799198_O75438	-6.80443	0.00000	0.00000
CID_6013	R-HSA-1430728_R-HSA-1428517_R-HSA-163200_R-HSA-611105_R-HSA-6799198_O95178	-6.80423	0.00000	0.00000
CID_6013	R-HSA-1430728_R-HSA-1428517_R-HSA-163200_R-HSA-611105_R-HSA-6799198_O00217	-6.80369	0.00000	0.00000
CID_6013	R-HSA-1430728_R-HSA-1428517_R-HSA-163200_R-HSA-611105_R-HSA-6799198_O75380	-6.80422	0.00000	0.00000
CID_6013	R-HSA-1430728_R-HSA-1428517_R-HSA-163200_R-HSA-611105_R-HSA-6799198_O43920	-6.80394	0.00000	0.00000
CID_6013	R-HSA-1430728_R-HSA-1428517_R-HSA-163200_R-HSA-611105_R-HSA-6799198_O43181	-6.80329	0.00000	0.00000
CID_6013	R-HSA-1430728_R-HSA-1428517_R-HSA-163200_R-HSA-611105_R-HSA-6799198_P49821	-6.80330	0.00000	0.00000
CID_6013	R-HSA-1430728_R-HSA-1428517_R-HSA-163200_R-HSA-611105_R-HSA-6799198_O75489	-6.80377	0.00000	0.00000
CID_6013	R-HSA-1430728_R-HSA-1428517_R-HSA-163200_R-HSA-611105_R-HSA-6799198_O75306	-6.80454	0.00000	0.00000
CID_6013	R-HSA-1430728_R-HSA-1428517_R-HSA-163200_R-HSA-611105_R-HSA-6799198_P56181	-6.80323	0.00000	0.00000
CID_6013	R-HSA-1430728_R-HSA-1428517_R-HSA-163200_R-HSA-611105_R-HSA-6799198_P28331	-6.80341	0.00000	0.00000
CID_6013	R-HSA-1430728_R-HSA-1428517_R-HSA-163200_R-HSA-611105_R-HSA-6799198_O95298	-6.80371	0.00000	0.00000
CID_6013	R-HSA-1430728_R-HSA-1428517_R-HSA-163200_R-HSA-611105_R-HSA-6799198_O43677	-6.80356	0.00000	0.00000
CID_6013	R-HSA-1430728_R-HSA-1428517_R-HSA-163200_R-HSA-611105_R-HSA-6799198_O96000	-6.80368	0.00000	0.00000
CID_6013	R-HSA-1430728_R-HSA-1428517_R-HSA-163200_R-HSA-611105_R-HSA-6799198_Q9Y6M9	-6.80381	0.00000	0.00000
CID_6013	R-HSA-1430728_R-HSA-1428517_R-HSA-163200_R-HSA-611105_R-HSA-6799198_O95169	-6.80395	0.00000	0.00000
CID_6013	R-HSA-1430728_R-HSA-1428517_R-HSA-163200_R-HSA-611105_R-HSA-6799198_P17568	-6.80382	0.00000	0.00000
CID_6013	R-HSA-1430728_R-HSA-1428517_R-HSA-163200_R-HSA-611105_R-HSA-6799198_O95139	-6.80389	0.00000	0.00000
CID_6013	R-HSA-1430728_R-HSA-1428517_R-HSA-163200_R-HSA-611105_R-HSA-6799198_O43674	-6.80398	0.00000	0.00000
CID_6013	R-HSA-1430728_R-HSA-1428517_R-HSA-163200_R-HSA-611105_R-HSA-6799198_O95168	-6.80383	0.00000	0.00000
CID_6013	R-HSA-1430728_R-HSA-1428517_R-HSA-163200_R-HSA-611105_R-HSA-6799198_O43676	-6.80342	0.00000	0.00000
CID_6013	R-HSA-1430728_R-HSA-1428517_R-HSA-71406_R-HSA-70268_R-HSA-204174_P19793	-4.13557	0.00000	0.00000
CID_6013	R-HSA-1430728_R-HSA-1428517_R-HSA-71406_R-HSA-70268_R-HSA-204174_P11177	-6.33586	0.00000	0.00000
CID_6013	R-HSA-1430728_R-HSA-71387_R-HSA-70326_R-HSA-70171_R-HSA-9634600_P67775	-4.84525	0.00000	0.00000
CID_6013	R-HSA-1430728_R-HSA-211859_R-HSA-211945_R-HSA-211897_R-HSA-211979_P24557	-10.02728	0.00000	0.00000
CID_6013	R-HSA-74160_R-HSA-73857_R-HSA-212436_R-HSA-8878159_R-HSA-8941858_P20618	-2.10436	0.00000	0.00000
CID_6013	R-HSA-74160_R-HSA-73857_R-HSA-212436_R-HSA-8878159_R-HSA-8941858_P49721	-2.34827	0.00000	0.00000
CID_6013	R-HSA-74160_R-HSA-73857_R-HSA-212436_R-HSA-8878159_R-HSA-8941858_P28074	-2.06697	0.00000	0.00000
CID_6013	R-HSA-74160_R-HSA-73857_R-HSA-212436_R-HSA-8878159_R-HSA-8941858_P28062	-2.62099	0.00000	0.00000
CID_6013	R-HSA-74160_R-HSA-73857_R-HSA-212436_R-HSA-8878159_R-HSA-8941858_P12931	-2.18983	0.00000	0.00000
CID_6013	R-HSA-74160_R-HSA-73857_R-HSA-212436_R-HSA-8878159_R-HSA-8941858_P25786	-2.59713	0.00000	0.00000
CID_6013	R-HSA-74160_R-HSA-73857_R-HSA-212436_R-HSA-8878159_R-HSA-8941858_Q99460	-2.55500	0.00000	0.00000
CID_6013	R-HSA-74160_R-HSA-73857_R-HSA-212436_R-HSA-8878159_R-HSA-8941858_Q13200	-2.62940	0.00000	0.00000
CID_6013	R-HSA-74160_R-HSA-73857_R-HSA-212436_R-HSA-3700989_R-HSA-5633008_R-HSA-6803204_P04637	-6.01198	0.00000	0.00000
CID_6013	R-HSA-74160_R-HSA-73857_R-HSA-212436_R-HSA-3700989_R-HSA-5633008_R-HSA-6803207_P04637	-5.46306	0.00000	0.00000
CID_6013	R-HSA-74160_R-HSA-73857_R-HSA-212436_R-HSA-3700989_R-HSA-5633008_R-HSA-6803211_P04637	-5.75273	0.00000	0.00000
CID_6013	R-HSA-1430728_R-HSA-15869_R-HSA-499943_P04818	-2.28496	0.00500	0.04608
CID_6013	R-HSA-1430728_R-HSA-163685_R-HSA-163765_P30613	-1.22605	0.00500	0.04608
CID_6013	R-HSA-1430728_R-HSA-211859_R-HSA-5423646_P10620	-3.53343	0.00500	0.04608
CID_6013	R-HSA-1430728_R-HSA-211859_R-HSA-5423646_O14880	-3.51499	0.00500	0.04608
CID_6013	R-HSA-1430728_R-HSA-15869_R-HSA-8956319_R-HSA-73621_P19971	-3.28586	0.00500	0.04608
CID_6013	R-HSA-1430728_R-HSA-15869_R-HSA-8956319_R-HSA-73621_Q16831	-3.54203	0.00500	0.04608
CID_6013	R-HSA-1430728_R-HSA-15869_R-HSA-8956321_R-HSA-74217_P00813	-3.25892	0.00500	0.04608
CID_6013	R-HSA-1430728_R-HSA-15869_R-HSA-8956321_R-HSA-73614_P19971	-3.63133	0.00500	0.04608
CID_6013	R-HSA-1430728_R-HSA-15869_R-HSA-8956321_R-HSA-73614_Q16831	-3.88750	0.00500	0.04608
CID_6013	R-HSA-1430728_R-HSA-163685_R-HSA-422356_R-HSA-400042_Q01668	-0.46999	0.00500	0.04608
CID_6013	R-HSA-1430728_R-HSA-163685_R-HSA-422356_R-HSA-400042_Q13936	-0.61689	0.00500	0.04608
CID_6013	R-HSA-1430728_R-HSA-163685_R-HSA-422356_R-HSA-400042_Q9NY47	-0.38777	0.00500	0.04608
CID_6013	R-HSA-1430728_R-HSA-163685_R-HSA-422356_R-HSA-400042_Q08289	-0.91183	0.00500	0.04608
CID_6013	R-HSA-1430728_R-HSA-163685_R-HSA-422356_R-HSA-381676_Q9BQ31	0.58376	0.00500	0.04608
CID_6013	R-HSA-1430728_R-HSA-196854_R-HSA-196849_R-HSA-196741_Q9UBK8	-5.04823	0.00500	0.04608
CID_6013	R-HSA-1430728_R-HSA-196854_R-HSA-196849_R-HSA-196780_P05165	-9.86146	0.00500	0.04608
CID_6013	R-HSA-1430728_R-HSA-196854_R-HSA-196849_R-HSA-196757_Q96NT5	-5.01630	0.00500	0.04608
CID_6013	R-HSA-1430728_R-HSA-196854_R-HSA-196849_R-HSA-196757_P41440	-5.10034	0.00500	0.04608
CID_6013	R-HSA-1430728_R-HSA-196854_R-HSA-196849_R-HSA-196757_P34897	-5.61436	0.00500	0.04608
CID_6013	R-HSA-1430728_R-HSA-196854_R-HSA-196849_R-HSA-196757_P34896	-5.61311	0.00500	0.04608
CID_6013	R-HSA-74160_R-HSA-212165_R-HSA-5250941_R-HSA-427359_Q96EB6	-1.30930	0.00500	0.04608
CID_6013	R-HSA-1430728_R-HSA-196854_R-HSA-196849_R-HSA-196807_R-HSA-197264_Q16647	-5.19597	0.00500	0.04608
CID_6013	R-HSA-1430728_R-HSA-71387_R-HSA-70326_R-HSA-70171_R-HSA-9634600_P62714	-4.94542	0.00500	0.04608
CID_6013	R-HSA-1430728_R-HSA-211859_R-HSA-211945_R-HSA-211897_R-HSA-211976_P19793	-5.49998	0.00500	0.04608
CID_6013	R-HSA-74160_R-HSA-73857_R-HSA-212436_R-HSA-8878159_R-HSA-8941855_P04637	-3.04547	0.00500	0.04608
CID_6013	R-HSA-74160_R-HSA-73857_R-HSA-212436_R-HSA-8878171_R-HSA-8934593_P12931	-3.93268	0.00500	0.04608
CID_6013	R-HSA-1430728_R-HSA-211859_R-HSA-156580_R-HSA-156587_R-HSA-159424_R-HSA-177128_Q6IB77	-10.12597	0.00500	0.04608
CID_6013	R-HSA-1430728_R-HSA-211859_R-HSA-156580_R-HSA-156587_R-HSA-159424_R-HSA-177135_Q6IB77	-11.83912	0.00500	0.04608
CID_60149	R-HSA-1430728_R-HSA-1483249_R-HSA-1855204_P0DP23	-2.83750	0.00000	0.00000
CID_60149	R-HSA-1430728_R-HSA-202131_R-HSA-203615_P0DP23	-2.27605	0.00000	0.00000
CID_60149	R-HSA-1430728_R-HSA-202131_R-HSA-203615_P29474	-2.44686	0.00000	0.00000
CID_60149	R-HSA-1430728_R-HSA-15869_R-HSA-499943_P04818	-2.94965	0.00000	0.00000
CID_60149	R-HSA-1430728_R-HSA-163685_R-HSA-163765_P30613	-1.83113	0.00000	0.00000
CID_60149	R-HSA-1430728_R-HSA-163685_R-HSA-163767_P62714	-2.93856	0.00000	0.00000
CID_60149	R-HSA-1430728_R-HSA-163685_R-HSA-163767_P67775	-3.23195	0.00000	0.00000
CID_60149	R-HSA-1430728_R-HSA-71291_R-HSA-389661_Q02218	-3.02450	0.00000	0.00000
CID_60149	R-HSA-1430728_R-HSA-71291_R-HSA-389661_O14561	-3.98217	0.00000	0.00000
CID_60149	R-HSA-1430728_R-HSA-71291_R-HSA-389661_P11177	-4.06211	0.00000	0.00000
CID_60149	R-HSA-1430728_R-HSA-71291_R-HSA-70895_P54687	-3.20910	0.00000	0.00000
CID_60149	R-HSA-1430728_R-HSA-71291_R-HSA-71288_P48066	-3.22880	0.00000	0.00000
CID_60149	R-HSA-1430728_R-HSA-71291_R-HSA-70921_P50135	-3.61403	0.00000	0.00000
CID_60149	R-HSA-1430728_R-HSA-71291_R-HSA-71064_Q02218	-2.98320	0.00000	0.00000
CID_60149	R-HSA-1430728_R-HSA-15869_R-HSA-8956319_R-HSA-73621_P19971	-4.00943	0.00000	0.00000
CID_60149	R-HSA-1430728_R-HSA-15869_R-HSA-8956319_R-HSA-73621_Q16831	-4.26566	0.00000	0.00000
CID_60149	R-HSA-1430728_R-HSA-15869_R-HSA-8956321_R-HSA-74217_P00813	-3.97042	0.00000	0.00000
CID_60149	R-HSA-1430728_R-HSA-15869_R-HSA-8956321_R-HSA-73614_P19971	-4.34677	0.00000	0.00000
CID_60149	R-HSA-1430728_R-HSA-15869_R-HSA-8956321_R-HSA-73614_Q16831	-4.60300	0.00000	0.00000
CID_60149	R-HSA-1430728_R-HSA-163685_R-HSA-422356_R-HSA-400042_Q01668	-1.08671	0.00000	0.00000
CID_60149	R-HSA-1430728_R-HSA-163685_R-HSA-422356_R-HSA-400042_Q13936	-1.23360	0.00000	0.00000
CID_60149	R-HSA-1430728_R-HSA-163685_R-HSA-422356_R-HSA-400042_Q9NY47	-1.00448	0.00000	0.00000
CID_60149	R-HSA-1430728_R-HSA-163685_R-HSA-422356_R-HSA-400042_Q08289	-1.52854	0.00000	0.00000
CID_60149	R-HSA-1430728_R-HSA-163685_R-HSA-422356_R-HSA-381676_Q9BQ31	-0.03523	0.00000	0.00000
CID_60149	R-HSA-1430728_R-HSA-71291_R-HSA-209776_R-HSA-209931_P17752	-3.74142	0.00000	0.00000
CID_60149	R-HSA-1430728_R-HSA-71291_R-HSA-2408522_R-HSA-2408557_P39023	-3.53977	0.00000	0.00000
CID_60149	R-HSA-1430728_R-HSA-71291_R-HSA-2408522_R-HSA-2408508_P50135	-4.86959	0.00000	0.00000
CID_60149	R-HSA-1430728_R-HSA-71291_R-HSA-2408522_R-HSA-2408508_P40261	-4.72423	0.00000	0.00000
CID_60149	R-HSA-1430728_R-HSA-71291_R-HSA-351202_R-HSA-350562_P20618	-3.40327	0.00000	0.00000
CID_60149	R-HSA-1430728_R-HSA-71291_R-HSA-351202_R-HSA-350562_P49721	-3.64670	0.00000	0.00000
CID_60149	R-HSA-1430728_R-HSA-71291_R-HSA-351202_R-HSA-350562_P28074	-3.36909	0.00000	0.00000
CID_60149	R-HSA-1430728_R-HSA-71291_R-HSA-351202_R-HSA-350562_P28062	-3.92876	0.00000	0.00000
CID_60149	R-HSA-1430728_R-HSA-71291_R-HSA-351202_R-HSA-350562_P25786	-3.87307	0.00000	0.00000
CID_60149	R-HSA-1430728_R-HSA-71291_R-HSA-351202_R-HSA-350562_Q99460	-3.83228	0.00000	0.00000
CID_60149	R-HSA-1430728_R-HSA-71291_R-HSA-351202_R-HSA-350562_Q13200	-3.90384	0.00000	0.00000
CID_60149	R-HSA-1430728_R-HSA-1428517_R-HSA-163200_R-HSA-163210_P30049	-4.70230	0.00000	0.00000
CID_60149	R-HSA-1430728_R-HSA-1428517_R-HSA-71406_R-HSA-71403_Q02218	-4.54811	0.00000	0.00000
CID_60149	R-HSA-1430728_R-HSA-196854_R-HSA-6806667_R-HSA-975634_O95237	-5.90266	0.00000	0.00000
CID_60149	R-HSA-1430728_R-HSA-196854_R-HSA-6806667_R-HSA-975634_P02753	-5.99631	0.00000	0.00000
CID_60149	R-HSA-1430728_R-HSA-196854_R-HSA-6806667_R-HSA-975634_P50120	-6.10678	0.00000	0.00000
CID_60149	R-HSA-1430728_R-HSA-196854_R-HSA-6806667_R-HSA-975634_P09455	-5.95497	0.00000	0.00000
CID_60149	R-HSA-1430728_R-HSA-196854_R-HSA-8978934_R-HSA-1474151_P0DP23	-4.11978	0.00000	0.00000
CID_60149	R-HSA-1430728_R-HSA-196854_R-HSA-8978934_R-HSA-1474151_P29474	-4.29059	0.00000	0.00000
CID_60149	R-HSA-1430728_R-HSA-196854_R-HSA-196849_R-HSA-196741_P33527	-6.05660	0.00000	0.00000
CID_60149	R-HSA-1430728_R-HSA-196854_R-HSA-196849_R-HSA-196741_Q9UBK8	-7.15293	0.00000	0.00000
CID_60149	R-HSA-1430728_R-HSA-196854_R-HSA-196849_R-HSA-196741_O60494	-7.03633	0.00000	0.00000
CID_60149	R-HSA-1430728_R-HSA-196854_R-HSA-196849_R-HSA-196780_P11498	-4.89967	0.00000	0.00000
CID_60149	R-HSA-1430728_R-HSA-196854_R-HSA-196849_R-HSA-196780_Q9Y289	-7.28352	0.00000	0.00000
CID_60149	R-HSA-1430728_R-HSA-196854_R-HSA-196849_R-HSA-196757_Q96NT5	-5.76135	0.00000	0.00000
CID_60149	R-HSA-1430728_R-HSA-196854_R-HSA-196849_R-HSA-196757_P41440	-5.84546	0.00000	0.00000
CID_60149	R-HSA-1430728_R-HSA-196854_R-HSA-196849_R-HSA-196757_P34897	-6.35941	0.00000	0.00000
CID_60149	R-HSA-1430728_R-HSA-196854_R-HSA-196849_R-HSA-196757_P34896	-6.35816	0.00000	0.00000
CID_60149	R-HSA-1430728_R-HSA-196854_R-HSA-196849_R-HSA-196836_P78417	-5.02387	0.00000	0.00000
CID_60149	R-HSA-1430728_R-HSA-196854_R-HSA-196849_R-HSA-196836_Q9UHI7	-4.82839	0.00000	0.00000
CID_60149	R-HSA-1430728_R-HSA-71387_R-HSA-8982491_R-HSA-70221_P0DP23	-2.89714	0.00000	0.00000
CID_60149	R-HSA-1430728_R-HSA-71387_R-HSA-8982491_R-HSA-70221_P06737	-5.69639	0.00000	0.00000
CID_60149	R-HSA-1430728_R-HSA-71387_R-HSA-70326_R-HSA-70263_P11498	-4.57498	0.00000	0.00000
CID_60149	R-HSA-1430728_R-HSA-71387_R-HSA-70326_R-HSA-70263_P00558	-4.82295	0.00000	0.00000
CID_60149	R-HSA-1430728_R-HSA-1428517_R-HSA-163200_R-HSA-611105_R-HSA-6799198_P19404	-7.56472	0.00000	0.00000
CID_60149	R-HSA-1430728_R-HSA-1428517_R-HSA-163200_R-HSA-611105_R-HSA-6799198_Q16795	-7.56402	0.00000	0.00000
CID_60149	R-HSA-1430728_R-HSA-1428517_R-HSA-163200_R-HSA-611105_R-HSA-6799198_P51970	-7.56545	0.00000	0.00000
CID_60149	R-HSA-1430728_R-HSA-1428517_R-HSA-163200_R-HSA-611105_R-HSA-6799198_O95182	-7.56553	0.00000	0.00000
CID_60149	R-HSA-1430728_R-HSA-1428517_R-HSA-163200_R-HSA-611105_R-HSA-6799198_P56556	-7.56433	0.00000	0.00000
CID_60149	R-HSA-1430728_R-HSA-1428517_R-HSA-163200_R-HSA-611105_R-HSA-6799198_Q16718	-7.56450	0.00000	0.00000
CID_60149	R-HSA-1430728_R-HSA-1428517_R-HSA-163200_R-HSA-611105_R-HSA-6799198_O95167	-7.56432	0.00000	0.00000
CID_60149	R-HSA-1430728_R-HSA-1428517_R-HSA-163200_R-HSA-611105_R-HSA-6799198_O43678	-7.56408	0.00000	0.00000
CID_60149	R-HSA-1430728_R-HSA-1428517_R-HSA-163200_R-HSA-611105_R-HSA-6799198_O15239	-7.56464	0.00000	0.00000
CID_60149	R-HSA-1430728_R-HSA-1428517_R-HSA-163200_R-HSA-611105_R-HSA-6799198_O95299	-7.56428	0.00000	0.00000
CID_60149	R-HSA-1430728_R-HSA-1428517_R-HSA-163200_R-HSA-611105_R-HSA-6799198_O14561	-6.71551	0.00000	0.00000
CID_60149	R-HSA-1430728_R-HSA-1428517_R-HSA-163200_R-HSA-611105_R-HSA-6799198_O75438	-7.56517	0.00000	0.00000
CID_60149	R-HSA-1430728_R-HSA-1428517_R-HSA-163200_R-HSA-611105_R-HSA-6799198_O95178	-7.56497	0.00000	0.00000
CID_60149	R-HSA-1430728_R-HSA-1428517_R-HSA-163200_R-HSA-611105_R-HSA-6799198_O00217	-7.56443	0.00000	0.00000
CID_60149	R-HSA-1430728_R-HSA-1428517_R-HSA-163200_R-HSA-611105_R-HSA-6799198_O75380	-7.56497	0.00000	0.00000
CID_60149	R-HSA-1430728_R-HSA-1428517_R-HSA-163200_R-HSA-611105_R-HSA-6799198_O43920	-7.56468	0.00000	0.00000
CID_60149	R-HSA-1430728_R-HSA-1428517_R-HSA-163200_R-HSA-611105_R-HSA-6799198_O43181	-7.56403	0.00000	0.00000
CID_60149	R-HSA-1430728_R-HSA-1428517_R-HSA-163200_R-HSA-611105_R-HSA-6799198_P49821	-7.56404	0.00000	0.00000
CID_60149	R-HSA-1430728_R-HSA-1428517_R-HSA-163200_R-HSA-611105_R-HSA-6799198_O75489	-7.56452	0.00000	0.00000
CID_60149	R-HSA-1430728_R-HSA-1428517_R-HSA-163200_R-HSA-611105_R-HSA-6799198_O75306	-7.56528	0.00000	0.00000
CID_60149	R-HSA-1430728_R-HSA-1428517_R-HSA-163200_R-HSA-611105_R-HSA-6799198_P56181	-7.56397	0.00000	0.00000
CID_60149	R-HSA-1430728_R-HSA-1428517_R-HSA-163200_R-HSA-611105_R-HSA-6799198_P28331	-7.56416	0.00000	0.00000
CID_60149	R-HSA-1430728_R-HSA-1428517_R-HSA-163200_R-HSA-611105_R-HSA-6799198_O95298	-7.56446	0.00000	0.00000
CID_60149	R-HSA-1430728_R-HSA-1428517_R-HSA-163200_R-HSA-611105_R-HSA-6799198_O43677	-7.56431	0.00000	0.00000
CID_60149	R-HSA-1430728_R-HSA-1428517_R-HSA-163200_R-HSA-611105_R-HSA-6799198_Q9Y6M9	-7.56456	0.00000	0.00000
CID_60149	R-HSA-1430728_R-HSA-1428517_R-HSA-163200_R-HSA-611105_R-HSA-6799198_O95169	-7.56470	0.00000	0.00000
CID_60149	R-HSA-1430728_R-HSA-1428517_R-HSA-163200_R-HSA-611105_R-HSA-6799198_P17568	-7.56456	0.00000	0.00000
CID_60149	R-HSA-1430728_R-HSA-1428517_R-HSA-163200_R-HSA-611105_R-HSA-6799198_O95139	-7.56463	0.00000	0.00000
CID_60149	R-HSA-1430728_R-HSA-1428517_R-HSA-163200_R-HSA-611105_R-HSA-6799198_O43674	-7.56472	0.00000	0.00000
CID_60149	R-HSA-1430728_R-HSA-1428517_R-HSA-163200_R-HSA-611105_R-HSA-6799198_O95168	-7.56458	0.00000	0.00000
CID_60149	R-HSA-1430728_R-HSA-1428517_R-HSA-163200_R-HSA-611105_R-HSA-6799198_O43676	-7.56417	0.00000	0.00000
CID_60149	R-HSA-1430728_R-HSA-1428517_R-HSA-71406_R-HSA-70268_R-HSA-204174_P19793	-5.83890	0.00000	0.00000
CID_60149	R-HSA-1430728_R-HSA-1428517_R-HSA-71406_R-HSA-70268_R-HSA-204174_P11177	-7.13452	0.00000	0.00000
CID_60149	R-HSA-1430728_R-HSA-196854_R-HSA-196849_R-HSA-196807_R-HSA-197264_P40261	-5.81772	0.00000	0.00000
CID_60149	R-HSA-1430728_R-HSA-196854_R-HSA-196849_R-HSA-196807_R-HSA-197264_Q16647	-5.99831	0.00000	0.00000
CID_60149	R-HSA-1430728_R-HSA-1475029_Q8N1Q1	-2.49327	0.00500	0.04608
CID_60149	R-HSA-1430728_R-HSA-196854_R-HSA-196849_R-HSA-196780_P05165	-10.60636	0.00500	0.04608
CID_60149	R-HSA-1430728_R-HSA-1428517_R-HSA-163200_R-HSA-611105_R-HSA-6799198_O96000	-7.56443	0.00500	0.04608
CID_60149	R-HSA-1430728_R-HSA-71387_R-HSA-70326_R-HSA-70171_R-HSA-9634600_P62714	-5.80847	0.00500	0.04608
CID_60149	R-HSA-1430728_R-HSA-71387_R-HSA-70326_R-HSA-70171_R-HSA-9634600_P67775	-6.10187	0.00500	0.04608
CID_60164	R-HSA-1430728_R-HSA-1483249_R-HSA-1855204_P0DP23	-4.12326	0.00000	0.00000
CID_60164	R-HSA-1430728_R-HSA-163685_R-HSA-163767_P62714	-3.96949	0.00000	0.00000
CID_60164	R-HSA-1430728_R-HSA-71291_R-HSA-389661_Q02218	-3.94160	0.00000	0.00000
CID_60164	R-HSA-1430728_R-HSA-71291_R-HSA-389661_O14561	-4.93604	0.00000	0.00000
CID_60164	R-HSA-1430728_R-HSA-71291_R-HSA-389661_P11177	-5.00809	0.00000	0.00000
CID_60164	R-HSA-1430728_R-HSA-71291_R-HSA-70895_P24752	-5.17778	0.00000	0.00000
CID_60164	R-HSA-1430728_R-HSA-71291_R-HSA-70895_P54687	-4.17056	0.00000	0.00000
CID_60164	R-HSA-1430728_R-HSA-71291_R-HSA-71288_P48066	-4.22286	0.00000	0.00000
CID_60164	R-HSA-1430728_R-HSA-71291_R-HSA-70921_P50135	-4.55923	0.00000	0.00000
CID_60164	R-HSA-1430728_R-HSA-71291_R-HSA-71064_Q02218	-3.90239	0.00000	0.00000
CID_60164	R-HSA-1430728_R-HSA-163685_R-HSA-422356_R-HSA-400042_Q01668	-3.66659	0.00000	0.00000
CID_60164	R-HSA-1430728_R-HSA-163685_R-HSA-422356_R-HSA-400042_Q13936	-3.81353	0.00000	0.00000
CID_60164	R-HSA-1430728_R-HSA-163685_R-HSA-422356_R-HSA-400042_Q9NY47	-3.58439	0.00000	0.00000
CID_60164	R-HSA-1430728_R-HSA-163685_R-HSA-422356_R-HSA-400042_Q08289	-4.10844	0.00000	0.00000
CID_60164	R-HSA-1430728_R-HSA-163685_R-HSA-422356_R-HSA-381676_Q9BQ31	-2.58618	0.00000	0.00000
CID_60164	R-HSA-1430728_R-HSA-71291_R-HSA-209776_R-HSA-209931_P17752	-5.12773	0.00000	0.00000
CID_60164	R-HSA-1430728_R-HSA-71291_R-HSA-2408522_R-HSA-2408557_P39023	-4.84699	0.00000	0.00000
CID_60164	R-HSA-1430728_R-HSA-71291_R-HSA-2408522_R-HSA-2408508_P50135	-6.18133	0.00000	0.00000
CID_60164	R-HSA-1430728_R-HSA-71291_R-HSA-2408522_R-HSA-2408508_P40261	-6.02679	0.00000	0.00000
CID_60164	R-HSA-1430728_R-HSA-71291_R-HSA-351202_R-HSA-350562_P20618	-4.59935	0.00000	0.00000
CID_60164	R-HSA-1430728_R-HSA-71291_R-HSA-351202_R-HSA-350562_P49721	-4.81967	0.00000	0.00000
CID_60164	R-HSA-1430728_R-HSA-71291_R-HSA-351202_R-HSA-350562_P28074	-4.56248	0.00000	0.00000
CID_60164	R-HSA-1430728_R-HSA-71291_R-HSA-351202_R-HSA-350562_P28062	-5.04886	0.00000	0.00000
CID_60164	R-HSA-1430728_R-HSA-71291_R-HSA-351202_R-HSA-350562_P25786	-5.07895	0.00000	0.00000
CID_60164	R-HSA-1430728_R-HSA-71291_R-HSA-351202_R-HSA-350562_Q99460	-5.04148	0.00000	0.00000
CID_60164	R-HSA-1430728_R-HSA-71291_R-HSA-351202_R-HSA-350562_Q13200	-5.10760	0.00000	0.00000
CID_60164	R-HSA-1430728_R-HSA-196854_R-HSA-8978934_R-HSA-1474151_P0DP23	-5.61875	0.00000	0.00000
CID_60164	R-HSA-1430728_R-HSA-196854_R-HSA-8978934_R-HSA-1474151_P29474	-5.99214	0.00000	0.00000
CID_60164	R-HSA-1430728_R-HSA-196854_R-HSA-196849_R-HSA-196780_Q9Y289	-8.56389	0.00000	0.00000
CID_60164	R-HSA-1430728_R-HSA-196854_R-HSA-196849_R-HSA-196757_P41440	-7.12542	0.00000	0.00000
CID_60164	R-HSA-1430728_R-HSA-71387_R-HSA-8982491_R-HSA-70221_P0DP23	-4.25876	0.00000	0.00000
CID_60164	R-HSA-1430728_R-HSA-71387_R-HSA-8982491_R-HSA-70221_P06737	-6.83622	0.00000	0.00000
CID_60164	R-HSA-1430728_R-HSA-556833_R-HSA-400206_R-HSA-1989781_P04798	-1.79888	0.00000	0.00000
CID_60164	R-HSA-1430728_R-HSA-556833_R-HSA-400206_R-HSA-1989781_P28702	-1.36965	0.00000	0.00000
CID_60164	R-HSA-1430728_R-HSA-556833_R-HSA-400206_R-HSA-1989781_P19793	-3.67139	0.00000	0.00000
CID_60164	R-HSA-1430728_R-HSA-556833_R-HSA-400206_R-HSA-1989781_P35869	-2.46839	0.00000	0.00000
CID_60164	R-HSA-1430728_R-HSA-556833_R-HSA-400206_R-HSA-1989781_O60656	-2.39724	0.00000	0.00000
CID_60164	R-HSA-1430728_R-HSA-556833_R-HSA-400206_R-HSA-1989781_O60427	-2.32809	0.00000	0.00000
CID_60164	R-HSA-1430728_R-HSA-556833_R-HSA-400206_R-HSA-1989781_Q9Y6Q9	-3.05575	0.00000	0.00000
CID_60164	R-HSA-1430728_R-HSA-556833_R-HSA-400206_R-HSA-1989781_O75376	-2.64700	0.00000	0.00000
CID_60164	R-HSA-1430728_R-HSA-1428517_R-HSA-71406_R-HSA-70268_R-HSA-204174_P11177	-8.86887	0.00000	0.00000
CID_60164	R-HSA-1430728_R-HSA-556833_R-HSA-8978868_R-HSA-2142753_R-HSA-2162123_Q16647	-10.29748	0.00000	0.00000
CID_60164	R-HSA-1430728_R-HSA-556833_R-HSA-8978868_R-HSA-77289_R-HSA-71032_P05165	-14.20161	0.00000	0.00000
CID_60164	R-HSA-74160_R-HSA-73857_R-HSA-212436_R-HSA-3700989_R-HSA-5633008_R-HSA-6803204_P04637	-10.21412	0.00000	0.00000
CID_60164	R-HSA-74160_R-HSA-73857_R-HSA-212436_R-HSA-3700989_R-HSA-5633008_R-HSA-6803207_P04637	-9.66519	0.00000	0.00000
CID_60164	R-HSA-74160_R-HSA-73857_R-HSA-212436_R-HSA-3700989_R-HSA-5633008_R-HSA-6803211_P04637	-9.95486	0.00000	0.00000
CID_60164	R-HSA-1430728_R-HSA-202131_R-HSA-203615_P0DP23	-4.24541	0.00500	0.04608
CID_60164	R-HSA-1430728_R-HSA-163685_R-HSA-163765_P30613	-3.54456	0.00500	0.04608
CID_60164	R-HSA-1430728_R-HSA-15869_R-HSA-8956321_R-HSA-73614_Q16831	-6.03706	0.00500	0.04608
CID_60164	R-HSA-1430728_R-HSA-1428517_R-HSA-163200_R-HSA-163210_P30049	-6.13658	0.00500	0.04608
CID_60164	R-HSA-1430728_R-HSA-1428517_R-HSA-71406_R-HSA-71403_Q02218	-5.75468	0.00500	0.04608
CID_60164	R-HSA-1430728_R-HSA-196854_R-HSA-196849_R-HSA-196741_P33527	-6.97694	0.00500	0.04608
CID_60164	R-HSA-1430728_R-HSA-196854_R-HSA-196849_R-HSA-196741_P22033	-6.69429	0.00500	0.04608
CID_60164	R-HSA-1430728_R-HSA-196854_R-HSA-196849_R-HSA-196741_Q9UBK8	-7.05103	0.00500	0.04608
CID_60164	R-HSA-1430728_R-HSA-196854_R-HSA-196849_R-HSA-196741_O60494	-8.31472	0.00500	0.04608
CID_60164	R-HSA-1430728_R-HSA-196854_R-HSA-196849_R-HSA-196780_P11498	-6.10913	0.00500	0.04608
CID_60164	R-HSA-1430728_R-HSA-196854_R-HSA-196849_R-HSA-196757_Q96NT5	-7.04194	0.00500	0.04608
CID_60164	R-HSA-1430728_R-HSA-196854_R-HSA-196849_R-HSA-196757_P34897	-7.64000	0.00500	0.04608
CID_60164	R-HSA-1430728_R-HSA-196854_R-HSA-196849_R-HSA-196757_P34896	-7.63875	0.00500	0.04608
CID_60164	R-HSA-1430728_R-HSA-196854_R-HSA-196849_R-HSA-196836_P78417	-6.16294	0.00500	0.04608
CID_60164	R-HSA-1430728_R-HSA-196854_R-HSA-196849_R-HSA-196836_Q9UHI7	-6.11362	0.00500	0.04608
CID_60164	R-HSA-1430728_R-HSA-71387_R-HSA-70326_R-HSA-70263_P11498	-5.49207	0.00500	0.04608
CID_60164	R-HSA-1430728_R-HSA-71387_R-HSA-70326_R-HSA-70263_P00558	-5.68450	0.00500	0.04608
CID_60164	R-HSA-1430728_R-HSA-556833_R-HSA-8978868_R-HSA-200425_O43741	-7.12172	0.00500	0.04608
CID_60164	R-HSA-74160_R-HSA-73857_R-HSA-212436_R-HSA-383280_P08235	-3.01084	0.00500	0.04608
CID_60164	R-HSA-1430728_R-HSA-1428517_R-HSA-163200_R-HSA-611105_R-HSA-6799198_P19404	-9.48938	0.00500	0.04608
CID_60164	R-HSA-1430728_R-HSA-1428517_R-HSA-163200_R-HSA-611105_R-HSA-6799198_Q16795	-9.48867	0.00500	0.04608
CID_60164	R-HSA-1430728_R-HSA-1428517_R-HSA-163200_R-HSA-611105_R-HSA-6799198_P51970	-9.49013	0.00500	0.04608
CID_60164	R-HSA-1430728_R-HSA-1428517_R-HSA-163200_R-HSA-611105_R-HSA-6799198_O95182	-9.49023	0.00500	0.04608
CID_60164	R-HSA-1430728_R-HSA-1428517_R-HSA-163200_R-HSA-611105_R-HSA-6799198_P56556	-9.48899	0.00500	0.04608
CID_60164	R-HSA-1430728_R-HSA-1428517_R-HSA-163200_R-HSA-611105_R-HSA-6799198_Q16718	-9.48917	0.00500	0.04608
CID_60164	R-HSA-1430728_R-HSA-1428517_R-HSA-163200_R-HSA-611105_R-HSA-6799198_O95167	-9.48898	0.00500	0.04608
CID_60164	R-HSA-1430728_R-HSA-1428517_R-HSA-163200_R-HSA-611105_R-HSA-6799198_O43678	-9.48874	0.00500	0.04608
CID_60164	R-HSA-1430728_R-HSA-1428517_R-HSA-163200_R-HSA-611105_R-HSA-6799198_O15239	-9.48931	0.00500	0.04608
CID_60164	R-HSA-1430728_R-HSA-1428517_R-HSA-163200_R-HSA-611105_R-HSA-6799198_O95299	-9.48893	0.00500	0.04608
CID_60164	R-HSA-1430728_R-HSA-1428517_R-HSA-163200_R-HSA-611105_R-HSA-6799198_O14561	-8.58851	0.00500	0.04608
CID_60164	R-HSA-1430728_R-HSA-1428517_R-HSA-163200_R-HSA-611105_R-HSA-6799198_O75438	-9.48986	0.00500	0.04608
CID_60164	R-HSA-1430728_R-HSA-1428517_R-HSA-163200_R-HSA-611105_R-HSA-6799198_O95178	-9.48965	0.00500	0.04608
CID_60164	R-HSA-1430728_R-HSA-1428517_R-HSA-163200_R-HSA-611105_R-HSA-6799198_O00217	-9.48909	0.00500	0.04608
CID_60164	R-HSA-1430728_R-HSA-1428517_R-HSA-163200_R-HSA-611105_R-HSA-6799198_O75380	-9.48964	0.00500	0.04608
CID_60164	R-HSA-1430728_R-HSA-1428517_R-HSA-163200_R-HSA-611105_R-HSA-6799198_O43920	-9.48934	0.00500	0.04608
CID_60164	R-HSA-1430728_R-HSA-1428517_R-HSA-163200_R-HSA-611105_R-HSA-6799198_O43181	-9.48869	0.00500	0.04608
CID_60164	R-HSA-1430728_R-HSA-1428517_R-HSA-163200_R-HSA-611105_R-HSA-6799198_P49821	-9.48869	0.00500	0.04608
CID_60164	R-HSA-1430728_R-HSA-1428517_R-HSA-163200_R-HSA-611105_R-HSA-6799198_O75489	-9.48919	0.00500	0.04608
CID_60164	R-HSA-1430728_R-HSA-1428517_R-HSA-163200_R-HSA-611105_R-HSA-6799198_O75306	-9.48998	0.00500	0.04608
CID_60164	R-HSA-1430728_R-HSA-1428517_R-HSA-163200_R-HSA-611105_R-HSA-6799198_P56181	-9.48862	0.00500	0.04608
CID_60164	R-HSA-1430728_R-HSA-1428517_R-HSA-163200_R-HSA-611105_R-HSA-6799198_P28331	-9.48881	0.00500	0.04608
CID_60164	R-HSA-1430728_R-HSA-1428517_R-HSA-163200_R-HSA-611105_R-HSA-6799198_O95298	-9.48912	0.00500	0.04608
CID_60164	R-HSA-1430728_R-HSA-1428517_R-HSA-163200_R-HSA-611105_R-HSA-6799198_O43677	-9.48896	0.00500	0.04608
CID_60164	R-HSA-1430728_R-HSA-1428517_R-HSA-163200_R-HSA-611105_R-HSA-6799198_O96000	-9.48908	0.00500	0.04608
CID_60164	R-HSA-1430728_R-HSA-1428517_R-HSA-163200_R-HSA-611105_R-HSA-6799198_Q9Y6M9	-9.48923	0.00500	0.04608
CID_60164	R-HSA-1430728_R-HSA-1428517_R-HSA-163200_R-HSA-611105_R-HSA-6799198_O95169	-9.48936	0.00500	0.04608
CID_60164	R-HSA-1430728_R-HSA-1428517_R-HSA-163200_R-HSA-611105_R-HSA-6799198_P17568	-9.48922	0.00500	0.04608
CID_60164	R-HSA-1430728_R-HSA-1428517_R-HSA-163200_R-HSA-611105_R-HSA-6799198_O95139	-9.48930	0.00500	0.04608
CID_60164	R-HSA-1430728_R-HSA-1428517_R-HSA-163200_R-HSA-611105_R-HSA-6799198_O43674	-9.48939	0.00500	0.04608
CID_60164	R-HSA-1430728_R-HSA-1428517_R-HSA-163200_R-HSA-611105_R-HSA-6799198_O95168	-9.48924	0.00500	0.04608
CID_60164	R-HSA-1430728_R-HSA-1428517_R-HSA-163200_R-HSA-611105_R-HSA-6799198_O43676	-9.48882	0.00500	0.04608
CID_60164	R-HSA-1430728_R-HSA-1428517_R-HSA-71406_R-HSA-70268_R-HSA-204174_P19793	-9.11901	0.00500	0.04608
CID_60164	R-HSA-1430728_R-HSA-196854_R-HSA-196849_R-HSA-196807_R-HSA-197264_P40261	-7.47056	0.00500	0.04608
CID_60164	R-HSA-1430728_R-HSA-196854_R-HSA-196849_R-HSA-196807_R-HSA-197264_Q16647	-7.64958	0.00500	0.04608
CID_60164	R-HSA-1430728_R-HSA-71387_R-HSA-70326_R-HSA-70171_R-HSA-9634600_P67775	-7.06409	0.00500	0.04608
CID_60164	R-HSA-1430728_R-HSA-556833_R-HSA-8978868_R-HSA-2142753_R-HSA-2142670_Q16678	-47.57841	0.00500	0.04608
CID_60164	R-HSA-1430728_R-HSA-556833_R-HSA-8978868_R-HSA-2142753_R-HSA-2142670_P04798	-45.13196	0.00500	0.04608
CID_60164	R-HSA-74160_R-HSA-73857_R-HSA-212436_R-HSA-8878159_R-HSA-8941855_P04637	-5.97684	0.00500	0.04608
CID_60196364	R-HSA-162582_R-HSA-372790_R-HSA-388396_R-HSA-418597_P05771	-7.96362	0.00000	0.00000
CID_60196364	R-HSA-162582_R-HSA-372790_R-HSA-388396_R-HSA-416476_R-HSA-881907_R-HSA-2179392_P17252	-12.58826	0.00000	0.00000
CID_60196364	R-HSA-162582_R-HSA-372790_R-HSA-388396_R-HSA-418594_R-HSA-2187338_R-HSA-2187335_P12271	-14.57770	0.00000	0.00000
CID_60196364	R-HSA-162582_R-HSA-372790_R-HSA-388396_R-HSA-418594_R-HSA-2187338_R-HSA-2187335_P10745	-14.57249	0.00000	0.00000
CID_60196364	R-HSA-162582_R-HSA-372790_R-HSA-388396_R-HSA-418594_R-HSA-2187338_R-HSA-2453902_O95237	-13.54238	0.00000	0.00000
CID_60196364	R-HSA-162582_R-HSA-372790_R-HSA-388396_R-HSA-418594_R-HSA-2187338_R-HSA-2453902_P12271	-13.81788	0.00000	0.00000
CID_60196364	R-HSA-162582_R-HSA-372790_R-HSA-388396_R-HSA-418594_R-HSA-2187338_R-HSA-2453902_P10745	-13.81267	0.00000	0.00000
CID_60196364	R-HSA-162582_R-HSA-372790_R-HSA-388396_R-HSA-418594_R-HSA-2187338_R-HSA-975634_O95237	-13.63989	0.00000	0.00000
CID_60196364	R-HSA-162582_R-HSA-372790_R-HSA-388396_R-HSA-418597_P17252	-8.03314	0.00500	0.04608
CID_60196364	R-HSA-162582_R-HSA-372790_R-HSA-500792_R-HSA-373076_R-HSA-375281_P30968	-8.26460	0.00500	0.04608
CID_60196364	R-HSA-162582_R-HSA-372790_R-HSA-388396_R-HSA-397795_R-HSA-392451_O15530	-10.20049	0.00500	0.04608
CID_60196364	R-HSA-162582_R-HSA-372790_R-HSA-500792_R-HSA-373076_R-HSA-375276_R-HSA-380108_P10145	-10.20733	0.00500	0.04608
CID_60196364	R-HSA-162582_R-HSA-372790_R-HSA-500792_R-HSA-373076_R-HSA-375280_R-HSA-390666_P50406	-8.45779	0.00500	0.04608
CID_60196364	R-HSA-162582_R-HSA-372790_R-HSA-500792_R-HSA-373076_R-HSA-391903_R-HSA-391908_P43088	-12.60929	0.00500	0.04608
CID_60196364	R-HSA-162582_R-HSA-372790_R-HSA-500792_R-HSA-373076_R-HSA-391903_R-HSA-391908_P43116	-11.23387	0.00500	0.04608
CID_60196364	R-HSA-162582_R-HSA-372790_R-HSA-388396_R-HSA-418594_R-HSA-2187338_R-HSA-2187335_O75911	-15.14981	0.00500	0.04608
CID_60196364	R-HSA-162582_R-HSA-372790_R-HSA-388396_R-HSA-418594_R-HSA-2187338_R-HSA-2453902_P02753	-13.61457	0.00500	0.04608
CID_60196364	R-HSA-162582_R-HSA-372790_R-HSA-388396_R-HSA-418594_R-HSA-2187338_R-HSA-2453902_P09455	-13.57161	0.00500	0.04608
CID_60196364	R-HSA-162582_R-HSA-372790_R-HSA-388396_R-HSA-418594_R-HSA-2187338_R-HSA-975634_P02753	-13.71208	0.00500	0.04608
CID_60196364	R-HSA-162582_R-HSA-372790_R-HSA-388396_R-HSA-418594_R-HSA-2187338_R-HSA-975634_P50120	-14.12966	0.00500	0.04608
CID_60196364	R-HSA-162582_R-HSA-372790_R-HSA-388396_R-HSA-418594_R-HSA-2187338_R-HSA-975634_P09455	-13.66912	0.00500	0.04608
CID_60196364	R-HSA-162582_R-HSA-372790_R-HSA-388396_R-HSA-418594_R-HSA-111885_R-HSA-202040_P01189	-13.34551	0.00500	0.04608
CID_60196364	R-HSA-162582_R-HSA-372790_R-HSA-388396_R-HSA-418594_R-HSA-2187338_R-HSA-2514856_R-HSA-2514859_P50579	-13.79565	0.00500	0.04608
CID_60196364	R-HSA-162582_R-HSA-372790_R-HSA-388396_R-HSA-418594_R-HSA-2187338_R-HSA-2514856_R-HSA-2514859_P17252	-13.70909	0.00500	0.04608
CID_60196364	R-HSA-162582_R-HSA-372790_R-HSA-388396_R-HSA-418594_R-HSA-2187338_R-HSA-2514856_R-HSA-2514859_P35913	-14.58535	0.00500	0.04608
CID_60196364	R-HSA-162582_R-HSA-372790_R-HSA-388396_R-HSA-418594_R-HSA-2187338_R-HSA-2514856_R-HSA-2485179_P35913	-15.55435	0.00500	0.04608
CID_6049	R-HSA-162582_R-HSA-372790_R-HSA-388396_R-HSA-418597_P05771	-5.67388	0.00000	0.00000
CID_6049	R-HSA-162582_R-HSA-372790_R-HSA-388396_R-HSA-418597_P17252	-5.74340	0.00000	0.00000
CID_6049	R-HSA-162582_R-HSA-372790_R-HSA-388396_R-HSA-416482_P35348	-6.05742	0.00000	0.00000
CID_6049	R-HSA-162582_R-HSA-372790_R-HSA-500792_R-HSA-373080_R-HSA-420092_Q02643	-5.80690	0.00000	0.00000
CID_6049	R-HSA-162582_R-HSA-372790_R-HSA-500792_R-HSA-373076_R-HSA-375281_P30968	-5.51691	0.00000	0.00000
CID_6049	R-HSA-162582_R-HSA-372790_R-HSA-388396_R-HSA-397795_R-HSA-392451_O15530	-7.45280	0.00000	0.00000
CID_6049	R-HSA-162582_R-HSA-372790_R-HSA-500792_R-HSA-373076_R-HSA-375276_R-HSA-380108_P10145	-7.00170	0.00000	0.00000
CID_6049	R-HSA-162582_R-HSA-372790_R-HSA-500792_R-HSA-373076_R-HSA-375280_R-HSA-390666_P50406	-5.25216	0.00000	0.00000
CID_6049	R-HSA-162582_R-HSA-372790_R-HSA-500792_R-HSA-373076_R-HSA-391903_R-HSA-391908_P43088	-9.40366	0.00000	0.00000
CID_6049	R-HSA-162582_R-HSA-372790_R-HSA-500792_R-HSA-373076_R-HSA-391903_R-HSA-391908_P43116	-8.02824	0.00000	0.00000
CID_6049	R-HSA-162582_R-HSA-372790_R-HSA-388396_R-HSA-416476_R-HSA-881907_R-HSA-2179392_P17252	-9.38263	0.00000	0.00000
CID_6049	R-HSA-162582_R-HSA-372790_R-HSA-388396_R-HSA-418594_R-HSA-2187338_R-HSA-2187335_O75911	-11.94418	0.00000	0.00000
CID_6049	R-HSA-162582_R-HSA-372790_R-HSA-388396_R-HSA-418594_R-HSA-2187338_R-HSA-2187335_P12271	-11.37207	0.00000	0.00000
CID_6049	R-HSA-162582_R-HSA-372790_R-HSA-388396_R-HSA-418594_R-HSA-2187338_R-HSA-2187335_P10745	-11.36685	0.00000	0.00000
CID_6049	R-HSA-162582_R-HSA-372790_R-HSA-388396_R-HSA-418594_R-HSA-2187338_R-HSA-2453902_O95237	-10.34876	0.00000	0.00000
CID_6049	R-HSA-162582_R-HSA-372790_R-HSA-388396_R-HSA-418594_R-HSA-2187338_R-HSA-2453902_P12271	-10.61224	0.00000	0.00000
CID_6049	R-HSA-162582_R-HSA-372790_R-HSA-388396_R-HSA-418594_R-HSA-2187338_R-HSA-2453902_Q92781	-10.87121	0.00000	0.00000
CID_6049	R-HSA-162582_R-HSA-372790_R-HSA-388396_R-HSA-418594_R-HSA-2187338_R-HSA-2453902_P02753	-10.42037	0.00000	0.00000
CID_6049	R-HSA-162582_R-HSA-372790_R-HSA-388396_R-HSA-418594_R-HSA-2187338_R-HSA-2453902_P10745	-10.60703	0.00000	0.00000
CID_6049	R-HSA-162582_R-HSA-372790_R-HSA-388396_R-HSA-418594_R-HSA-2187338_R-HSA-2453902_P09455	-10.37737	0.00000	0.00000
CID_6049	R-HSA-162582_R-HSA-372790_R-HSA-388396_R-HSA-418594_R-HSA-2187338_R-HSA-975634_O95237	-10.46798	0.00000	0.00000
CID_6049	R-HSA-162582_R-HSA-372790_R-HSA-388396_R-HSA-418594_R-HSA-2187338_R-HSA-975634_P02753	-10.53959	0.00000	0.00000
CID_6049	R-HSA-162582_R-HSA-372790_R-HSA-388396_R-HSA-418594_R-HSA-2187338_R-HSA-975634_P50120	-10.96907	0.00000	0.00000
CID_6049	R-HSA-162582_R-HSA-372790_R-HSA-388396_R-HSA-418594_R-HSA-2187338_R-HSA-975634_P09455	-10.49659	0.00000	0.00000
CID_6049	R-HSA-162582_R-HSA-372790_R-HSA-388396_R-HSA-418594_R-HSA-111885_R-HSA-202040_P01189	-10.13988	0.00000	0.00000
CID_6049	R-HSA-162582_R-HSA-372790_R-HSA-388396_R-HSA-418594_R-HSA-2187338_R-HSA-2514856_R-HSA-2514859_P50579	-10.13206	0.00000	0.00000
CID_6049	R-HSA-162582_R-HSA-372790_R-HSA-388396_R-HSA-418594_R-HSA-2187338_R-HSA-2514856_R-HSA-2514859_P17252	-10.04551	0.00000	0.00000
CID_6049	R-HSA-162582_R-HSA-372790_R-HSA-388396_R-HSA-418594_R-HSA-2187338_R-HSA-2514856_R-HSA-2514859_P35913	-10.92176	0.00000	0.00000
CID_6049	R-HSA-162582_R-HSA-372790_R-HSA-388396_R-HSA-418594_R-HSA-2187338_R-HSA-2514856_R-HSA-2485179_P35913	-11.89077	0.00000	0.00000
CID_6049	R-HSA-162582_R-HSA-2586552_P40763	-5.57115	0.00500	0.04608
CID_6049	R-HSA-162582_R-HSA-372790_R-HSA-500792_R-HSA-373076_R-HSA-375280_R-HSA-390666_P28566	-6.71808	0.00500	0.04608
CID_60795	R-HSA-1430728_R-HSA-1483249_R-HSA-1855204_P0DP23	-3.49582	0.00000	0.00000
CID_60795	R-HSA-1430728_R-HSA-202131_R-HSA-203615_P0DP23	-2.93964	0.00000	0.00000
CID_60795	R-HSA-1430728_R-HSA-202131_R-HSA-203615_P29474	-3.11177	0.00000	0.00000
CID_60795	R-HSA-1430728_R-HSA-15869_R-HSA-499943_P04818	-3.60523	0.00000	0.00000
CID_60795	R-HSA-1430728_R-HSA-163685_R-HSA-163765_P30613	-2.49271	0.00000	0.00000
CID_60795	R-HSA-1430728_R-HSA-163685_R-HSA-163767_P62714	-3.59332	0.00000	0.00000
CID_60795	R-HSA-1430728_R-HSA-71291_R-HSA-389661_Q02218	-3.67889	0.00000	0.00000
CID_60795	R-HSA-1430728_R-HSA-71291_R-HSA-389661_P11177	-4.71709	0.00000	0.00000
CID_60795	R-HSA-1430728_R-HSA-71291_R-HSA-70895_P54687	-3.86422	0.00000	0.00000
CID_60795	R-HSA-1430728_R-HSA-71291_R-HSA-71288_P48066	-3.88426	0.00000	0.00000
CID_60795	R-HSA-1430728_R-HSA-71291_R-HSA-70921_P50135	-4.26906	0.00000	0.00000
CID_60795	R-HSA-1430728_R-HSA-71291_R-HSA-71064_Q02218	-3.63761	0.00000	0.00000
CID_60795	R-HSA-1430728_R-HSA-15869_R-HSA-8956319_R-HSA-73621_P19971	-4.86079	0.00000	0.00000
CID_60795	R-HSA-1430728_R-HSA-15869_R-HSA-8956319_R-HSA-73621_Q16831	-5.11702	0.00000	0.00000
CID_60795	R-HSA-1430728_R-HSA-15869_R-HSA-8956321_R-HSA-74217_P00813	-4.82318	0.00000	0.00000
CID_60795	R-HSA-1430728_R-HSA-15869_R-HSA-8956321_R-HSA-73614_P19971	-5.19908	0.00000	0.00000
CID_60795	R-HSA-1430728_R-HSA-15869_R-HSA-8956321_R-HSA-73614_Q16831	-5.45530	0.00000	0.00000
CID_60795	R-HSA-1430728_R-HSA-163685_R-HSA-422356_R-HSA-400042_Q01668	-1.94916	0.00000	0.00000
CID_60795	R-HSA-1430728_R-HSA-163685_R-HSA-422356_R-HSA-400042_Q13936	-2.09605	0.00000	0.00000
CID_60795	R-HSA-1430728_R-HSA-163685_R-HSA-422356_R-HSA-400042_Q9NY47	-1.86693	0.00000	0.00000
CID_60795	R-HSA-1430728_R-HSA-163685_R-HSA-422356_R-HSA-400042_Q08289	-2.39099	0.00000	0.00000
CID_60795	R-HSA-1430728_R-HSA-163685_R-HSA-422356_R-HSA-381676_Q9BQ31	-0.89745	0.00000	0.00000
CID_60795	R-HSA-1430728_R-HSA-71291_R-HSA-209776_R-HSA-209931_P17752	-4.59361	0.00000	0.00000
CID_60795	R-HSA-1430728_R-HSA-71291_R-HSA-2408522_R-HSA-2408557_P39023	-4.39128	0.00000	0.00000
CID_60795	R-HSA-1430728_R-HSA-71291_R-HSA-2408522_R-HSA-2408508_P50135	-5.72111	0.00000	0.00000
CID_60795	R-HSA-1430728_R-HSA-71291_R-HSA-2408522_R-HSA-2408508_P40261	-5.57534	0.00000	0.00000
CID_60795	R-HSA-1430728_R-HSA-71291_R-HSA-351202_R-HSA-350562_P20618	-4.25459	0.00000	0.00000
CID_60795	R-HSA-1430728_R-HSA-71291_R-HSA-351202_R-HSA-350562_P49721	-4.49823	0.00000	0.00000
CID_60795	R-HSA-1430728_R-HSA-71291_R-HSA-351202_R-HSA-350562_P28074	-4.22126	0.00000	0.00000
CID_60795	R-HSA-1430728_R-HSA-71291_R-HSA-351202_R-HSA-350562_P28062	-4.77525	0.00000	0.00000
CID_60795	R-HSA-1430728_R-HSA-71291_R-HSA-351202_R-HSA-350562_P25786	-4.73339	0.00000	0.00000
CID_60795	R-HSA-1430728_R-HSA-71291_R-HSA-351202_R-HSA-350562_Q99460	-4.69135	0.00000	0.00000
CID_60795	R-HSA-1430728_R-HSA-71291_R-HSA-351202_R-HSA-350562_Q13200	-4.76502	0.00000	0.00000
CID_60795	R-HSA-1430728_R-HSA-1428517_R-HSA-71406_R-HSA-71403_Q02218	-5.39590	0.00000	0.00000
CID_60795	R-HSA-1430728_R-HSA-196854_R-HSA-6806667_R-HSA-975634_O95237	-6.73636	0.00000	0.00000
CID_60795	R-HSA-1430728_R-HSA-196854_R-HSA-6806667_R-HSA-975634_P02753	-6.82977	0.00000	0.00000
CID_60795	R-HSA-1430728_R-HSA-196854_R-HSA-6806667_R-HSA-975634_P50120	-6.94287	0.00000	0.00000
CID_60795	R-HSA-1430728_R-HSA-196854_R-HSA-6806667_R-HSA-975634_P09455	-6.78838	0.00000	0.00000
CID_60795	R-HSA-1430728_R-HSA-196854_R-HSA-8978934_R-HSA-1474151_P0DP23	-4.97131	0.00000	0.00000
CID_60795	R-HSA-1430728_R-HSA-196854_R-HSA-8978934_R-HSA-1474151_P29474	-5.14344	0.00000	0.00000
CID_60795	R-HSA-1430728_R-HSA-196854_R-HSA-196849_R-HSA-196741_P33527	-6.90049	0.00000	0.00000
CID_60795	R-HSA-1430728_R-HSA-196854_R-HSA-196849_R-HSA-196741_Q9UBK8	-7.90968	0.00000	0.00000
CID_60795	R-HSA-1430728_R-HSA-196854_R-HSA-196849_R-HSA-196741_O60494	-7.88534	0.00000	0.00000
CID_60795	R-HSA-1430728_R-HSA-196854_R-HSA-196849_R-HSA-196780_P11498	-5.74787	0.00000	0.00000
CID_60795	R-HSA-1430728_R-HSA-196854_R-HSA-196849_R-HSA-196780_Q9Y289	-8.13254	0.00000	0.00000
CID_60795	R-HSA-1430728_R-HSA-196854_R-HSA-196849_R-HSA-196757_Q96NT5	-6.61036	0.00000	0.00000
CID_60795	R-HSA-1430728_R-HSA-196854_R-HSA-196849_R-HSA-196757_P41440	-6.69447	0.00000	0.00000
CID_60795	R-HSA-1430728_R-HSA-196854_R-HSA-196849_R-HSA-196757_P34897	-7.20842	0.00000	0.00000
CID_60795	R-HSA-1430728_R-HSA-196854_R-HSA-196849_R-HSA-196757_P34896	-7.20717	0.00000	0.00000
CID_60795	R-HSA-1430728_R-HSA-196854_R-HSA-196849_R-HSA-196836_P78417	-5.87115	0.00000	0.00000
CID_60795	R-HSA-1430728_R-HSA-196854_R-HSA-196849_R-HSA-196836_Q9UHI7	-5.67742	0.00000	0.00000
CID_60795	R-HSA-1430728_R-HSA-71387_R-HSA-8982491_R-HSA-70221_P0DP23	-3.74794	0.00000	0.00000
CID_60795	R-HSA-1430728_R-HSA-71387_R-HSA-8982491_R-HSA-70221_P06737	-6.54485	0.00000	0.00000
CID_60795	R-HSA-1430728_R-HSA-71387_R-HSA-70326_R-HSA-70263_P11498	-5.41994	0.00000	0.00000
CID_60795	R-HSA-1430728_R-HSA-1428517_R-HSA-163200_R-HSA-611105_R-HSA-6799198_Q16795	-8.61252	0.00000	0.00000
CID_60795	R-HSA-1430728_R-HSA-1428517_R-HSA-163200_R-HSA-611105_R-HSA-6799198_P51970	-8.61395	0.00000	0.00000
CID_60795	R-HSA-1430728_R-HSA-1428517_R-HSA-163200_R-HSA-611105_R-HSA-6799198_O95167	-8.61282	0.00000	0.00000
CID_60795	R-HSA-1430728_R-HSA-1428517_R-HSA-163200_R-HSA-611105_R-HSA-6799198_O43920	-8.61318	0.00000	0.00000
CID_60795	R-HSA-1430728_R-HSA-1428517_R-HSA-163200_R-HSA-611105_R-HSA-6799198_O75306	-8.61378	0.00000	0.00000
CID_60795	R-HSA-1430728_R-HSA-1428517_R-HSA-163200_R-HSA-611105_R-HSA-6799198_O43677	-8.61281	0.00000	0.00000
CID_60795	R-HSA-1430728_R-HSA-1428517_R-HSA-163200_R-HSA-611105_R-HSA-6799198_Q9Y6M9	-8.61306	0.00000	0.00000
CID_60795	R-HSA-1430728_R-HSA-1428517_R-HSA-163200_R-HSA-611105_R-HSA-6799198_P17568	-8.61307	0.00000	0.00000
CID_60795	R-HSA-1430728_R-HSA-1428517_R-HSA-71406_R-HSA-70268_R-HSA-204174_P19793	-6.88480	0.00000	0.00000
CID_60795	R-HSA-1430728_R-HSA-1428517_R-HSA-71406_R-HSA-70268_R-HSA-204174_P11177	-8.17902	0.00000	0.00000
CID_60795	R-HSA-1430728_R-HSA-196854_R-HSA-196849_R-HSA-196807_R-HSA-197264_P40261	-6.86294	0.00000	0.00000
CID_60795	R-HSA-1430728_R-HSA-196854_R-HSA-196849_R-HSA-196807_R-HSA-197264_Q16647	-7.04331	0.00000	0.00000
CID_60795	R-HSA-1430728_R-HSA-1475029_Q8N1Q1	-2.93845	0.00500	0.04608
CID_60795	R-HSA-1430728_R-HSA-163685_R-HSA-163767_P67775	-3.91027	0.00500	0.04608
CID_60795	R-HSA-1430728_R-HSA-71291_R-HSA-389661_O14561	-4.63720	0.00500	0.04608
CID_60795	R-HSA-1430728_R-HSA-1428517_R-HSA-163200_R-HSA-163210_P30049	-5.55327	0.00500	0.04608
CID_60795	R-HSA-1430728_R-HSA-71387_R-HSA-70326_R-HSA-70263_P00558	-5.66715	0.00500	0.04608
CID_60795	R-HSA-1430728_R-HSA-1428517_R-HSA-163200_R-HSA-611105_R-HSA-6799198_P19404	-8.61322	0.00500	0.04608
CID_60795	R-HSA-1430728_R-HSA-1428517_R-HSA-163200_R-HSA-611105_R-HSA-6799198_O95182	-8.61404	0.00500	0.04608
CID_60795	R-HSA-1430728_R-HSA-1428517_R-HSA-163200_R-HSA-611105_R-HSA-6799198_P56556	-8.61283	0.00500	0.04608
CID_60795	R-HSA-1430728_R-HSA-1428517_R-HSA-163200_R-HSA-611105_R-HSA-6799198_Q16718	-8.61300	0.00500	0.04608
CID_60795	R-HSA-1430728_R-HSA-1428517_R-HSA-163200_R-HSA-611105_R-HSA-6799198_O43678	-8.61259	0.00500	0.04608
CID_60795	R-HSA-1430728_R-HSA-1428517_R-HSA-163200_R-HSA-611105_R-HSA-6799198_O15239	-8.61314	0.00500	0.04608
CID_60795	R-HSA-1430728_R-HSA-1428517_R-HSA-163200_R-HSA-611105_R-HSA-6799198_O95299	-8.61278	0.00500	0.04608
CID_60795	R-HSA-1430728_R-HSA-1428517_R-HSA-163200_R-HSA-611105_R-HSA-6799198_O14561	-7.76374	0.00500	0.04608
CID_60795	R-HSA-1430728_R-HSA-1428517_R-HSA-163200_R-HSA-611105_R-HSA-6799198_O75438	-8.61368	0.00500	0.04608
CID_60795	R-HSA-1430728_R-HSA-1428517_R-HSA-163200_R-HSA-611105_R-HSA-6799198_O95178	-8.61347	0.00500	0.04608
CID_60795	R-HSA-1430728_R-HSA-1428517_R-HSA-163200_R-HSA-611105_R-HSA-6799198_O00217	-8.61293	0.00500	0.04608
CID_60795	R-HSA-1430728_R-HSA-1428517_R-HSA-163200_R-HSA-611105_R-HSA-6799198_O75380	-8.61347	0.00500	0.04608
CID_60795	R-HSA-1430728_R-HSA-1428517_R-HSA-163200_R-HSA-611105_R-HSA-6799198_O43181	-8.61254	0.00500	0.04608
CID_60795	R-HSA-1430728_R-HSA-1428517_R-HSA-163200_R-HSA-611105_R-HSA-6799198_P49821	-8.61254	0.00500	0.04608
CID_60795	R-HSA-1430728_R-HSA-1428517_R-HSA-163200_R-HSA-611105_R-HSA-6799198_O75489	-8.61302	0.00500	0.04608
CID_60795	R-HSA-1430728_R-HSA-1428517_R-HSA-163200_R-HSA-611105_R-HSA-6799198_P56181	-8.61247	0.00500	0.04608
CID_60795	R-HSA-1430728_R-HSA-1428517_R-HSA-163200_R-HSA-611105_R-HSA-6799198_P28331	-8.61266	0.00500	0.04608
CID_60795	R-HSA-1430728_R-HSA-1428517_R-HSA-163200_R-HSA-611105_R-HSA-6799198_O95298	-8.61296	0.00500	0.04608
CID_60795	R-HSA-1430728_R-HSA-1428517_R-HSA-163200_R-HSA-611105_R-HSA-6799198_O96000	-8.61293	0.00500	0.04608
CID_60795	R-HSA-1430728_R-HSA-1428517_R-HSA-163200_R-HSA-611105_R-HSA-6799198_O95169	-8.61320	0.00500	0.04608
CID_60795	R-HSA-1430728_R-HSA-1428517_R-HSA-163200_R-HSA-611105_R-HSA-6799198_O95139	-8.61313	0.00500	0.04608
CID_60795	R-HSA-1430728_R-HSA-1428517_R-HSA-163200_R-HSA-611105_R-HSA-6799198_O43674	-8.61323	0.00500	0.04608
CID_60795	R-HSA-1430728_R-HSA-1428517_R-HSA-163200_R-HSA-611105_R-HSA-6799198_O95168	-8.61308	0.00500	0.04608
CID_60795	R-HSA-1430728_R-HSA-1428517_R-HSA-163200_R-HSA-611105_R-HSA-6799198_O43676	-8.61267	0.00500	0.04608
CID_60795	R-HSA-1430728_R-HSA-71387_R-HSA-70326_R-HSA-70171_R-HSA-9634600_P62714	-6.84948	0.00500	0.04608
CID_60795	R-HSA-1430728_R-HSA-71387_R-HSA-70326_R-HSA-70171_R-HSA-9634600_P67775	-7.16644	0.00500	0.04608
CID_6167	R-HSA-1430728_R-HSA-163685_R-HSA-163767_P62714	-4.21289	0.00000	0.00000
CID_6167	R-HSA-1430728_R-HSA-71291_R-HSA-389661_P11177	-5.21517	0.00000	0.00000
CID_6167	R-HSA-1430728_R-HSA-71291_R-HSA-71064_Q02218	-4.10604	0.00000	0.00000
CID_6167	R-HSA-1430728_R-HSA-15869_R-HSA-8956319_R-HSA-73621_P19971	-5.73376	0.00000	0.00000
CID_6167	R-HSA-1430728_R-HSA-15869_R-HSA-8956319_R-HSA-73621_Q16831	-5.98947	0.00000	0.00000
CID_6167	R-HSA-1430728_R-HSA-15869_R-HSA-8956321_R-HSA-73614_P19971	-6.14477	0.00000	0.00000
CID_6167	R-HSA-1430728_R-HSA-15869_R-HSA-8956321_R-HSA-73614_Q16831	-6.40047	0.00000	0.00000
CID_6167	R-HSA-1430728_R-HSA-163685_R-HSA-422356_R-HSA-400042_Q01668	-4.20205	0.00000	0.00000
CID_6167	R-HSA-1430728_R-HSA-163685_R-HSA-422356_R-HSA-400042_Q13936	-4.34903	0.00000	0.00000
CID_6167	R-HSA-1430728_R-HSA-163685_R-HSA-422356_R-HSA-400042_Q9NY47	-4.11988	0.00000	0.00000
CID_6167	R-HSA-1430728_R-HSA-163685_R-HSA-422356_R-HSA-400042_Q08289	-4.64393	0.00000	0.00000
CID_6167	R-HSA-1430728_R-HSA-71291_R-HSA-351202_R-HSA-350562_P20618	-5.20951	0.00000	0.00000
CID_6167	R-HSA-1430728_R-HSA-71291_R-HSA-351202_R-HSA-350562_P49721	-5.43448	0.00000	0.00000
CID_6167	R-HSA-1430728_R-HSA-71291_R-HSA-351202_R-HSA-350562_P28074	-5.17528	0.00000	0.00000
CID_6167	R-HSA-1430728_R-HSA-71291_R-HSA-351202_R-HSA-350562_P28062	-5.69283	0.00000	0.00000
CID_6167	R-HSA-1430728_R-HSA-71291_R-HSA-351202_R-HSA-350562_P25786	-5.64116	0.00000	0.00000
CID_6167	R-HSA-1430728_R-HSA-71291_R-HSA-351202_R-HSA-350562_Q99460	-5.60645	0.00000	0.00000
CID_6167	R-HSA-1430728_R-HSA-71291_R-HSA-351202_R-HSA-350562_Q13200	-5.66681	0.00000	0.00000
CID_6167	R-HSA-1430728_R-HSA-196854_R-HSA-196849_R-HSA-196741_Q9UBK8	-7.56485	0.00000	0.00000
CID_6167	R-HSA-1430728_R-HSA-556833_R-HSA-400206_R-HSA-1989781_P04798	-1.99765	0.00000	0.00000
CID_6167	R-HSA-1430728_R-HSA-556833_R-HSA-400206_R-HSA-1989781_P19793	-2.07443	0.00000	0.00000
CID_6167	R-HSA-1430728_R-HSA-556833_R-HSA-400206_R-HSA-1989781_P35869	-2.37333	0.00000	0.00000
CID_6167	R-HSA-1430728_R-HSA-556833_R-HSA-400206_R-HSA-1989781_O60656	-2.55749	0.00000	0.00000
CID_6167	R-HSA-1430728_R-HSA-556833_R-HSA-400206_R-HSA-1989781_P21439	-1.58138	0.00000	0.00000
CID_6167	R-HSA-1430728_R-HSA-556833_R-HSA-400206_R-HSA-1989781_O60427	-2.52373	0.00000	0.00000
CID_6167	R-HSA-1430728_R-HSA-556833_R-HSA-400206_R-HSA-1989781_Q9Y6Q9	-3.21197	0.00000	0.00000
CID_6167	R-HSA-1430728_R-HSA-1428517_R-HSA-71406_R-HSA-70268_R-HSA-204174_P19793	-7.57030	0.00000	0.00000
CID_6167	R-HSA-1430728_R-HSA-1428517_R-HSA-71406_R-HSA-70268_R-HSA-204174_P11177	-9.00550	0.00000	0.00000
CID_6167	R-HSA-1430728_R-HSA-196854_R-HSA-196849_R-HSA-196807_R-HSA-197264_Q16647	-7.93201	0.00000	0.00000
CID_6167	R-HSA-1430728_R-HSA-71387_R-HSA-70326_R-HSA-70171_R-HSA-9634600_P62714	-7.39607	0.00000	0.00000
CID_6167	R-HSA-1430728_R-HSA-71387_R-HSA-70326_R-HSA-70171_R-HSA-9634600_P67775	-7.44333	0.00000	0.00000
CID_6167	R-HSA-1430728_R-HSA-556833_R-HSA-1483257_R-HSA-1483255_R-HSA-1660499_O00750	-9.15736	0.00000	0.00000
CID_6167	R-HSA-1430728_R-HSA-556833_R-HSA-1483257_R-HSA-1483255_R-HSA-1660499_Q8TBX8	-8.41786	0.00000	0.00000
CID_6167	R-HSA-1430728_R-HSA-556833_R-HSA-8978868_R-HSA-2142753_R-HSA-2142670_Q16678	-45.92703	0.00000	0.00000
CID_6167	R-HSA-1430728_R-HSA-556833_R-HSA-8978868_R-HSA-2142753_R-HSA-2142670_P04798	-44.81728	0.00000	0.00000
CID_6167	R-HSA-1430728_R-HSA-556833_R-HSA-8978868_R-HSA-2142753_R-HSA-2142816_P04798	-8.28477	0.00000	0.00000
CID_6167	R-HSA-1430728_R-HSA-556833_R-HSA-8978868_R-HSA-2142753_R-HSA-2162123_Q16647	-9.83570	0.00000	0.00000
CID_6167	R-HSA-1430728_R-HSA-1475029_Q8N1Q1	-2.50585	0.00500	0.04608
CID_6167	R-HSA-1430728_R-HSA-15869_R-HSA-499943_P04818	-4.25690	0.00500	0.04608
CID_6167	R-HSA-1430728_R-HSA-163685_R-HSA-163767_P67775	-4.26015	0.00500	0.04608
CID_6167	R-HSA-1430728_R-HSA-71291_R-HSA-389661_Q02218	-4.14681	0.00500	0.04608
CID_6167	R-HSA-1430728_R-HSA-71291_R-HSA-389661_O14561	-5.13968	0.00500	0.04608
CID_6167	R-HSA-1430728_R-HSA-71291_R-HSA-70895_P24752	-4.69484	0.00500	0.04608
CID_6167	R-HSA-1430728_R-HSA-71291_R-HSA-70895_P54687	-4.36988	0.00500	0.04608
CID_6167	R-HSA-1430728_R-HSA-71291_R-HSA-71288_P48066	-4.42590	0.00500	0.04608
CID_6167	R-HSA-1430728_R-HSA-71291_R-HSA-70921_P50135	-4.76533	0.00500	0.04608
CID_6167	R-HSA-1430728_R-HSA-211859_R-HSA-5423646_P10620	-6.35849	0.00500	0.04608
CID_6167	R-HSA-1430728_R-HSA-211859_R-HSA-5423646_O14880	-6.34789	0.00500	0.04608
CID_6167	R-HSA-1430728_R-HSA-163685_R-HSA-422356_R-HSA-381676_Q9BQ31	-3.10347	0.00500	0.04608
CID_6167	R-HSA-1430728_R-HSA-71291_R-HSA-209776_R-HSA-209931_P17752	-5.39075	0.00500	0.04608
CID_6167	R-HSA-1430728_R-HSA-71291_R-HSA-2408522_R-HSA-2408557_P39023	-5.11330	0.00500	0.04608
CID_6167	R-HSA-1430728_R-HSA-71291_R-HSA-2408522_R-HSA-2408508_P50135	-6.44907	0.00500	0.04608
CID_6167	R-HSA-1430728_R-HSA-71291_R-HSA-2408522_R-HSA-2408508_P40261	-6.28816	0.00500	0.04608
CID_6167	R-HSA-1430728_R-HSA-1428517_R-HSA-71406_R-HSA-71403_Q02218	-5.96559	0.00500	0.04608
CID_6167	R-HSA-1430728_R-HSA-196854_R-HSA-196849_R-HSA-196741_P33527	-7.14459	0.00500	0.04608
CID_6167	R-HSA-1430728_R-HSA-196854_R-HSA-196849_R-HSA-196741_P22033	-6.72027	0.00500	0.04608
CID_6167	R-HSA-1430728_R-HSA-196854_R-HSA-196849_R-HSA-196780_Q9Y289	-8.79175	0.00500	0.04608
CID_6167	R-HSA-1430728_R-HSA-71387_R-HSA-8982491_R-HSA-70221_P06737	-7.15234	0.00500	0.04608
CID_6167	R-HSA-1430728_R-HSA-71387_R-HSA-70326_R-HSA-70263_P11498	-5.78719	0.00500	0.04608
CID_6167	R-HSA-1430728_R-HSA-71387_R-HSA-70326_R-HSA-70263_P00558	-5.98609	0.00500	0.04608
CID_6167	R-HSA-1430728_R-HSA-556833_R-HSA-74182_R-HSA-77111_P24752	-7.41100	0.00500	0.04608
CID_6167	R-HSA-1430728_R-HSA-556833_R-HSA-8978868_R-HSA-200425_P19793	-5.62972	0.00500	0.04608
CID_6167	R-HSA-1430728_R-HSA-556833_R-HSA-8978868_R-HSA-200425_O43741	-6.61731	0.00500	0.04608
CID_6167	R-HSA-1430728_R-HSA-1428517_R-HSA-163200_R-HSA-611105_R-HSA-6799198_P51970	-9.69299	0.00500	0.04608
CID_6167	R-HSA-1430728_R-HSA-1428517_R-HSA-163200_R-HSA-611105_R-HSA-6799198_P17568	-9.69208	0.00500	0.04608
CID_6167	R-HSA-1430728_R-HSA-211859_R-HSA-211945_R-HSA-211897_R-HSA-211976_Q16678	-7.73295	0.00500	0.04608
CID_6167	R-HSA-1430728_R-HSA-211859_R-HSA-211945_R-HSA-211897_R-HSA-211976_Q16647	-7.62761	0.00500	0.04608
CID_6167	R-HSA-1430728_R-HSA-556833_R-HSA-1483257_R-HSA-1483206_R-HSA-1482798_P47712	-9.31144	0.00500	0.04608
CID_6167	R-HSA-1430728_R-HSA-556833_R-HSA-8978868_R-HSA-2046104_R-HSA-2046106_O60427	-8.70613	0.00500	0.04608
CID_6167	R-HSA-1430728_R-HSA-556833_R-HSA-8978868_R-HSA-2142753_R-HSA-2142670_P34913	-84.49876	0.00500	0.04608
CID_6167	R-HSA-1430728_R-HSA-556833_R-HSA-8978868_R-HSA-2142753_R-HSA-2142816_Q16678	-9.39452	0.00500	0.04608
CID_6167	R-HSA-1430728_R-HSA-556833_R-HSA-8978868_R-HSA-2142753_R-HSA-2142691_P33527	-9.47638	0.00500	0.04608
CID_6167	R-HSA-1430728_R-HSA-556833_R-HSA-8978868_R-HSA-2142753_R-HSA-2162123_P16152	-11.43443	0.00500	0.04608
CID_6167	R-HSA-1430728_R-HSA-556833_R-HSA-8978868_R-HSA-2142753_R-HSA-2142688_Q15166	-10.98073	0.00500	0.04608
CID_6167	R-HSA-1430728_R-HSA-556833_R-HSA-8978868_R-HSA-2142753_R-HSA-2142688_Q16873	-9.51851	0.00500	0.04608
CID_6167	R-HSA-1430728_R-HSA-556833_R-HSA-8978868_R-HSA-75105_R-HSA-75876_Q9GZR5	-10.11934	0.00500	0.04608
CID_6167	R-HSA-1430728_R-HSA-556833_R-HSA-8978868_R-HSA-77289_R-HSA-71032_P22033	-8.16147	0.00500	0.04608
CID_6172	R-HSA-162582_R-HSA-372790_R-HSA-388396_R-HSA-418597_P05771	-5.66429	0.00000	0.00000
CID_6172	R-HSA-162582_R-HSA-372790_R-HSA-388396_R-HSA-418597_P17252	-5.73532	0.00000	0.00000
CID_6172	R-HSA-162582_R-HSA-372790_R-HSA-500792_R-HSA-373076_R-HSA-375281_P30968	-5.88643	0.00000	0.00000
CID_6172	R-HSA-162582_R-HSA-372790_R-HSA-388396_R-HSA-397795_R-HSA-392451_O15530	-7.37275	0.00000	0.00000
CID_6172	R-HSA-162582_R-HSA-372790_R-HSA-500792_R-HSA-373076_R-HSA-375276_R-HSA-380108_P10145	-7.13344	0.00000	0.00000
CID_6172	R-HSA-162582_R-HSA-372790_R-HSA-500792_R-HSA-373076_R-HSA-391903_R-HSA-391908_P43088	-9.81301	0.00000	0.00000
CID_6172	R-HSA-162582_R-HSA-372790_R-HSA-500792_R-HSA-373076_R-HSA-391903_R-HSA-391908_P43116	-8.44608	0.00000	0.00000
CID_6172	R-HSA-162582_R-HSA-372790_R-HSA-388396_R-HSA-416476_R-HSA-881907_R-HSA-2179392_P17252	-9.23471	0.00000	0.00000
CID_6172	R-HSA-162582_R-HSA-372790_R-HSA-388396_R-HSA-418594_R-HSA-2187338_R-HSA-2187335_O75911	-11.79094	0.00000	0.00000
CID_6172	R-HSA-162582_R-HSA-372790_R-HSA-388396_R-HSA-418594_R-HSA-2187338_R-HSA-2187335_P12271	-11.22001	0.00000	0.00000
CID_6172	R-HSA-162582_R-HSA-372790_R-HSA-388396_R-HSA-418594_R-HSA-2187338_R-HSA-2187335_P10745	-11.21480	0.00000	0.00000
CID_6172	R-HSA-162582_R-HSA-372790_R-HSA-388396_R-HSA-418594_R-HSA-2187338_R-HSA-2453902_O95237	-10.19486	0.00000	0.00000
CID_6172	R-HSA-162582_R-HSA-372790_R-HSA-388396_R-HSA-418594_R-HSA-2187338_R-HSA-2453902_P12271	-10.46013	0.00000	0.00000
CID_6172	R-HSA-162582_R-HSA-372790_R-HSA-388396_R-HSA-418594_R-HSA-2187338_R-HSA-2453902_Q92781	-10.71848	0.00000	0.00000
CID_6172	R-HSA-162582_R-HSA-372790_R-HSA-388396_R-HSA-418594_R-HSA-2187338_R-HSA-2453902_P02753	-10.26655	0.00000	0.00000
CID_6172	R-HSA-162582_R-HSA-372790_R-HSA-388396_R-HSA-418594_R-HSA-2187338_R-HSA-2453902_P10745	-10.45492	0.00000	0.00000
CID_6172	R-HSA-162582_R-HSA-372790_R-HSA-388396_R-HSA-418594_R-HSA-2187338_R-HSA-2453902_P09455	-10.22358	0.00000	0.00000
CID_6172	R-HSA-162582_R-HSA-372790_R-HSA-388396_R-HSA-418594_R-HSA-2187338_R-HSA-975634_O95237	-10.31086	0.00000	0.00000
CID_6172	R-HSA-162582_R-HSA-372790_R-HSA-388396_R-HSA-418594_R-HSA-2187338_R-HSA-975634_P02753	-10.38255	0.00000	0.00000
CID_6172	R-HSA-162582_R-HSA-372790_R-HSA-388396_R-HSA-418594_R-HSA-2187338_R-HSA-975634_P50120	-10.81023	0.00000	0.00000
CID_6172	R-HSA-162582_R-HSA-372790_R-HSA-388396_R-HSA-418594_R-HSA-2187338_R-HSA-975634_P09455	-10.33958	0.00000	0.00000
CID_6172	R-HSA-162582_R-HSA-372790_R-HSA-388396_R-HSA-418594_R-HSA-111885_R-HSA-202040_P01189	-9.98703	0.00000	0.00000
CID_6172	R-HSA-162582_R-HSA-372790_R-HSA-388396_R-HSA-418594_R-HSA-2187338_R-HSA-2514856_R-HSA-2514859_P50579	-9.90805	0.00000	0.00000
CID_6172	R-HSA-162582_R-HSA-372790_R-HSA-388396_R-HSA-418594_R-HSA-2187338_R-HSA-2514856_R-HSA-2514859_P17252	-9.82201	0.00000	0.00000
CID_6172	R-HSA-162582_R-HSA-372790_R-HSA-388396_R-HSA-418594_R-HSA-2187338_R-HSA-2514856_R-HSA-2514859_P35913	-10.69777	0.00000	0.00000
CID_6172	R-HSA-162582_R-HSA-372790_R-HSA-388396_R-HSA-418594_R-HSA-2187338_R-HSA-2514856_R-HSA-2485179_P35913	-11.66679	0.00000	0.00000
CID_6172	R-HSA-162582_R-HSA-2586552_P40763	-5.52231	0.00500	0.04608
CID_6172	R-HSA-162582_R-HSA-372790_R-HSA-500792_R-HSA-373080_R-HSA-420092_Q02643	-6.76687	0.00500	0.04608
CID_6215	R-HSA-1430728_R-HSA-1483249_R-HSA-1855204_P0DP23	-5.52809	0.00000	0.00000
CID_6215	R-HSA-1430728_R-HSA-202131_R-HSA-203615_P29474	-5.18793	0.00000	0.00000
CID_6215	R-HSA-1430728_R-HSA-15869_R-HSA-499943_P04818	-5.69050	0.00000	0.00000
CID_6215	R-HSA-1430728_R-HSA-71291_R-HSA-389661_Q02218	-5.76527	0.00000	0.00000
CID_6215	R-HSA-1430728_R-HSA-71291_R-HSA-389661_O14561	-6.72296	0.00000	0.00000
CID_6215	R-HSA-1430728_R-HSA-71291_R-HSA-389661_P11177	-6.80290	0.00000	0.00000
CID_6215	R-HSA-1430728_R-HSA-71291_R-HSA-70895_P54687	-5.94989	0.00000	0.00000
CID_6215	R-HSA-1430728_R-HSA-71291_R-HSA-71288_P48066	-5.96960	0.00000	0.00000
CID_6215	R-HSA-1430728_R-HSA-71291_R-HSA-70921_P50135	-6.35483	0.00000	0.00000
CID_6215	R-HSA-1430728_R-HSA-71291_R-HSA-71064_Q02218	-5.72398	0.00000	0.00000
CID_6215	R-HSA-1430728_R-HSA-15869_R-HSA-8956319_R-HSA-73621_Q16831	-7.69218	0.00000	0.00000
CID_6215	R-HSA-1430728_R-HSA-15869_R-HSA-8956321_R-HSA-74217_P00813	-7.39697	0.00000	0.00000
CID_6215	R-HSA-1430728_R-HSA-15869_R-HSA-8956321_R-HSA-73614_P19971	-7.77331	0.00000	0.00000
CID_6215	R-HSA-1430728_R-HSA-15869_R-HSA-8956321_R-HSA-73614_Q16831	-8.02954	0.00000	0.00000
CID_6215	R-HSA-1430728_R-HSA-163685_R-HSA-422356_R-HSA-400042_Q01668	-4.51347	0.00000	0.00000
CID_6215	R-HSA-1430728_R-HSA-163685_R-HSA-422356_R-HSA-400042_Q13936	-4.66036	0.00000	0.00000
CID_6215	R-HSA-1430728_R-HSA-163685_R-HSA-422356_R-HSA-400042_Q9NY47	-4.43124	0.00000	0.00000
CID_6215	R-HSA-1430728_R-HSA-71291_R-HSA-209776_R-HSA-209931_P17752	-7.16788	0.00000	0.00000
CID_6215	R-HSA-1430728_R-HSA-71291_R-HSA-2408522_R-HSA-2408557_P39023	-6.96623	0.00000	0.00000
CID_6215	R-HSA-1430728_R-HSA-71291_R-HSA-2408522_R-HSA-2408508_P50135	-8.29604	0.00000	0.00000
CID_6215	R-HSA-1430728_R-HSA-71291_R-HSA-2408522_R-HSA-2408508_P40261	-8.15068	0.00000	0.00000
CID_6215	R-HSA-1430728_R-HSA-71291_R-HSA-351202_R-HSA-350562_P20618	-6.60684	0.00000	0.00000
CID_6215	R-HSA-1430728_R-HSA-71291_R-HSA-351202_R-HSA-350562_P49721	-6.81212	0.00000	0.00000
CID_6215	R-HSA-1430728_R-HSA-71291_R-HSA-351202_R-HSA-350562_P28074	-6.57266	0.00000	0.00000
CID_6215	R-HSA-1430728_R-HSA-71291_R-HSA-351202_R-HSA-350562_P28062	-6.96426	0.00000	0.00000
CID_6215	R-HSA-1430728_R-HSA-71291_R-HSA-351202_R-HSA-350562_P25786	-7.13534	0.00000	0.00000
CID_6215	R-HSA-1430728_R-HSA-71291_R-HSA-351202_R-HSA-350562_Q99460	-7.09622	0.00000	0.00000
CID_6215	R-HSA-1430728_R-HSA-71291_R-HSA-351202_R-HSA-350562_Q13200	-7.16498	0.00000	0.00000
CID_6215	R-HSA-1430728_R-HSA-1428517_R-HSA-163200_R-HSA-163210_P30049	-8.12867	0.00000	0.00000
CID_6215	R-HSA-1430728_R-HSA-1428517_R-HSA-71406_R-HSA-71403_Q02218	-7.97444	0.00000	0.00000
CID_6215	R-HSA-1430728_R-HSA-196854_R-HSA-6806667_R-HSA-975634_O95237	-9.37756	0.00000	0.00000
CID_6215	R-HSA-1430728_R-HSA-196854_R-HSA-6806667_R-HSA-975634_P02753	-9.47211	0.00000	0.00000
CID_6215	R-HSA-1430728_R-HSA-196854_R-HSA-6806667_R-HSA-975634_P50120	-9.57317	0.00000	0.00000
CID_6215	R-HSA-1430728_R-HSA-196854_R-HSA-6806667_R-HSA-975634_P09455	-9.43084	0.00000	0.00000
CID_6215	R-HSA-1430728_R-HSA-196854_R-HSA-8978934_R-HSA-1474151_P0DP23	-7.49594	0.00000	0.00000
CID_6215	R-HSA-1430728_R-HSA-196854_R-HSA-8978934_R-HSA-1474151_P29474	-7.71711	0.00000	0.00000
CID_6215	R-HSA-1430728_R-HSA-196854_R-HSA-196849_R-HSA-196741_P33527	-9.49518	0.00000	0.00000
CID_6215	R-HSA-1430728_R-HSA-196854_R-HSA-196849_R-HSA-196741_Q9UBK8	-10.57686	0.00000	0.00000
CID_6215	R-HSA-1430728_R-HSA-196854_R-HSA-196849_R-HSA-196741_O60494	-10.46274	0.00000	0.00000
CID_6215	R-HSA-1430728_R-HSA-196854_R-HSA-196849_R-HSA-196780_P11498	-8.32607	0.00000	0.00000
CID_6215	R-HSA-1430728_R-HSA-196854_R-HSA-196849_R-HSA-196780_Q9Y289	-10.70993	0.00000	0.00000
CID_6215	R-HSA-1430728_R-HSA-196854_R-HSA-196849_R-HSA-196757_Q96NT5	-9.18776	0.00000	0.00000
CID_6215	R-HSA-1430728_R-HSA-196854_R-HSA-196849_R-HSA-196757_P41440	-9.27187	0.00000	0.00000
CID_6215	R-HSA-1430728_R-HSA-196854_R-HSA-196849_R-HSA-196757_P34897	-9.78582	0.00000	0.00000
CID_6215	R-HSA-1430728_R-HSA-196854_R-HSA-196849_R-HSA-196757_P34896	-9.78457	0.00000	0.00000
CID_6215	R-HSA-1430728_R-HSA-196854_R-HSA-196849_R-HSA-196836_P78417	-8.45024	0.00000	0.00000
CID_6215	R-HSA-1430728_R-HSA-196854_R-HSA-196849_R-HSA-196836_Q9UHI7	-8.25480	0.00000	0.00000
CID_6215	R-HSA-1430728_R-HSA-71387_R-HSA-8982491_R-HSA-70221_P0DP23	-6.27330	0.00000	0.00000
CID_6215	R-HSA-1430728_R-HSA-71387_R-HSA-70326_R-HSA-70263_P11498	-8.00133	0.00000	0.00000
CID_6215	R-HSA-74160_R-HSA-73857_R-HSA-212436_R-HSA-350054_Q9UBN7	-4.65270	0.00000	0.00000
CID_6215	R-HSA-74160_R-HSA-73857_R-HSA-212436_R-HSA-383280_P04150	-1.83868	0.00000	0.00000
CID_6215	R-HSA-74160_R-HSA-73857_R-HSA-212436_R-HSA-383280_P10275	-2.68442	0.00000	0.00000
CID_6215	R-HSA-74160_R-HSA-73857_R-HSA-212436_R-HSA-383280_P08235	-2.47657	0.00000	0.00000
CID_6215	R-HSA-74160_R-HSA-73857_R-HSA-212436_R-HSA-383280_P03372	-2.88679	0.00000	0.00000
CID_6215	R-HSA-74160_R-HSA-73857_R-HSA-212436_R-HSA-383280_P48443	-3.08303	0.00000	0.00000
CID_6215	R-HSA-74160_R-HSA-73857_R-HSA-212436_R-HSA-383280_P19793	-2.45780	0.00000	0.00000
CID_6215	R-HSA-74160_R-HSA-73857_R-HSA-212436_R-HSA-383280_P06401	-2.33510	0.00000	0.00000
CID_6215	R-HSA-74160_R-HSA-73857_R-HSA-212436_R-HSA-383280_P62508	-2.54929	0.00000	0.00000
CID_6215	R-HSA-74160_R-HSA-73857_R-HSA-212436_R-HSA-383280_P10827	-3.44289	0.00000	0.00000
CID_6215	R-HSA-74160_R-HSA-73857_R-HSA-212436_R-HSA-383280_P10828	-3.44018	0.00000	0.00000
CID_6215	R-HSA-74160_R-HSA-73857_R-HSA-212436_R-HSA-383280_P51843	-2.34682	0.00000	0.00000
CID_6215	R-HSA-74160_R-HSA-73857_R-HSA-212436_R-HSA-383280_O75376	-2.67282	0.00000	0.00000
CID_6215	R-HSA-1430728_R-HSA-1428517_R-HSA-163200_R-HSA-611105_R-HSA-6799198_P19404	-11.67676	0.00000	0.00000
CID_6215	R-HSA-1430728_R-HSA-1428517_R-HSA-163200_R-HSA-611105_R-HSA-6799198_Q16795	-11.67606	0.00000	0.00000
CID_6215	R-HSA-1430728_R-HSA-1428517_R-HSA-163200_R-HSA-611105_R-HSA-6799198_P51970	-11.67749	0.00000	0.00000
CID_6215	R-HSA-1430728_R-HSA-1428517_R-HSA-163200_R-HSA-611105_R-HSA-6799198_O95182	-11.67757	0.00000	0.00000
CID_6215	R-HSA-1430728_R-HSA-1428517_R-HSA-163200_R-HSA-611105_R-HSA-6799198_P56556	-11.67637	0.00000	0.00000
CID_6215	R-HSA-1430728_R-HSA-1428517_R-HSA-163200_R-HSA-611105_R-HSA-6799198_Q16718	-11.67654	0.00000	0.00000
CID_6215	R-HSA-1430728_R-HSA-1428517_R-HSA-163200_R-HSA-611105_R-HSA-6799198_O95167	-11.67636	0.00000	0.00000
CID_6215	R-HSA-1430728_R-HSA-1428517_R-HSA-163200_R-HSA-611105_R-HSA-6799198_O43678	-11.67612	0.00000	0.00000
CID_6215	R-HSA-1430728_R-HSA-1428517_R-HSA-163200_R-HSA-611105_R-HSA-6799198_O15239	-11.67668	0.00000	0.00000
CID_6215	R-HSA-1430728_R-HSA-1428517_R-HSA-163200_R-HSA-611105_R-HSA-6799198_O95299	-11.67632	0.00000	0.00000
CID_6215	R-HSA-1430728_R-HSA-1428517_R-HSA-163200_R-HSA-611105_R-HSA-6799198_O14561	-10.82756	0.00000	0.00000
CID_6215	R-HSA-1430728_R-HSA-1428517_R-HSA-163200_R-HSA-611105_R-HSA-6799198_O75438	-11.67721	0.00000	0.00000
CID_6215	R-HSA-1430728_R-HSA-1428517_R-HSA-163200_R-HSA-611105_R-HSA-6799198_O95178	-11.67701	0.00000	0.00000
CID_6215	R-HSA-1430728_R-HSA-1428517_R-HSA-163200_R-HSA-611105_R-HSA-6799198_O00217	-11.67647	0.00000	0.00000
CID_6215	R-HSA-1430728_R-HSA-1428517_R-HSA-163200_R-HSA-611105_R-HSA-6799198_O75380	-11.67700	0.00000	0.00000
CID_6215	R-HSA-1430728_R-HSA-1428517_R-HSA-163200_R-HSA-611105_R-HSA-6799198_O43920	-11.67672	0.00000	0.00000
CID_6215	R-HSA-1430728_R-HSA-1428517_R-HSA-163200_R-HSA-611105_R-HSA-6799198_O43181	-11.67607	0.00000	0.00000
CID_6215	R-HSA-1430728_R-HSA-1428517_R-HSA-163200_R-HSA-611105_R-HSA-6799198_P49821	-11.67608	0.00000	0.00000
CID_6215	R-HSA-1430728_R-HSA-1428517_R-HSA-163200_R-HSA-611105_R-HSA-6799198_O75489	-11.67656	0.00000	0.00000
CID_6215	R-HSA-1430728_R-HSA-1428517_R-HSA-163200_R-HSA-611105_R-HSA-6799198_O75306	-11.67732	0.00000	0.00000
CID_6215	R-HSA-1430728_R-HSA-1428517_R-HSA-163200_R-HSA-611105_R-HSA-6799198_P56181	-11.67601	0.00000	0.00000
CID_6215	R-HSA-1430728_R-HSA-1428517_R-HSA-163200_R-HSA-611105_R-HSA-6799198_P28331	-11.67620	0.00000	0.00000
CID_6215	R-HSA-1430728_R-HSA-1428517_R-HSA-163200_R-HSA-611105_R-HSA-6799198_O95298	-11.67649	0.00000	0.00000
CID_6215	R-HSA-1430728_R-HSA-1428517_R-HSA-163200_R-HSA-611105_R-HSA-6799198_O43677	-11.67634	0.00000	0.00000
CID_6215	R-HSA-1430728_R-HSA-1428517_R-HSA-163200_R-HSA-611105_R-HSA-6799198_O96000	-11.67646	0.00000	0.00000
CID_6215	R-HSA-1430728_R-HSA-1428517_R-HSA-163200_R-HSA-611105_R-HSA-6799198_Q9Y6M9	-11.67660	0.00000	0.00000
CID_6215	R-HSA-1430728_R-HSA-1428517_R-HSA-163200_R-HSA-611105_R-HSA-6799198_O95169	-11.67673	0.00000	0.00000
CID_6215	R-HSA-1430728_R-HSA-1428517_R-HSA-163200_R-HSA-611105_R-HSA-6799198_P17568	-11.67660	0.00000	0.00000
CID_6215	R-HSA-1430728_R-HSA-1428517_R-HSA-163200_R-HSA-611105_R-HSA-6799198_O95139	-11.67667	0.00000	0.00000
CID_6215	R-HSA-1430728_R-HSA-1428517_R-HSA-163200_R-HSA-611105_R-HSA-6799198_O43674	-11.67676	0.00000	0.00000
CID_6215	R-HSA-1430728_R-HSA-1428517_R-HSA-163200_R-HSA-611105_R-HSA-6799198_O95168	-11.67661	0.00000	0.00000
CID_6215	R-HSA-1430728_R-HSA-1428517_R-HSA-163200_R-HSA-611105_R-HSA-6799198_O43676	-11.67621	0.00000	0.00000
CID_6215	R-HSA-1430728_R-HSA-1428517_R-HSA-71406_R-HSA-70268_R-HSA-204174_P19793	-9.81059	0.00000	0.00000
CID_6215	R-HSA-1430728_R-HSA-196854_R-HSA-196849_R-HSA-196807_R-HSA-197264_P40261	-9.92979	0.00000	0.00000
CID_6215	R-HSA-1430728_R-HSA-196854_R-HSA-196849_R-HSA-196807_R-HSA-197264_Q16647	-10.11038	0.00000	0.00000
CID_6215	R-HSA-74160_R-HSA-73857_R-HSA-212436_R-HSA-8878159_R-HSA-8941858_P20618	-4.46510	0.00000	0.00000
CID_6215	R-HSA-74160_R-HSA-73857_R-HSA-212436_R-HSA-8878159_R-HSA-8941858_P49721	-4.67038	0.00000	0.00000
CID_6215	R-HSA-74160_R-HSA-73857_R-HSA-212436_R-HSA-8878159_R-HSA-8941858_P28074	-4.43093	0.00000	0.00000
CID_6215	R-HSA-74160_R-HSA-73857_R-HSA-212436_R-HSA-8878159_R-HSA-8941858_P28062	-4.82253	0.00000	0.00000
CID_6215	R-HSA-74160_R-HSA-73857_R-HSA-212436_R-HSA-9614085_R-HSA-9617629_Q96EB6	-6.87325	0.00000	0.00000
CID_6215	R-HSA-74160_R-HSA-73857_R-HSA-212436_R-HSA-8878166_R-HSA-8939902_P03372	-4.52190	0.00000	0.00000
CID_6215	R-HSA-74160_R-HSA-73857_R-HSA-212436_R-HSA-8878166_R-HSA-8939902_P20618	-4.07953	0.00000	0.00000
CID_6215	R-HSA-74160_R-HSA-73857_R-HSA-212436_R-HSA-8878166_R-HSA-8939902_P49721	-4.28482	0.00000	0.00000
CID_6215	R-HSA-74160_R-HSA-73857_R-HSA-212436_R-HSA-8878166_R-HSA-8939902_P28074	-4.04536	0.00000	0.00000
CID_6215	R-HSA-74160_R-HSA-73857_R-HSA-212436_R-HSA-8878166_R-HSA-8939902_P28062	-4.43696	0.00000	0.00000
CID_6215	R-HSA-74160_R-HSA-73857_R-HSA-212436_R-HSA-3700989_R-HSA-5633008_R-HSA-6803204_P04637	-11.26252	0.00000	0.00000
CID_6215	R-HSA-1430728_R-HSA-202131_R-HSA-203615_P0DP23	-4.96676	0.00500	0.04608
CID_6215	R-HSA-1430728_R-HSA-163685_R-HSA-163767_P62714	-5.67829	0.00500	0.04608
CID_6215	R-HSA-1430728_R-HSA-15869_R-HSA-8956319_R-HSA-73621_P19971	-7.43595	0.00500	0.04608
CID_6215	R-HSA-1430728_R-HSA-163685_R-HSA-422356_R-HSA-400042_Q08289	-4.95530	0.00500	0.04608
CID_6215	R-HSA-1430728_R-HSA-163685_R-HSA-422356_R-HSA-381676_Q9BQ31	-3.46199	0.00500	0.04608
CID_6215	R-HSA-74160_R-HSA-73857_R-HSA-212436_R-HSA-350054_O75376	-3.99092	0.00500	0.04608
CID_6215	R-HSA-1430728_R-HSA-1428517_R-HSA-71406_R-HSA-70268_R-HSA-204174_P11177	-11.24651	0.00500	0.04608
CID_6215	R-HSA-1430728_R-HSA-71387_R-HSA-70326_R-HSA-70171_R-HSA-9634600_P62714	-9.91941	0.00500	0.04608
CID_6215	R-HSA-1430728_R-HSA-71387_R-HSA-70326_R-HSA-70171_R-HSA-9634600_P67775	-10.22087	0.00500	0.04608
CID_6215	R-HSA-74160_R-HSA-73857_R-HSA-212436_R-HSA-8878159_R-HSA-8941855_P04637	-5.30104	0.00500	0.04608
CID_6215	R-HSA-74160_R-HSA-73857_R-HSA-212436_R-HSA-8878159_R-HSA-8941858_P25786	-4.99360	0.00500	0.04608
CID_6215	R-HSA-74160_R-HSA-73857_R-HSA-212436_R-HSA-8878159_R-HSA-8941858_Q99460	-4.95448	0.00500	0.04608
CID_6215	R-HSA-74160_R-HSA-73857_R-HSA-212436_R-HSA-8878159_R-HSA-8941858_Q13200	-5.02325	0.00500	0.04608
CID_6215	R-HSA-74160_R-HSA-73857_R-HSA-212436_R-HSA-8878171_R-HSA-8939236_P20618	-6.16623	0.00500	0.04608
CID_6215	R-HSA-74160_R-HSA-73857_R-HSA-212436_R-HSA-8878171_R-HSA-8939236_P49721	-6.37151	0.00500	0.04608
CID_6215	R-HSA-74160_R-HSA-73857_R-HSA-212436_R-HSA-8878171_R-HSA-8939236_P28074	-6.13205	0.00500	0.04608
CID_6215	R-HSA-74160_R-HSA-73857_R-HSA-212436_R-HSA-8878171_R-HSA-8939236_P28062	-6.52365	0.00500	0.04608
CID_6215	R-HSA-74160_R-HSA-73857_R-HSA-212436_R-HSA-8878171_R-HSA-8931987_P03372	-6.41674	0.00500	0.04608
CID_6215	R-HSA-74160_R-HSA-73857_R-HSA-212436_R-HSA-8878166_R-HSA-8939902_P04150	-3.47379	0.00500	0.04608
CID_6215	R-HSA-74160_R-HSA-73857_R-HSA-212436_R-HSA-8878166_R-HSA-8939902_P25786	-4.60804	0.00500	0.04608
CID_6215	R-HSA-74160_R-HSA-73857_R-HSA-212436_R-HSA-8878166_R-HSA-8939902_Q99460	-4.56892	0.00500	0.04608
CID_6215	R-HSA-74160_R-HSA-73857_R-HSA-212436_R-HSA-8878166_R-HSA-8939902_Q13200	-4.63768	0.00500	0.04608
CID_6215	R-HSA-74160_R-HSA-73857_R-HSA-212436_R-HSA-8878166_R-HSA-8941326_R-HSA-8940973_Q9UBN7	-8.04828	0.00500	0.04608
CID_6215	R-HSA-74160_R-HSA-73857_R-HSA-212436_R-HSA-3700989_R-HSA-5633008_R-HSA-6803207_P04637	-10.71359	0.00500	0.04608
CID_6215	R-HSA-74160_R-HSA-73857_R-HSA-212436_R-HSA-3700989_R-HSA-5633008_R-HSA-6803211_P04637	-11.00326	0.00500	0.04608
CID_6215	R-HSA-74160_R-HSA-73857_R-HSA-212436_R-HSA-3700989_R-HSA-6791312_R-HSA-6804115_P04637	-7.51331	0.00500	0.04608
CID_6256	R-HSA-162582_R-HSA-372790_R-HSA-388396_R-HSA-418597_P05771	-7.87993	0.00000	0.00000
CID_6256	R-HSA-162582_R-HSA-372790_R-HSA-388396_R-HSA-416476_R-HSA-881907_R-HSA-2179392_P17252	-12.47111	0.00000	0.00000
CID_6256	R-HSA-162582_R-HSA-372790_R-HSA-388396_R-HSA-418594_R-HSA-2187338_R-HSA-2187335_P12271	-14.46054	0.00000	0.00000
CID_6256	R-HSA-162582_R-HSA-372790_R-HSA-388396_R-HSA-418594_R-HSA-2187338_R-HSA-2187335_P10745	-14.45533	0.00000	0.00000
CID_6256	R-HSA-162582_R-HSA-372790_R-HSA-388396_R-HSA-418594_R-HSA-2187338_R-HSA-2453902_O95237	-13.42507	0.00000	0.00000
CID_6256	R-HSA-162582_R-HSA-372790_R-HSA-388396_R-HSA-418594_R-HSA-2187338_R-HSA-2453902_P12271	-13.70072	0.00000	0.00000
CID_6256	R-HSA-162582_R-HSA-372790_R-HSA-388396_R-HSA-418594_R-HSA-2187338_R-HSA-2453902_P10745	-13.69551	0.00000	0.00000
CID_6256	R-HSA-162582_R-HSA-372790_R-HSA-388396_R-HSA-418594_R-HSA-2187338_R-HSA-975634_O95237	-13.52229	0.00000	0.00000
CID_6256	R-HSA-162582_R-HSA-372790_R-HSA-388396_R-HSA-418597_P17252	-7.94945	0.00500	0.04608
CID_6256	R-HSA-162582_R-HSA-372790_R-HSA-500792_R-HSA-373076_R-HSA-375281_P30968	-8.16417	0.00500	0.04608
CID_6256	R-HSA-162582_R-HSA-372790_R-HSA-388396_R-HSA-397795_R-HSA-392451_O15530	-10.10007	0.00500	0.04608
CID_6256	R-HSA-162582_R-HSA-372790_R-HSA-500792_R-HSA-373076_R-HSA-375276_R-HSA-380108_P10145	-10.09017	0.00500	0.04608
CID_6256	R-HSA-162582_R-HSA-372790_R-HSA-500792_R-HSA-373076_R-HSA-375280_R-HSA-390666_P50406	-8.34063	0.00500	0.04608
CID_6256	R-HSA-162582_R-HSA-372790_R-HSA-500792_R-HSA-373076_R-HSA-391903_R-HSA-391908_P43088	-12.49214	0.00500	0.04608
CID_6256	R-HSA-162582_R-HSA-372790_R-HSA-500792_R-HSA-373076_R-HSA-391903_R-HSA-391908_P43116	-11.11672	0.00500	0.04608
CID_6256	R-HSA-162582_R-HSA-372790_R-HSA-388396_R-HSA-418594_R-HSA-2187338_R-HSA-2187335_O75911	-15.03265	0.00500	0.04608
CID_6256	R-HSA-162582_R-HSA-372790_R-HSA-388396_R-HSA-418594_R-HSA-2187338_R-HSA-2453902_P02753	-13.49726	0.00500	0.04608
CID_6256	R-HSA-162582_R-HSA-372790_R-HSA-388396_R-HSA-418594_R-HSA-2187338_R-HSA-2453902_P09455	-13.45430	0.00500	0.04608
CID_6256	R-HSA-162582_R-HSA-372790_R-HSA-388396_R-HSA-418594_R-HSA-2187338_R-HSA-975634_P02753	-13.59448	0.00500	0.04608
CID_6256	R-HSA-162582_R-HSA-372790_R-HSA-388396_R-HSA-418594_R-HSA-2187338_R-HSA-975634_P50120	-14.01191	0.00500	0.04608
CID_6256	R-HSA-162582_R-HSA-372790_R-HSA-388396_R-HSA-418594_R-HSA-2187338_R-HSA-975634_P09455	-13.55152	0.00500	0.04608
CID_6256	R-HSA-162582_R-HSA-372790_R-HSA-388396_R-HSA-418594_R-HSA-111885_R-HSA-202040_P01189	-13.22836	0.00500	0.04608
CID_6256	R-HSA-162582_R-HSA-372790_R-HSA-388396_R-HSA-418594_R-HSA-2187338_R-HSA-2514856_R-HSA-2514859_P50579	-13.66175	0.00500	0.04608
CID_6256	R-HSA-162582_R-HSA-372790_R-HSA-388396_R-HSA-418594_R-HSA-2187338_R-HSA-2514856_R-HSA-2514859_P17252	-13.57520	0.00500	0.04608
CID_6256	R-HSA-162582_R-HSA-372790_R-HSA-388396_R-HSA-418594_R-HSA-2187338_R-HSA-2514856_R-HSA-2514859_P35913	-14.45145	0.00500	0.04608
CID_6256	R-HSA-162582_R-HSA-372790_R-HSA-388396_R-HSA-418594_R-HSA-2187338_R-HSA-2514856_R-HSA-2485179_P35913	-15.42046	0.00500	0.04608
CID_6279	R-HSA-1430728_R-HSA-1483249_R-HSA-1855204_P0DP23	-5.21995	0.00000	0.00000
CID_6279	R-HSA-1430728_R-HSA-202131_R-HSA-203615_P0DP23	-4.65849	0.00000	0.00000
CID_6279	R-HSA-1430728_R-HSA-202131_R-HSA-203615_P29474	-4.92936	0.00000	0.00000
CID_6279	R-HSA-1430728_R-HSA-71291_R-HSA-389661_Q02218	-5.50701	0.00000	0.00000
CID_6279	R-HSA-1430728_R-HSA-71291_R-HSA-70895_P54687	-5.69161	0.00000	0.00000
CID_6279	R-HSA-1430728_R-HSA-71291_R-HSA-71288_P48066	-5.71131	0.00000	0.00000
CID_6279	R-HSA-1430728_R-HSA-71291_R-HSA-70921_P50135	-6.09654	0.00000	0.00000
CID_6279	R-HSA-1430728_R-HSA-71291_R-HSA-71064_Q02218	-5.46571	0.00000	0.00000
CID_6279	R-HSA-1430728_R-HSA-163685_R-HSA-422356_R-HSA-400042_Q01668	-4.18984	0.00000	0.00000
CID_6279	R-HSA-1430728_R-HSA-163685_R-HSA-422356_R-HSA-400042_Q13936	-4.33673	0.00000	0.00000
CID_6279	R-HSA-1430728_R-HSA-163685_R-HSA-422356_R-HSA-400042_Q9NY47	-4.10761	0.00000	0.00000
CID_6279	R-HSA-1430728_R-HSA-163685_R-HSA-422356_R-HSA-400042_Q08289	-4.63167	0.00000	0.00000
CID_6279	R-HSA-1430728_R-HSA-71291_R-HSA-209776_R-HSA-209931_P17752	-6.84455	0.00000	0.00000
CID_6279	R-HSA-1430728_R-HSA-71291_R-HSA-2408522_R-HSA-2408557_P39023	-6.64290	0.00000	0.00000
CID_6279	R-HSA-1430728_R-HSA-71291_R-HSA-2408522_R-HSA-2408508_P50135	-7.97272	0.00000	0.00000
CID_6279	R-HSA-1430728_R-HSA-71291_R-HSA-2408522_R-HSA-2408508_P40261	-7.82736	0.00000	0.00000
CID_6279	R-HSA-1430728_R-HSA-71291_R-HSA-351202_R-HSA-350562_P20618	-6.20931	0.00000	0.00000
CID_6279	R-HSA-1430728_R-HSA-71291_R-HSA-351202_R-HSA-350562_P49721	-6.41674	0.00000	0.00000
CID_6279	R-HSA-1430728_R-HSA-71291_R-HSA-351202_R-HSA-350562_P28074	-6.17027	0.00000	0.00000
CID_6279	R-HSA-1430728_R-HSA-71291_R-HSA-351202_R-HSA-350562_P28062	-6.58169	0.00000	0.00000
CID_6279	R-HSA-1430728_R-HSA-71291_R-HSA-351202_R-HSA-350562_P25786	-6.73219	0.00000	0.00000
CID_6279	R-HSA-1430728_R-HSA-71291_R-HSA-351202_R-HSA-350562_Q99460	-6.69292	0.00000	0.00000
CID_6279	R-HSA-1430728_R-HSA-71291_R-HSA-351202_R-HSA-350562_Q13200	-6.76280	0.00000	0.00000
CID_6279	R-HSA-1430728_R-HSA-196854_R-HSA-6806667_R-HSA-975634_P02753	-9.14888	0.00000	0.00000
CID_6279	R-HSA-1430728_R-HSA-196854_R-HSA-6806667_R-HSA-975634_P09455	-9.10761	0.00000	0.00000
CID_6279	R-HSA-1430728_R-HSA-196854_R-HSA-8978934_R-HSA-1474151_P0DP23	-7.12286	0.00000	0.00000
CID_6279	R-HSA-1430728_R-HSA-196854_R-HSA-8978934_R-HSA-1474151_P29474	-7.39372	0.00000	0.00000
CID_6279	R-HSA-1430728_R-HSA-196854_R-HSA-196849_R-HSA-196757_P41440	-8.94859	0.00000	0.00000
CID_6279	R-HSA-1430728_R-HSA-71387_R-HSA-8982491_R-HSA-70221_P0DP23	-5.90022	0.00000	0.00000
CID_6279	R-HSA-74160_R-HSA-73857_R-HSA-212436_R-HSA-383280_P04150	-2.12878	0.00000	0.00000
CID_6279	R-HSA-74160_R-HSA-73857_R-HSA-212436_R-HSA-383280_P10275	-2.92381	0.00000	0.00000
CID_6279	R-HSA-74160_R-HSA-73857_R-HSA-212436_R-HSA-383280_P08235	-2.75681	0.00000	0.00000
CID_6279	R-HSA-74160_R-HSA-73857_R-HSA-212436_R-HSA-383280_P62508	-2.84555	0.00000	0.00000
CID_6279	R-HSA-74160_R-HSA-73857_R-HSA-212436_R-HSA-383280_P10828	-4.43477	0.00000	0.00000
CID_6279	R-HSA-74160_R-HSA-73857_R-HSA-212436_R-HSA-383280_P51843	-2.58729	0.00000	0.00000
CID_6279	R-HSA-1430728_R-HSA-1428517_R-HSA-163200_R-HSA-611105_R-HSA-6799198_Q16795	-11.28778	0.00000	0.00000
CID_6279	R-HSA-1430728_R-HSA-1428517_R-HSA-163200_R-HSA-611105_R-HSA-6799198_O95167	-11.28808	0.00000	0.00000
CID_6279	R-HSA-1430728_R-HSA-1428517_R-HSA-163200_R-HSA-611105_R-HSA-6799198_O95178	-11.28873	0.00000	0.00000
CID_6279	R-HSA-1430728_R-HSA-1428517_R-HSA-163200_R-HSA-611105_R-HSA-6799198_O00217	-11.28819	0.00000	0.00000
CID_6279	R-HSA-1430728_R-HSA-1428517_R-HSA-163200_R-HSA-611105_R-HSA-6799198_O43920	-11.28844	0.00000	0.00000
CID_6279	R-HSA-1430728_R-HSA-1428517_R-HSA-163200_R-HSA-611105_R-HSA-6799198_O43677	-11.28807	0.00000	0.00000
CID_6279	R-HSA-1430728_R-HSA-1428517_R-HSA-163200_R-HSA-611105_R-HSA-6799198_O96000	-11.28819	0.00000	0.00000
CID_6279	R-HSA-1430728_R-HSA-1428517_R-HSA-163200_R-HSA-611105_R-HSA-6799198_Q9Y6M9	-11.28832	0.00000	0.00000
CID_6279	R-HSA-1430728_R-HSA-1428517_R-HSA-163200_R-HSA-611105_R-HSA-6799198_P17568	-11.28832	0.00000	0.00000
CID_6279	R-HSA-1430728_R-HSA-1428517_R-HSA-71406_R-HSA-70268_R-HSA-204174_P19793	-9.46491	0.00000	0.00000
CID_6279	R-HSA-74160_R-HSA-73857_R-HSA-212436_R-HSA-8864260_R-HSA-8866910_P10721	-6.89099	0.00000	0.00000
CID_6279	R-HSA-74160_R-HSA-73857_R-HSA-212436_R-HSA-8878166_R-HSA-8941326_R-HSA-8940973_P10275	-6.42978	0.00000	0.00000
CID_6279	R-HSA-1430728_R-HSA-71291_R-HSA-389661_O14561	-6.46468	0.00500	0.04608
CID_6279	R-HSA-1430728_R-HSA-71291_R-HSA-389661_P11177	-6.54461	0.00500	0.04608
CID_6279	R-HSA-1430728_R-HSA-15869_R-HSA-8956319_R-HSA-73621_P19971	-7.11256	0.00500	0.04608
CID_6279	R-HSA-1430728_R-HSA-15869_R-HSA-8956321_R-HSA-73614_P19971	-7.44991	0.00500	0.04608
CID_6279	R-HSA-1430728_R-HSA-163685_R-HSA-422356_R-HSA-381676_Q9BQ31	-3.13836	0.00500	0.04608
CID_6279	R-HSA-1430728_R-HSA-196854_R-HSA-196849_R-HSA-196741_P33527	-9.15973	0.00500	0.04608
CID_6279	R-HSA-1430728_R-HSA-196854_R-HSA-196849_R-HSA-196757_Q96NT5	-8.86448	0.00500	0.04608
CID_6279	R-HSA-1430728_R-HSA-196854_R-HSA-196849_R-HSA-196757_P34897	-9.46254	0.00500	0.04608
CID_6279	R-HSA-1430728_R-HSA-196854_R-HSA-196849_R-HSA-196757_P34896	-9.46129	0.00500	0.04608
CID_6279	R-HSA-1430728_R-HSA-196854_R-HSA-196849_R-HSA-196836_Q9UHI7	-7.93152	0.00500	0.04608
CID_6279	R-HSA-1430728_R-HSA-71387_R-HSA-70326_R-HSA-70263_P11498	-7.67812	0.00500	0.04608
CID_6279	R-HSA-1430728_R-HSA-71387_R-HSA-70326_R-HSA-70263_P00558	-7.92608	0.00500	0.04608
CID_6279	R-HSA-74160_R-HSA-73857_R-HSA-212436_R-HSA-383280_P03372	-2.72825	0.00500	0.04608
CID_6279	R-HSA-74160_R-HSA-73857_R-HSA-212436_R-HSA-383280_P19793	-2.79876	0.00500	0.04608
CID_6279	R-HSA-1430728_R-HSA-1428517_R-HSA-163200_R-HSA-611105_R-HSA-6799198_P19404	-11.28848	0.00500	0.04608
CID_6279	R-HSA-1430728_R-HSA-1428517_R-HSA-163200_R-HSA-611105_R-HSA-6799198_P51970	-11.28921	0.00500	0.04608
CID_6279	R-HSA-1430728_R-HSA-1428517_R-HSA-163200_R-HSA-611105_R-HSA-6799198_O95182	-11.28929	0.00500	0.04608
CID_6279	R-HSA-1430728_R-HSA-1428517_R-HSA-163200_R-HSA-611105_R-HSA-6799198_P56556	-11.28809	0.00500	0.04608
CID_6279	R-HSA-1430728_R-HSA-1428517_R-HSA-163200_R-HSA-611105_R-HSA-6799198_Q16718	-11.28826	0.00500	0.04608
CID_6279	R-HSA-1430728_R-HSA-1428517_R-HSA-163200_R-HSA-611105_R-HSA-6799198_O43678	-11.28784	0.00500	0.04608
CID_6279	R-HSA-1430728_R-HSA-1428517_R-HSA-163200_R-HSA-611105_R-HSA-6799198_O15239	-11.28840	0.00500	0.04608
CID_6279	R-HSA-1430728_R-HSA-1428517_R-HSA-163200_R-HSA-611105_R-HSA-6799198_O95299	-11.28804	0.00500	0.04608
CID_6279	R-HSA-1430728_R-HSA-1428517_R-HSA-163200_R-HSA-611105_R-HSA-6799198_O14561	-10.43927	0.00500	0.04608
CID_6279	R-HSA-1430728_R-HSA-1428517_R-HSA-163200_R-HSA-611105_R-HSA-6799198_O75438	-11.28893	0.00500	0.04608
CID_6279	R-HSA-1430728_R-HSA-1428517_R-HSA-163200_R-HSA-611105_R-HSA-6799198_O43181	-11.28779	0.00500	0.04608
CID_6279	R-HSA-1430728_R-HSA-1428517_R-HSA-163200_R-HSA-611105_R-HSA-6799198_P49821	-11.28780	0.00500	0.04608
CID_6279	R-HSA-1430728_R-HSA-1428517_R-HSA-163200_R-HSA-611105_R-HSA-6799198_O75489	-11.28828	0.00500	0.04608
CID_6279	R-HSA-1430728_R-HSA-1428517_R-HSA-163200_R-HSA-611105_R-HSA-6799198_O75306	-11.28904	0.00500	0.04608
CID_6279	R-HSA-1430728_R-HSA-1428517_R-HSA-163200_R-HSA-611105_R-HSA-6799198_P56181	-11.28773	0.00500	0.04608
CID_6279	R-HSA-1430728_R-HSA-1428517_R-HSA-163200_R-HSA-611105_R-HSA-6799198_P28331	-11.28792	0.00500	0.04608
CID_6279	R-HSA-1430728_R-HSA-1428517_R-HSA-163200_R-HSA-611105_R-HSA-6799198_O95298	-11.28821	0.00500	0.04608
CID_6279	R-HSA-1430728_R-HSA-1428517_R-HSA-163200_R-HSA-611105_R-HSA-6799198_O95169	-11.28845	0.00500	0.04608
CID_6279	R-HSA-1430728_R-HSA-1428517_R-HSA-163200_R-HSA-611105_R-HSA-6799198_O95139	-11.28839	0.00500	0.04608
CID_6279	R-HSA-1430728_R-HSA-1428517_R-HSA-163200_R-HSA-611105_R-HSA-6799198_O95168	-11.28833	0.00500	0.04608
CID_6279	R-HSA-1430728_R-HSA-1428517_R-HSA-163200_R-HSA-611105_R-HSA-6799198_O43676	-11.28793	0.00500	0.04608
CID_6279	R-HSA-1430728_R-HSA-196854_R-HSA-196849_R-HSA-196807_R-HSA-197264_Q16647	-9.72207	0.00500	0.04608
CID_6279	R-HSA-1430728_R-HSA-71387_R-HSA-70326_R-HSA-70171_R-HSA-9634600_P67775	-9.83263	0.00500	0.04608
CID_6279	R-HSA-74160_R-HSA-73857_R-HSA-212436_R-HSA-8878171_R-HSA-8939256_P03372	-6.08620	0.00500	0.04608
CID_6279	R-HSA-74160_R-HSA-73857_R-HSA-212436_R-HSA-8878166_R-HSA-8939902_P04150	-3.09771	0.00500	0.04608
CID_6279	R-HSA-74160_R-HSA-73857_R-HSA-212436_R-HSA-8878166_R-HSA-8939902_P03372	-3.69718	0.00500	0.04608
CID_6279	R-HSA-74160_R-HSA-73857_R-HSA-212436_R-HSA-8878166_R-HSA-8941326_R-HSA-8940973_P00519	-8.37188	0.00500	0.04608
CID_6279	R-HSA-74160_R-HSA-73857_R-HSA-212436_R-HSA-8878166_R-HSA-8941326_R-HSA-8940973_Q9UBN7	-6.83697	0.00500	0.04608
CID_6279	R-HSA-74160_R-HSA-73857_R-HSA-212436_R-HSA-3700989_R-HSA-5633008_R-HSA-6803204_P04637	-10.12139	0.00500	0.04608
CID_6279	R-HSA-74160_R-HSA-73857_R-HSA-212436_R-HSA-3700989_R-HSA-5633008_R-HSA-6803207_P04637	-9.57246	0.00500	0.04608
CID_6279	R-HSA-74160_R-HSA-73857_R-HSA-212436_R-HSA-3700989_R-HSA-5633008_R-HSA-6803211_P04637	-9.86213	0.00500	0.04608
CID_6291	R-HSA-162582_R-HSA-2586552_P40763	-6.16281	0.00000	0.00000
CID_6291	R-HSA-162582_R-HSA-9006925_R-HSA-1257604_R-HSA-199418_R-HSA-6811558_P51617	-11.80964	0.00000	0.00000
CID_6291	R-HSA-162582_R-HSA-9006925_R-HSA-1257604_R-HSA-199418_R-HSA-6811558_P04626	-11.30198	0.00000	0.00000
CID_6291	R-HSA-162582_R-HSA-9006925_R-HSA-1257604_R-HSA-199418_R-HSA-6811558_Q8TBX8	-10.82913	0.00000	0.00000
CID_6291	R-HSA-162582_R-HSA-9006925_R-HSA-1257604_R-HSA-199418_R-HSA-6811558_P21860	-11.18418	0.00000	0.00000
CID_6291	R-HSA-162582_R-HSA-9006925_R-HSA-1257604_R-HSA-199418_R-HSA-6811558_P06239	-10.52870	0.00000	0.00000
CID_6291	R-HSA-162582_R-HSA-9006925_R-HSA-1257604_R-HSA-199418_R-HSA-6811558_P10721	-10.80391	0.00000	0.00000
CID_6291	R-HSA-162582_R-HSA-9006925_R-HSA-1257604_R-HSA-199418_R-HSA-6811558_P09619	-10.52702	0.00000	0.00000
CID_6291	R-HSA-162582_R-HSA-9006925_R-HSA-1257604_R-HSA-6807070_R-HSA-8943724_O15379	-9.85559	0.00000	0.00000
CID_6291	R-HSA-162582_R-HSA-372790_R-HSA-500792_R-HSA-373076_R-HSA-375276_R-HSA-380108_P10145	-8.35771	0.00000	0.00000
CID_6291	R-HSA-162582_R-HSA-372790_R-HSA-500792_R-HSA-373076_R-HSA-375280_R-HSA-390666_P50406	-6.60816	0.00000	0.00000
CID_6291	R-HSA-162582_R-HSA-372790_R-HSA-500792_R-HSA-373076_R-HSA-391903_R-HSA-391908_P43088	-10.75966	0.00000	0.00000
CID_6291	R-HSA-162582_R-HSA-372790_R-HSA-500792_R-HSA-373076_R-HSA-391903_R-HSA-391908_P43116	-9.38424	0.00000	0.00000
CID_6291	R-HSA-162582_R-HSA-372790_R-HSA-388396_R-HSA-416476_R-HSA-881907_R-HSA-2179392_P17252	-10.73847	0.00000	0.00000
CID_6291	R-HSA-162582_R-HSA-372790_R-HSA-388396_R-HSA-418594_R-HSA-2187338_R-HSA-2187335_P12271	-12.72792	0.00000	0.00000
CID_6291	R-HSA-162582_R-HSA-372790_R-HSA-388396_R-HSA-418594_R-HSA-2187338_R-HSA-2187335_P10745	-12.72270	0.00000	0.00000
CID_6291	R-HSA-162582_R-HSA-372790_R-HSA-388396_R-HSA-418594_R-HSA-2187338_R-HSA-2453902_O95237	-11.69363	0.00000	0.00000
CID_6291	R-HSA-162582_R-HSA-372790_R-HSA-388396_R-HSA-418594_R-HSA-2187338_R-HSA-2453902_Q92781	-13.02564	0.00000	0.00000
CID_6291	R-HSA-162582_R-HSA-372790_R-HSA-388396_R-HSA-418594_R-HSA-2187338_R-HSA-975634_O95237	-11.79299	0.00000	0.00000
CID_6291	R-HSA-162582_R-HSA-372790_R-HSA-388396_R-HSA-418597_P05771	-6.22380	0.00500	0.04608
CID_6291	R-HSA-162582_R-HSA-372790_R-HSA-388396_R-HSA-418597_P17252	-6.71704	0.00500	0.04608
CID_6291	R-HSA-162582_R-HSA-372790_R-HSA-388396_R-HSA-416482_P35348	-7.03099	0.00500	0.04608
CID_6291	R-HSA-162582_R-HSA-9006925_R-HSA-1257604_R-HSA-199418_R-HSA-6811558_Q9NWZ3	-11.81202	0.00500	0.04608
CID_6291	R-HSA-162582_R-HSA-372790_R-HSA-500792_R-HSA-373080_R-HSA-420092_Q02643	-6.97172	0.00500	0.04608
CID_6291	R-HSA-162582_R-HSA-372790_R-HSA-388396_R-HSA-397795_R-HSA-392451_O15530	-8.70288	0.00500	0.04608
CID_6291	R-HSA-162582_R-HSA-372790_R-HSA-500792_R-HSA-373076_R-HSA-375280_R-HSA-390666_P28566	-8.07408	0.00500	0.04608
CID_6291	R-HSA-162582_R-HSA-372790_R-HSA-388396_R-HSA-418594_R-HSA-2187338_R-HSA-2453902_P12271	-11.96810	0.00500	0.04608
CID_6291	R-HSA-162582_R-HSA-372790_R-HSA-388396_R-HSA-418594_R-HSA-2187338_R-HSA-2453902_P02753	-11.76577	0.00500	0.04608
CID_6291	R-HSA-162582_R-HSA-372790_R-HSA-388396_R-HSA-418594_R-HSA-2187338_R-HSA-2453902_P10745	-11.96288	0.00500	0.04608
CID_6291	R-HSA-162582_R-HSA-372790_R-HSA-388396_R-HSA-418594_R-HSA-2187338_R-HSA-2453902_P09455	-11.72281	0.00500	0.04608
CID_6291	R-HSA-162582_R-HSA-372790_R-HSA-388396_R-HSA-418594_R-HSA-2187338_R-HSA-975634_P02753	-11.86513	0.00500	0.04608
CID_6291	R-HSA-162582_R-HSA-372790_R-HSA-388396_R-HSA-418594_R-HSA-2187338_R-HSA-975634_P50120	-12.28372	0.00500	0.04608
CID_6291	R-HSA-162582_R-HSA-372790_R-HSA-388396_R-HSA-418594_R-HSA-2187338_R-HSA-975634_P09455	-11.82217	0.00500	0.04608
CID_6291	R-HSA-162582_R-HSA-372790_R-HSA-388396_R-HSA-418594_R-HSA-111885_R-HSA-202040_P01189	-11.49575	0.00500	0.04608
CID_6291	R-HSA-162582_R-HSA-372790_R-HSA-388396_R-HSA-418594_R-HSA-2187338_R-HSA-2514856_R-HSA-2514859_P50579	-11.67906	0.00500	0.04608
CID_6291	R-HSA-162582_R-HSA-372790_R-HSA-388396_R-HSA-418594_R-HSA-2187338_R-HSA-2514856_R-HSA-2514859_P17252	-11.59257	0.00500	0.04608
CID_6291	R-HSA-162582_R-HSA-372790_R-HSA-388396_R-HSA-418594_R-HSA-2187338_R-HSA-2514856_R-HSA-2514859_P35913	-12.46876	0.00500	0.04608
CID_6291	R-HSA-162582_R-HSA-372790_R-HSA-388396_R-HSA-418594_R-HSA-2187338_R-HSA-2514856_R-HSA-2485179_P35913	-13.43776	0.00500	0.04608
CID_6323490	R-HSA-162582_R-HSA-372790_R-HSA-388396_R-HSA-418597_P05771	-7.96362	0.00000	0.00000
CID_6323490	R-HSA-162582_R-HSA-372790_R-HSA-388396_R-HSA-416476_R-HSA-881907_R-HSA-2179392_P17252	-12.58826	0.00000	0.00000
CID_6323490	R-HSA-162582_R-HSA-372790_R-HSA-388396_R-HSA-418594_R-HSA-2187338_R-HSA-2187335_P12271	-14.57770	0.00000	0.00000
CID_6323490	R-HSA-162582_R-HSA-372790_R-HSA-388396_R-HSA-418594_R-HSA-2187338_R-HSA-2187335_P10745	-14.57249	0.00000	0.00000
CID_6323490	R-HSA-162582_R-HSA-372790_R-HSA-388396_R-HSA-418594_R-HSA-2187338_R-HSA-2453902_O95237	-13.54238	0.00000	0.00000
CID_6323490	R-HSA-162582_R-HSA-372790_R-HSA-388396_R-HSA-418594_R-HSA-2187338_R-HSA-2453902_P12271	-13.81788	0.00000	0.00000
CID_6323490	R-HSA-162582_R-HSA-372790_R-HSA-388396_R-HSA-418594_R-HSA-2187338_R-HSA-2453902_P10745	-13.81267	0.00000	0.00000
CID_6323490	R-HSA-162582_R-HSA-372790_R-HSA-388396_R-HSA-418594_R-HSA-2187338_R-HSA-975634_O95237	-13.63989	0.00000	0.00000
CID_6323490	R-HSA-162582_R-HSA-372790_R-HSA-388396_R-HSA-418597_P17252	-8.03314	0.00500	0.04608
CID_6323490	R-HSA-162582_R-HSA-372790_R-HSA-500792_R-HSA-373076_R-HSA-375281_P30968	-8.26460	0.00500	0.04608
CID_6323490	R-HSA-162582_R-HSA-372790_R-HSA-388396_R-HSA-397795_R-HSA-392451_O15530	-10.20049	0.00500	0.04608
CID_6323490	R-HSA-162582_R-HSA-372790_R-HSA-500792_R-HSA-373076_R-HSA-375276_R-HSA-380108_P10145	-10.20733	0.00500	0.04608
CID_6323490	R-HSA-162582_R-HSA-372790_R-HSA-500792_R-HSA-373076_R-HSA-375280_R-HSA-390666_P50406	-8.45779	0.00500	0.04608
CID_6323490	R-HSA-162582_R-HSA-372790_R-HSA-500792_R-HSA-373076_R-HSA-391903_R-HSA-391908_P43088	-12.60929	0.00500	0.04608
CID_6323490	R-HSA-162582_R-HSA-372790_R-HSA-500792_R-HSA-373076_R-HSA-391903_R-HSA-391908_P43116	-11.23387	0.00500	0.04608
CID_6323490	R-HSA-162582_R-HSA-372790_R-HSA-388396_R-HSA-418594_R-HSA-2187338_R-HSA-2187335_O75911	-15.14981	0.00500	0.04608
CID_6323490	R-HSA-162582_R-HSA-372790_R-HSA-388396_R-HSA-418594_R-HSA-2187338_R-HSA-2453902_P02753	-13.61457	0.00500	0.04608
CID_6323490	R-HSA-162582_R-HSA-372790_R-HSA-388396_R-HSA-418594_R-HSA-2187338_R-HSA-2453902_P09455	-13.57161	0.00500	0.04608
CID_6323490	R-HSA-162582_R-HSA-372790_R-HSA-388396_R-HSA-418594_R-HSA-2187338_R-HSA-975634_P02753	-13.71208	0.00500	0.04608
CID_6323490	R-HSA-162582_R-HSA-372790_R-HSA-388396_R-HSA-418594_R-HSA-2187338_R-HSA-975634_P50120	-14.12966	0.00500	0.04608
CID_6323490	R-HSA-162582_R-HSA-372790_R-HSA-388396_R-HSA-418594_R-HSA-2187338_R-HSA-975634_P09455	-13.66912	0.00500	0.04608
CID_6323490	R-HSA-162582_R-HSA-372790_R-HSA-388396_R-HSA-418594_R-HSA-111885_R-HSA-202040_P01189	-13.34551	0.00500	0.04608
CID_6323490	R-HSA-162582_R-HSA-372790_R-HSA-388396_R-HSA-418594_R-HSA-2187338_R-HSA-2514856_R-HSA-2514859_P50579	-13.79565	0.00500	0.04608
CID_6323490	R-HSA-162582_R-HSA-372790_R-HSA-388396_R-HSA-418594_R-HSA-2187338_R-HSA-2514856_R-HSA-2514859_P17252	-13.70909	0.00500	0.04608
CID_6323490	R-HSA-162582_R-HSA-372790_R-HSA-388396_R-HSA-418594_R-HSA-2187338_R-HSA-2514856_R-HSA-2514859_P35913	-14.58535	0.00500	0.04608
CID_6323490	R-HSA-162582_R-HSA-372790_R-HSA-388396_R-HSA-418594_R-HSA-2187338_R-HSA-2514856_R-HSA-2485179_P35913	-15.55435	0.00500	0.04608
CID_6437380	R-HSA-162582_R-HSA-372790_R-HSA-388396_R-HSA-418597_P05771	-7.96362	0.00000	0.00000
CID_6437380	R-HSA-162582_R-HSA-372790_R-HSA-388396_R-HSA-416476_R-HSA-881907_R-HSA-2179392_P17252	-12.58826	0.00000	0.00000
CID_6437380	R-HSA-162582_R-HSA-372790_R-HSA-388396_R-HSA-418594_R-HSA-2187338_R-HSA-2187335_P12271	-14.57770	0.00000	0.00000
CID_6437380	R-HSA-162582_R-HSA-372790_R-HSA-388396_R-HSA-418594_R-HSA-2187338_R-HSA-2187335_P10745	-14.57249	0.00000	0.00000
CID_6437380	R-HSA-162582_R-HSA-372790_R-HSA-388396_R-HSA-418594_R-HSA-2187338_R-HSA-2453902_O95237	-13.54238	0.00000	0.00000
CID_6437380	R-HSA-162582_R-HSA-372790_R-HSA-388396_R-HSA-418594_R-HSA-2187338_R-HSA-2453902_P12271	-13.81788	0.00000	0.00000
CID_6437380	R-HSA-162582_R-HSA-372790_R-HSA-388396_R-HSA-418594_R-HSA-2187338_R-HSA-2453902_P10745	-13.81267	0.00000	0.00000
CID_6437380	R-HSA-162582_R-HSA-372790_R-HSA-388396_R-HSA-418594_R-HSA-2187338_R-HSA-975634_O95237	-13.63989	0.00000	0.00000
CID_6437380	R-HSA-162582_R-HSA-372790_R-HSA-388396_R-HSA-418597_P17252	-8.03314	0.00500	0.04608
CID_6437380	R-HSA-162582_R-HSA-372790_R-HSA-500792_R-HSA-373076_R-HSA-375281_P30968	-8.26460	0.00500	0.04608
CID_6437380	R-HSA-162582_R-HSA-372790_R-HSA-388396_R-HSA-397795_R-HSA-392451_O15530	-10.20049	0.00500	0.04608
CID_6437380	R-HSA-162582_R-HSA-372790_R-HSA-500792_R-HSA-373076_R-HSA-375276_R-HSA-380108_P10145	-10.20733	0.00500	0.04608
CID_6437380	R-HSA-162582_R-HSA-372790_R-HSA-500792_R-HSA-373076_R-HSA-375280_R-HSA-390666_P50406	-8.45779	0.00500	0.04608
CID_6437380	R-HSA-162582_R-HSA-372790_R-HSA-500792_R-HSA-373076_R-HSA-391903_R-HSA-391908_P43088	-12.60929	0.00500	0.04608
CID_6437380	R-HSA-162582_R-HSA-372790_R-HSA-500792_R-HSA-373076_R-HSA-391903_R-HSA-391908_P43116	-11.23387	0.00500	0.04608
CID_6437380	R-HSA-162582_R-HSA-372790_R-HSA-388396_R-HSA-418594_R-HSA-2187338_R-HSA-2187335_O75911	-15.14981	0.00500	0.04608
CID_6437380	R-HSA-162582_R-HSA-372790_R-HSA-388396_R-HSA-418594_R-HSA-2187338_R-HSA-2453902_P02753	-13.61457	0.00500	0.04608
CID_6437380	R-HSA-162582_R-HSA-372790_R-HSA-388396_R-HSA-418594_R-HSA-2187338_R-HSA-2453902_P09455	-13.57161	0.00500	0.04608
CID_6437380	R-HSA-162582_R-HSA-372790_R-HSA-388396_R-HSA-418594_R-HSA-2187338_R-HSA-975634_P02753	-13.71208	0.00500	0.04608
CID_6437380	R-HSA-162582_R-HSA-372790_R-HSA-388396_R-HSA-418594_R-HSA-2187338_R-HSA-975634_P50120	-14.12966	0.00500	0.04608
CID_6437380	R-HSA-162582_R-HSA-372790_R-HSA-388396_R-HSA-418594_R-HSA-2187338_R-HSA-975634_P09455	-13.66912	0.00500	0.04608
CID_6437380	R-HSA-162582_R-HSA-372790_R-HSA-388396_R-HSA-418594_R-HSA-111885_R-HSA-202040_P01189	-13.34551	0.00500	0.04608
CID_6437380	R-HSA-162582_R-HSA-372790_R-HSA-388396_R-HSA-418594_R-HSA-2187338_R-HSA-2514856_R-HSA-2514859_P50579	-13.79565	0.00500	0.04608
CID_6437380	R-HSA-162582_R-HSA-372790_R-HSA-388396_R-HSA-418594_R-HSA-2187338_R-HSA-2514856_R-HSA-2514859_P17252	-13.70909	0.00500	0.04608
CID_6437380	R-HSA-162582_R-HSA-372790_R-HSA-388396_R-HSA-418594_R-HSA-2187338_R-HSA-2514856_R-HSA-2514859_P35913	-14.58535	0.00500	0.04608
CID_6437380	R-HSA-162582_R-HSA-372790_R-HSA-388396_R-HSA-418594_R-HSA-2187338_R-HSA-2514856_R-HSA-2485179_P35913	-15.55435	0.00500	0.04608
CID_6446	R-HSA-1430728_R-HSA-71291_R-HSA-389661_P11177	-6.92865	0.00000	0.00000
CID_6446	R-HSA-1430728_R-HSA-163685_R-HSA-422356_R-HSA-400042_Q01668	-4.66988	0.00000	0.00000
CID_6446	R-HSA-1430728_R-HSA-163685_R-HSA-422356_R-HSA-400042_Q13936	-4.81677	0.00000	0.00000
CID_6446	R-HSA-1430728_R-HSA-163685_R-HSA-422356_R-HSA-400042_Q9NY47	-4.58766	0.00000	0.00000
CID_6446	R-HSA-1430728_R-HSA-163685_R-HSA-422356_R-HSA-400042_Q08289	-5.11171	0.00000	0.00000
CID_6446	R-HSA-1430728_R-HSA-71291_R-HSA-351202_R-HSA-350562_P20618	-6.75736	0.00000	0.00000
CID_6446	R-HSA-1430728_R-HSA-71291_R-HSA-351202_R-HSA-350562_P49721	-6.95160	0.00000	0.00000
CID_6446	R-HSA-1430728_R-HSA-71291_R-HSA-351202_R-HSA-350562_P28074	-6.72029	0.00000	0.00000
CID_6446	R-HSA-1430728_R-HSA-71291_R-HSA-351202_R-HSA-350562_P28062	-7.10032	0.00000	0.00000
CID_6446	R-HSA-1430728_R-HSA-71291_R-HSA-351202_R-HSA-350562_P25786	-7.29122	0.00000	0.00000
CID_6446	R-HSA-1430728_R-HSA-71291_R-HSA-351202_R-HSA-350562_Q99460	-7.25304	0.00000	0.00000
CID_6446	R-HSA-1430728_R-HSA-71291_R-HSA-351202_R-HSA-350562_Q13200	-7.32083	0.00000	0.00000
CID_6446	R-HSA-1430728_R-HSA-196854_R-HSA-6806667_R-HSA-975634_P09455	-9.58771	0.00000	0.00000
CID_6446	R-HSA-74160_R-HSA-73857_R-HSA-212436_R-HSA-383280_P04150	-1.72389	0.00000	0.00000
CID_6446	R-HSA-74160_R-HSA-73857_R-HSA-212436_R-HSA-383280_P10275	-2.45549	0.00000	0.00000
CID_6446	R-HSA-74160_R-HSA-73857_R-HSA-212436_R-HSA-383280_P08235	-2.28139	0.00000	0.00000
CID_6446	R-HSA-74160_R-HSA-73857_R-HSA-212436_R-HSA-383280_P03372	-2.35469	0.00000	0.00000
CID_6446	R-HSA-74160_R-HSA-73857_R-HSA-212436_R-HSA-383280_P48443	-3.05227	0.00000	0.00000
CID_6446	R-HSA-74160_R-HSA-73857_R-HSA-212436_R-HSA-383280_P19793	-2.37220	0.00000	0.00000
CID_6446	R-HSA-74160_R-HSA-73857_R-HSA-212436_R-HSA-383280_P06401	-2.11820	0.00000	0.00000
CID_6446	R-HSA-74160_R-HSA-73857_R-HSA-212436_R-HSA-383280_P62508	-2.40555	0.00000	0.00000
CID_6446	R-HSA-74160_R-HSA-73857_R-HSA-212436_R-HSA-383280_P10827	-3.50494	0.00000	0.00000
CID_6446	R-HSA-74160_R-HSA-73857_R-HSA-212436_R-HSA-383280_P10828	-3.50017	0.00000	0.00000
CID_6446	R-HSA-74160_R-HSA-73857_R-HSA-212436_R-HSA-383280_P51843	-2.12535	0.00000	0.00000
CID_6446	R-HSA-74160_R-HSA-73857_R-HSA-212436_R-HSA-383280_O75376	-2.55799	0.00000	0.00000
CID_6446	R-HSA-1430728_R-HSA-1428517_R-HSA-163200_R-HSA-611105_R-HSA-6799198_P19404	-11.86453	0.00000	0.00000
CID_6446	R-HSA-1430728_R-HSA-1428517_R-HSA-163200_R-HSA-611105_R-HSA-6799198_Q16795	-11.86383	0.00000	0.00000
CID_6446	R-HSA-1430728_R-HSA-1428517_R-HSA-163200_R-HSA-611105_R-HSA-6799198_O95182	-11.86535	0.00000	0.00000
CID_6446	R-HSA-1430728_R-HSA-1428517_R-HSA-163200_R-HSA-611105_R-HSA-6799198_P56556	-11.86414	0.00000	0.00000
CID_6446	R-HSA-1430728_R-HSA-1428517_R-HSA-163200_R-HSA-611105_R-HSA-6799198_O95167	-11.86413	0.00000	0.00000
CID_6446	R-HSA-1430728_R-HSA-1428517_R-HSA-163200_R-HSA-611105_R-HSA-6799198_O95299	-11.86409	0.00000	0.00000
CID_6446	R-HSA-1430728_R-HSA-1428517_R-HSA-163200_R-HSA-611105_R-HSA-6799198_O75438	-11.86499	0.00000	0.00000
CID_6446	R-HSA-1430728_R-HSA-1428517_R-HSA-163200_R-HSA-611105_R-HSA-6799198_O95178	-11.86478	0.00000	0.00000
CID_6446	R-HSA-1430728_R-HSA-1428517_R-HSA-163200_R-HSA-611105_R-HSA-6799198_O43920	-11.86449	0.00000	0.00000
CID_6446	R-HSA-1430728_R-HSA-1428517_R-HSA-163200_R-HSA-611105_R-HSA-6799198_O43181	-11.86385	0.00000	0.00000
CID_6446	R-HSA-1430728_R-HSA-1428517_R-HSA-163200_R-HSA-611105_R-HSA-6799198_P49821	-11.86385	0.00000	0.00000
CID_6446	R-HSA-1430728_R-HSA-1428517_R-HSA-163200_R-HSA-611105_R-HSA-6799198_O75489	-11.86433	0.00000	0.00000
CID_6446	R-HSA-1430728_R-HSA-1428517_R-HSA-163200_R-HSA-611105_R-HSA-6799198_P56181	-11.86379	0.00000	0.00000
CID_6446	R-HSA-1430728_R-HSA-1428517_R-HSA-163200_R-HSA-611105_R-HSA-6799198_Q9Y6M9	-11.86437	0.00000	0.00000
CID_6446	R-HSA-1430728_R-HSA-1428517_R-HSA-163200_R-HSA-611105_R-HSA-6799198_P17568	-11.86438	0.00000	0.00000
CID_6446	R-HSA-1430728_R-HSA-1428517_R-HSA-163200_R-HSA-611105_R-HSA-6799198_O95139	-11.86444	0.00000	0.00000
CID_6446	R-HSA-1430728_R-HSA-1428517_R-HSA-163200_R-HSA-611105_R-HSA-6799198_O95168	-11.86439	0.00000	0.00000
CID_6446	R-HSA-1430728_R-HSA-1428517_R-HSA-71406_R-HSA-70268_R-HSA-204174_P19793	-10.02893	0.00000	0.00000
CID_6446	R-HSA-74160_R-HSA-73857_R-HSA-212436_R-HSA-8864260_R-HSA-8866910_P10721	-6.17311	0.00000	0.00000
CID_6446	R-HSA-74160_R-HSA-73857_R-HSA-212436_R-HSA-9614085_R-HSA-9617629_Q96EB6	-6.87479	0.00000	0.00000
CID_6446	R-HSA-74160_R-HSA-73857_R-HSA-212436_R-HSA-8878166_R-HSA-8939902_P04150	-3.24230	0.00000	0.00000
CID_6446	R-HSA-74160_R-HSA-73857_R-HSA-212436_R-HSA-8878166_R-HSA-8939902_P20618	-3.84052	0.00000	0.00000
CID_6446	R-HSA-74160_R-HSA-73857_R-HSA-212436_R-HSA-8878166_R-HSA-8939902_P49721	-4.03477	0.00000	0.00000
CID_6446	R-HSA-74160_R-HSA-73857_R-HSA-212436_R-HSA-8878166_R-HSA-8939902_P28074	-3.80345	0.00000	0.00000
CID_6446	R-HSA-74160_R-HSA-73857_R-HSA-212436_R-HSA-8878166_R-HSA-8939902_P28062	-4.18348	0.00000	0.00000
CID_6446	R-HSA-74160_R-HSA-73857_R-HSA-212436_R-HSA-8878166_R-HSA-8939902_P25786	-4.37438	0.00000	0.00000
CID_6446	R-HSA-74160_R-HSA-73857_R-HSA-212436_R-HSA-8878166_R-HSA-8939902_Q99460	-4.33620	0.00000	0.00000
CID_6446	R-HSA-74160_R-HSA-73857_R-HSA-212436_R-HSA-8878166_R-HSA-8939902_Q13200	-4.40399	0.00000	0.00000
CID_6446	R-HSA-74160_R-HSA-73857_R-HSA-212436_R-HSA-8878166_R-HSA-8941326_R-HSA-8940973_P10275	-6.74332	0.00000	0.00000
CID_6446	R-HSA-74160_R-HSA-73857_R-HSA-212436_R-HSA-8878166_R-HSA-8941326_R-HSA-8940973_Q9UBN7	-7.25620	0.00000	0.00000
CID_6446	R-HSA-74160_R-HSA-73857_R-HSA-212436_R-HSA-3700989_R-HSA-5633008_R-HSA-6803204_P04637	-11.28498	0.00000	0.00000
CID_6446	R-HSA-74160_R-HSA-73857_R-HSA-212436_R-HSA-3700989_R-HSA-5633008_R-HSA-6803207_P04637	-10.73605	0.00000	0.00000
CID_6446	R-HSA-74160_R-HSA-73857_R-HSA-212436_R-HSA-3700989_R-HSA-5633008_R-HSA-6803211_P04637	-11.02572	0.00000	0.00000
CID_6446	R-HSA-1430728_R-HSA-1483249_R-HSA-1855204_P0DP23	-5.57531	0.00500	0.04608
CID_6446	R-HSA-1430728_R-HSA-202131_R-HSA-203615_P0DP23	-5.01386	0.00500	0.04608
CID_6446	R-HSA-1430728_R-HSA-202131_R-HSA-203615_P29474	-5.31340	0.00500	0.04608
CID_6446	R-HSA-1430728_R-HSA-163685_R-HSA-163767_P62714	-5.80403	0.00500	0.04608
CID_6446	R-HSA-1430728_R-HSA-71291_R-HSA-389661_Q02218	-5.89104	0.00500	0.04608
CID_6446	R-HSA-1430728_R-HSA-71291_R-HSA-389661_O14561	-6.84871	0.00500	0.04608
CID_6446	R-HSA-1430728_R-HSA-71291_R-HSA-70895_P54687	-6.07564	0.00500	0.04608
CID_6446	R-HSA-1430728_R-HSA-71291_R-HSA-71288_P48066	-6.09534	0.00500	0.04608
CID_6446	R-HSA-1430728_R-HSA-71291_R-HSA-70921_P50135	-6.48058	0.00500	0.04608
CID_6446	R-HSA-1430728_R-HSA-71291_R-HSA-71064_Q02218	-5.84975	0.00500	0.04608
CID_6446	R-HSA-1430728_R-HSA-163685_R-HSA-422356_R-HSA-381676_Q9BQ31	-3.61841	0.00500	0.04608
CID_6446	R-HSA-1430728_R-HSA-71291_R-HSA-209776_R-HSA-209931_P17752	-7.32459	0.00500	0.04608
CID_6446	R-HSA-1430728_R-HSA-71291_R-HSA-2408522_R-HSA-2408557_P39023	-7.12295	0.00500	0.04608
CID_6446	R-HSA-1430728_R-HSA-71291_R-HSA-2408522_R-HSA-2408508_P50135	-8.45276	0.00500	0.04608
CID_6446	R-HSA-1430728_R-HSA-71291_R-HSA-2408522_R-HSA-2408508_P40261	-8.30741	0.00500	0.04608
CID_6446	R-HSA-1430728_R-HSA-1428517_R-HSA-163200_R-HSA-163210_P30049	-8.28548	0.00500	0.04608
CID_6446	R-HSA-1430728_R-HSA-196854_R-HSA-6806667_R-HSA-975634_P02753	-9.62898	0.00500	0.04608
CID_6446	R-HSA-1430728_R-HSA-196854_R-HSA-8978934_R-HSA-1474151_P0DP23	-7.57423	0.00500	0.04608
CID_6446	R-HSA-1430728_R-HSA-196854_R-HSA-8978934_R-HSA-1474151_P29474	-7.87377	0.00500	0.04608
CID_6446	R-HSA-1430728_R-HSA-196854_R-HSA-196849_R-HSA-196757_P41440	-9.42864	0.00500	0.04608
CID_6446	R-HSA-1430728_R-HSA-71387_R-HSA-8982491_R-HSA-70221_P0DP23	-6.35159	0.00500	0.04608
CID_6446	R-HSA-1430728_R-HSA-71387_R-HSA-70326_R-HSA-70263_P11498	-8.15816	0.00500	0.04608
CID_6446	R-HSA-74160_R-HSA-73857_R-HSA-212436_R-HSA-350054_O75376	-3.96225	0.00500	0.04608
CID_6446	R-HSA-74160_R-HSA-73857_R-HSA-212436_R-HSA-350054_Q9UBN7	-4.37264	0.00500	0.04608
CID_6446	R-HSA-74160_R-HSA-73857_R-HSA-212436_R-HSA-383280_P13631	-4.03759	0.00500	0.04608
CID_6446	R-HSA-1430728_R-HSA-1428517_R-HSA-163200_R-HSA-611105_R-HSA-6799198_P51970	-11.86526	0.00500	0.04608
CID_6446	R-HSA-1430728_R-HSA-1428517_R-HSA-163200_R-HSA-611105_R-HSA-6799198_Q16718	-11.86431	0.00500	0.04608
CID_6446	R-HSA-1430728_R-HSA-1428517_R-HSA-163200_R-HSA-611105_R-HSA-6799198_O43678	-11.86390	0.00500	0.04608
CID_6446	R-HSA-1430728_R-HSA-1428517_R-HSA-163200_R-HSA-611105_R-HSA-6799198_O15239	-11.86445	0.00500	0.04608
CID_6446	R-HSA-1430728_R-HSA-1428517_R-HSA-163200_R-HSA-611105_R-HSA-6799198_O14561	-11.01532	0.00500	0.04608
CID_6446	R-HSA-1430728_R-HSA-1428517_R-HSA-163200_R-HSA-611105_R-HSA-6799198_O00217	-11.86424	0.00500	0.04608
CID_6446	R-HSA-1430728_R-HSA-1428517_R-HSA-163200_R-HSA-611105_R-HSA-6799198_O75380	-11.86478	0.00500	0.04608
CID_6446	R-HSA-1430728_R-HSA-1428517_R-HSA-163200_R-HSA-611105_R-HSA-6799198_O75306	-11.86510	0.00500	0.04608
CID_6446	R-HSA-1430728_R-HSA-1428517_R-HSA-163200_R-HSA-611105_R-HSA-6799198_P28331	-11.86397	0.00500	0.04608
CID_6446	R-HSA-1430728_R-HSA-1428517_R-HSA-163200_R-HSA-611105_R-HSA-6799198_O95298	-11.86427	0.00500	0.04608
CID_6446	R-HSA-1430728_R-HSA-1428517_R-HSA-163200_R-HSA-611105_R-HSA-6799198_O43677	-11.86412	0.00500	0.04608
CID_6446	R-HSA-1430728_R-HSA-1428517_R-HSA-163200_R-HSA-611105_R-HSA-6799198_O96000	-11.86424	0.00500	0.04608
CID_6446	R-HSA-1430728_R-HSA-1428517_R-HSA-163200_R-HSA-611105_R-HSA-6799198_O95169	-11.86451	0.00500	0.04608
CID_6446	R-HSA-1430728_R-HSA-1428517_R-HSA-163200_R-HSA-611105_R-HSA-6799198_O43674	-11.86454	0.00500	0.04608
CID_6446	R-HSA-1430728_R-HSA-1428517_R-HSA-163200_R-HSA-611105_R-HSA-6799198_O43676	-11.86398	0.00500	0.04608
CID_6446	R-HSA-74160_R-HSA-73857_R-HSA-212436_R-HSA-8878171_R-HSA-8939236_P20618	-5.99417	0.00500	0.04608
CID_6446	R-HSA-74160_R-HSA-73857_R-HSA-212436_R-HSA-8878171_R-HSA-8939236_P28074	-5.95710	0.00500	0.04608
CID_6446	R-HSA-74160_R-HSA-73857_R-HSA-212436_R-HSA-8878171_R-HSA-8939236_P25786	-6.52803	0.00500	0.04608
CID_6446	R-HSA-74160_R-HSA-73857_R-HSA-212436_R-HSA-8878171_R-HSA-8939236_Q99460	-6.48985	0.00500	0.04608
CID_6446	R-HSA-74160_R-HSA-73857_R-HSA-212436_R-HSA-8878171_R-HSA-8939236_Q13200	-6.55764	0.00500	0.04608
CID_6446	R-HSA-74160_R-HSA-73857_R-HSA-212436_R-HSA-8878171_R-HSA-8931987_P03372	-6.16322	0.00500	0.04608
CID_6446	R-HSA-74160_R-HSA-73857_R-HSA-212436_R-HSA-8878171_R-HSA-8939246_P05771	-7.23856	0.00500	0.04608
CID_6446	R-HSA-74160_R-HSA-73857_R-HSA-212436_R-HSA-8878166_R-HSA-8939902_P03372	-3.87310	0.00500	0.04608
CID_6446	R-HSA-74160_R-HSA-73857_R-HSA-212436_R-HSA-3700989_R-HSA-5628897_O00483	-7.37862	0.00500	0.04608
CID_667466	R-HSA-1430728_R-HSA-1483249_R-HSA-1855204_P0DP23	-3.49301	0.00000	0.00000
CID_667466	R-HSA-1430728_R-HSA-202131_R-HSA-203615_P0DP23	-2.93683	0.00000	0.00000
CID_667466	R-HSA-1430728_R-HSA-202131_R-HSA-203615_P29474	-3.10837	0.00000	0.00000
CID_667466	R-HSA-1430728_R-HSA-15869_R-HSA-499943_P04818	-3.60184	0.00000	0.00000
CID_667466	R-HSA-1430728_R-HSA-163685_R-HSA-163765_P30613	-2.48932	0.00000	0.00000
CID_667466	R-HSA-1430728_R-HSA-163685_R-HSA-163767_P62714	-3.58994	0.00000	0.00000
CID_667466	R-HSA-1430728_R-HSA-71291_R-HSA-389661_Q02218	-3.67549	0.00000	0.00000
CID_667466	R-HSA-1430728_R-HSA-71291_R-HSA-389661_P11177	-4.71369	0.00000	0.00000
CID_667466	R-HSA-1430728_R-HSA-71291_R-HSA-70895_P54687	-3.86083	0.00000	0.00000
CID_667466	R-HSA-1430728_R-HSA-71291_R-HSA-71288_P48066	-3.88086	0.00000	0.00000
CID_667466	R-HSA-1430728_R-HSA-71291_R-HSA-70921_P50135	-4.26566	0.00000	0.00000
CID_667466	R-HSA-1430728_R-HSA-71291_R-HSA-71064_Q02218	-3.63422	0.00000	0.00000
CID_667466	R-HSA-1430728_R-HSA-15869_R-HSA-8956319_R-HSA-73621_P19971	-4.85655	0.00000	0.00000
CID_667466	R-HSA-1430728_R-HSA-15869_R-HSA-8956319_R-HSA-73621_Q16831	-5.11278	0.00000	0.00000
CID_667466	R-HSA-1430728_R-HSA-15869_R-HSA-8956321_R-HSA-74217_P00813	-4.81894	0.00000	0.00000
CID_667466	R-HSA-1430728_R-HSA-15869_R-HSA-8956321_R-HSA-73614_P19971	-5.19484	0.00000	0.00000
CID_667466	R-HSA-1430728_R-HSA-15869_R-HSA-8956321_R-HSA-73614_Q16831	-5.45106	0.00000	0.00000
CID_667466	R-HSA-1430728_R-HSA-163685_R-HSA-422356_R-HSA-400042_Q01668	-1.94492	0.00000	0.00000
CID_667466	R-HSA-1430728_R-HSA-163685_R-HSA-422356_R-HSA-400042_Q13936	-2.09181	0.00000	0.00000
CID_667466	R-HSA-1430728_R-HSA-163685_R-HSA-422356_R-HSA-400042_Q9NY47	-1.86269	0.00000	0.00000
CID_667466	R-HSA-1430728_R-HSA-163685_R-HSA-422356_R-HSA-400042_Q08289	-2.38675	0.00000	0.00000
CID_667466	R-HSA-1430728_R-HSA-163685_R-HSA-422356_R-HSA-381676_Q9BQ31	-0.89321	0.00000	0.00000
CID_667466	R-HSA-1430728_R-HSA-71291_R-HSA-209776_R-HSA-209931_P17752	-4.58937	0.00000	0.00000
CID_667466	R-HSA-1430728_R-HSA-71291_R-HSA-2408522_R-HSA-2408557_P39023	-4.38704	0.00000	0.00000
CID_667466	R-HSA-1430728_R-HSA-71291_R-HSA-2408522_R-HSA-2408508_P50135	-5.71687	0.00000	0.00000
CID_667466	R-HSA-1430728_R-HSA-71291_R-HSA-2408522_R-HSA-2408508_P40261	-5.57110	0.00000	0.00000
CID_667466	R-HSA-1430728_R-HSA-71291_R-HSA-351202_R-HSA-350562_P20618	-4.25035	0.00000	0.00000
CID_667466	R-HSA-1430728_R-HSA-71291_R-HSA-351202_R-HSA-350562_P49721	-4.49400	0.00000	0.00000
CID_667466	R-HSA-1430728_R-HSA-71291_R-HSA-351202_R-HSA-350562_P28074	-4.21703	0.00000	0.00000
CID_667466	R-HSA-1430728_R-HSA-71291_R-HSA-351202_R-HSA-350562_P28062	-4.77104	0.00000	0.00000
CID_667466	R-HSA-1430728_R-HSA-71291_R-HSA-351202_R-HSA-350562_P25786	-4.72914	0.00000	0.00000
CID_667466	R-HSA-1430728_R-HSA-71291_R-HSA-351202_R-HSA-350562_Q99460	-4.68710	0.00000	0.00000
CID_667466	R-HSA-1430728_R-HSA-71291_R-HSA-351202_R-HSA-350562_Q13200	-4.76077	0.00000	0.00000
CID_667466	R-HSA-1430728_R-HSA-1428517_R-HSA-71406_R-HSA-71403_Q02218	-5.39166	0.00000	0.00000
CID_667466	R-HSA-1430728_R-HSA-196854_R-HSA-6806667_R-HSA-975634_O95237	-6.73453	0.00000	0.00000
CID_667466	R-HSA-1430728_R-HSA-196854_R-HSA-6806667_R-HSA-975634_P02753	-6.82799	0.00000	0.00000
CID_667466	R-HSA-1430728_R-HSA-196854_R-HSA-6806667_R-HSA-975634_P50120	-6.94063	0.00000	0.00000
CID_667466	R-HSA-1430728_R-HSA-196854_R-HSA-6806667_R-HSA-975634_P09455	-6.78660	0.00000	0.00000
CID_667466	R-HSA-1430728_R-HSA-196854_R-HSA-8978934_R-HSA-1474151_P0DP23	-4.96766	0.00000	0.00000
CID_667466	R-HSA-1430728_R-HSA-196854_R-HSA-8978934_R-HSA-1474151_P29474	-5.13920	0.00000	0.00000
CID_667466	R-HSA-1430728_R-HSA-196854_R-HSA-196849_R-HSA-196741_P33527	-6.89625	0.00000	0.00000
CID_667466	R-HSA-1430728_R-HSA-196854_R-HSA-196849_R-HSA-196741_Q9UBK8	-7.90544	0.00000	0.00000
CID_667466	R-HSA-1430728_R-HSA-196854_R-HSA-196849_R-HSA-196741_O60494	-7.88110	0.00000	0.00000
CID_667466	R-HSA-1430728_R-HSA-196854_R-HSA-196849_R-HSA-196780_P11498	-5.74363	0.00000	0.00000
CID_667466	R-HSA-1430728_R-HSA-196854_R-HSA-196849_R-HSA-196780_Q9Y289	-8.12830	0.00000	0.00000
CID_667466	R-HSA-1430728_R-HSA-196854_R-HSA-196849_R-HSA-196757_Q96NT5	-6.60612	0.00000	0.00000
CID_667466	R-HSA-1430728_R-HSA-196854_R-HSA-196849_R-HSA-196757_P41440	-6.69022	0.00000	0.00000
CID_667466	R-HSA-1430728_R-HSA-196854_R-HSA-196849_R-HSA-196757_P34897	-7.20418	0.00000	0.00000
CID_667466	R-HSA-1430728_R-HSA-196854_R-HSA-196849_R-HSA-196757_P34896	-7.20293	0.00000	0.00000
CID_667466	R-HSA-1430728_R-HSA-196854_R-HSA-196849_R-HSA-196836_P78417	-5.86691	0.00000	0.00000
CID_667466	R-HSA-1430728_R-HSA-196854_R-HSA-196849_R-HSA-196836_Q9UHI7	-5.67318	0.00000	0.00000
CID_667466	R-HSA-1430728_R-HSA-71387_R-HSA-8982491_R-HSA-70221_P0DP23	-3.74428	0.00000	0.00000
CID_667466	R-HSA-1430728_R-HSA-71387_R-HSA-8982491_R-HSA-70221_P06737	-6.54061	0.00000	0.00000
CID_667466	R-HSA-1430728_R-HSA-71387_R-HSA-70326_R-HSA-70263_P11498	-5.41570	0.00000	0.00000
CID_667466	R-HSA-1430728_R-HSA-1428517_R-HSA-163200_R-HSA-611105_R-HSA-6799198_Q16795	-8.60743	0.00000	0.00000
CID_667466	R-HSA-1430728_R-HSA-1428517_R-HSA-163200_R-HSA-611105_R-HSA-6799198_P51970	-8.60886	0.00000	0.00000
CID_667466	R-HSA-1430728_R-HSA-1428517_R-HSA-163200_R-HSA-611105_R-HSA-6799198_O95167	-8.60773	0.00000	0.00000
CID_667466	R-HSA-1430728_R-HSA-1428517_R-HSA-163200_R-HSA-611105_R-HSA-6799198_O43920	-8.60809	0.00000	0.00000
CID_667466	R-HSA-1430728_R-HSA-1428517_R-HSA-163200_R-HSA-611105_R-HSA-6799198_O75306	-8.60869	0.00000	0.00000
CID_667466	R-HSA-1430728_R-HSA-1428517_R-HSA-163200_R-HSA-611105_R-HSA-6799198_O43677	-8.60772	0.00000	0.00000
CID_667466	R-HSA-1430728_R-HSA-1428517_R-HSA-163200_R-HSA-611105_R-HSA-6799198_Q9Y6M9	-8.60797	0.00000	0.00000
CID_667466	R-HSA-1430728_R-HSA-1428517_R-HSA-163200_R-HSA-611105_R-HSA-6799198_P17568	-8.60798	0.00000	0.00000
CID_667466	R-HSA-1430728_R-HSA-1428517_R-HSA-71406_R-HSA-70268_R-HSA-204174_P19793	-6.87971	0.00000	0.00000
CID_667466	R-HSA-1430728_R-HSA-1428517_R-HSA-71406_R-HSA-70268_R-HSA-204174_P11177	-8.17393	0.00000	0.00000
CID_667466	R-HSA-1430728_R-HSA-196854_R-HSA-196849_R-HSA-196807_R-HSA-197264_P40261	-6.85785	0.00000	0.00000
CID_667466	R-HSA-1430728_R-HSA-196854_R-HSA-196849_R-HSA-196807_R-HSA-197264_Q16647	-7.03822	0.00000	0.00000
CID_667466	R-HSA-1430728_R-HSA-1475029_Q8N1Q1	-2.93591	0.00500	0.04608
CID_667466	R-HSA-1430728_R-HSA-163685_R-HSA-163767_P67775	-3.90697	0.00500	0.04608
CID_667466	R-HSA-1430728_R-HSA-71291_R-HSA-389661_O14561	-4.63380	0.00500	0.04608
CID_667466	R-HSA-1430728_R-HSA-1428517_R-HSA-163200_R-HSA-163210_P30049	-5.54903	0.00500	0.04608
CID_667466	R-HSA-1430728_R-HSA-71387_R-HSA-70326_R-HSA-70263_P00558	-5.66291	0.00500	0.04608
CID_667466	R-HSA-1430728_R-HSA-1428517_R-HSA-163200_R-HSA-611105_R-HSA-6799198_P19404	-8.60813	0.00500	0.04608
CID_667466	R-HSA-1430728_R-HSA-1428517_R-HSA-163200_R-HSA-611105_R-HSA-6799198_O95182	-8.60895	0.00500	0.04608
CID_667466	R-HSA-1430728_R-HSA-1428517_R-HSA-163200_R-HSA-611105_R-HSA-6799198_P56556	-8.60774	0.00500	0.04608
CID_667466	R-HSA-1430728_R-HSA-1428517_R-HSA-163200_R-HSA-611105_R-HSA-6799198_Q16718	-8.60791	0.00500	0.04608
CID_667466	R-HSA-1430728_R-HSA-1428517_R-HSA-163200_R-HSA-611105_R-HSA-6799198_O43678	-8.60750	0.00500	0.04608
CID_667466	R-HSA-1430728_R-HSA-1428517_R-HSA-163200_R-HSA-611105_R-HSA-6799198_O15239	-8.60805	0.00500	0.04608
CID_667466	R-HSA-1430728_R-HSA-1428517_R-HSA-163200_R-HSA-611105_R-HSA-6799198_O95299	-8.60769	0.00500	0.04608
CID_667466	R-HSA-1430728_R-HSA-1428517_R-HSA-163200_R-HSA-611105_R-HSA-6799198_O14561	-7.75865	0.00500	0.04608
CID_667466	R-HSA-1430728_R-HSA-1428517_R-HSA-163200_R-HSA-611105_R-HSA-6799198_O75438	-8.60859	0.00500	0.04608
CID_667466	R-HSA-1430728_R-HSA-1428517_R-HSA-163200_R-HSA-611105_R-HSA-6799198_O95178	-8.60838	0.00500	0.04608
CID_667466	R-HSA-1430728_R-HSA-1428517_R-HSA-163200_R-HSA-611105_R-HSA-6799198_O00217	-8.60784	0.00500	0.04608
CID_667466	R-HSA-1430728_R-HSA-1428517_R-HSA-163200_R-HSA-611105_R-HSA-6799198_O75380	-8.60838	0.00500	0.04608
CID_667466	R-HSA-1430728_R-HSA-1428517_R-HSA-163200_R-HSA-611105_R-HSA-6799198_O43181	-8.60745	0.00500	0.04608
CID_667466	R-HSA-1430728_R-HSA-1428517_R-HSA-163200_R-HSA-611105_R-HSA-6799198_P49821	-8.60745	0.00500	0.04608
CID_667466	R-HSA-1430728_R-HSA-1428517_R-HSA-163200_R-HSA-611105_R-HSA-6799198_O75489	-8.60793	0.00500	0.04608
CID_667466	R-HSA-1430728_R-HSA-1428517_R-HSA-163200_R-HSA-611105_R-HSA-6799198_P56181	-8.60739	0.00500	0.04608
CID_667466	R-HSA-1430728_R-HSA-1428517_R-HSA-163200_R-HSA-611105_R-HSA-6799198_P28331	-8.60757	0.00500	0.04608
CID_667466	R-HSA-1430728_R-HSA-1428517_R-HSA-163200_R-HSA-611105_R-HSA-6799198_O95298	-8.60787	0.00500	0.04608
CID_667466	R-HSA-1430728_R-HSA-1428517_R-HSA-163200_R-HSA-611105_R-HSA-6799198_O96000	-8.60784	0.00500	0.04608
CID_667466	R-HSA-1430728_R-HSA-1428517_R-HSA-163200_R-HSA-611105_R-HSA-6799198_O95169	-8.60811	0.00500	0.04608
CID_667466	R-HSA-1430728_R-HSA-1428517_R-HSA-163200_R-HSA-611105_R-HSA-6799198_O95139	-8.60804	0.00500	0.04608
CID_667466	R-HSA-1430728_R-HSA-1428517_R-HSA-163200_R-HSA-611105_R-HSA-6799198_O43674	-8.60814	0.00500	0.04608
CID_667466	R-HSA-1430728_R-HSA-1428517_R-HSA-163200_R-HSA-611105_R-HSA-6799198_O95168	-8.60799	0.00500	0.04608
CID_667466	R-HSA-1430728_R-HSA-1428517_R-HSA-163200_R-HSA-611105_R-HSA-6799198_O43676	-8.60758	0.00500	0.04608
CID_667466	R-HSA-1430728_R-HSA-71387_R-HSA-70326_R-HSA-70171_R-HSA-9634600_P62714	-6.84440	0.00500	0.04608
CID_667466	R-HSA-1430728_R-HSA-71387_R-HSA-70326_R-HSA-70171_R-HSA-9634600_P67775	-7.16143	0.00500	0.04608
CID_6741	R-HSA-1430728_R-HSA-1483249_R-HSA-1855204_P0DP23	-5.48871	0.00000	0.00000
CID_6741	R-HSA-1430728_R-HSA-15869_R-HSA-499943_P04818	-5.65088	0.00000	0.00000
CID_6741	R-HSA-1430728_R-HSA-71291_R-HSA-389661_Q02218	-5.72453	0.00000	0.00000
CID_6741	R-HSA-1430728_R-HSA-71291_R-HSA-389661_O14561	-6.68284	0.00000	0.00000
CID_6741	R-HSA-1430728_R-HSA-71291_R-HSA-389661_P11177	-6.76273	0.00000	0.00000
CID_6741	R-HSA-1430728_R-HSA-71291_R-HSA-70895_P54687	-5.90986	0.00000	0.00000
CID_6741	R-HSA-1430728_R-HSA-71291_R-HSA-71288_P48066	-5.92990	0.00000	0.00000
CID_6741	R-HSA-1430728_R-HSA-71291_R-HSA-70921_P50135	-6.31470	0.00000	0.00000
CID_6741	R-HSA-1430728_R-HSA-71291_R-HSA-71064_Q02218	-5.68326	0.00000	0.00000
CID_6741	R-HSA-1430728_R-HSA-15869_R-HSA-8956319_R-HSA-73621_P19971	-7.41785	0.00000	0.00000
CID_6741	R-HSA-1430728_R-HSA-15869_R-HSA-8956319_R-HSA-73621_Q16831	-7.67407	0.00000	0.00000
CID_6741	R-HSA-1430728_R-HSA-15869_R-HSA-8956321_R-HSA-73614_P19971	-7.75613	0.00000	0.00000
CID_6741	R-HSA-1430728_R-HSA-15869_R-HSA-8956321_R-HSA-73614_Q16831	-8.01235	0.00000	0.00000
CID_6741	R-HSA-1430728_R-HSA-163685_R-HSA-422356_R-HSA-400042_Q01668	-4.50621	0.00000	0.00000
CID_6741	R-HSA-1430728_R-HSA-163685_R-HSA-422356_R-HSA-400042_Q13936	-4.65310	0.00000	0.00000
CID_6741	R-HSA-1430728_R-HSA-163685_R-HSA-422356_R-HSA-400042_Q9NY47	-4.42399	0.00000	0.00000
CID_6741	R-HSA-1430728_R-HSA-71291_R-HSA-209776_R-HSA-209931_P17752	-7.15066	0.00000	0.00000
CID_6741	R-HSA-1430728_R-HSA-71291_R-HSA-2408522_R-HSA-2408557_P39023	-6.94833	0.00000	0.00000
CID_6741	R-HSA-1430728_R-HSA-71291_R-HSA-2408522_R-HSA-2408508_P50135	-8.27816	0.00000	0.00000
CID_6741	R-HSA-1430728_R-HSA-71291_R-HSA-2408522_R-HSA-2408508_P40261	-8.13240	0.00000	0.00000
CID_6741	R-HSA-1430728_R-HSA-71291_R-HSA-351202_R-HSA-350562_P20618	-6.59070	0.00000	0.00000
CID_6741	R-HSA-1430728_R-HSA-71291_R-HSA-351202_R-HSA-350562_P49721	-6.79589	0.00000	0.00000
CID_6741	R-HSA-1430728_R-HSA-71291_R-HSA-351202_R-HSA-350562_P28074	-6.55654	0.00000	0.00000
CID_6741	R-HSA-1430728_R-HSA-71291_R-HSA-351202_R-HSA-350562_P28062	-6.94792	0.00000	0.00000
CID_6741	R-HSA-1430728_R-HSA-71291_R-HSA-351202_R-HSA-350562_P25786	-7.11914	0.00000	0.00000
CID_6741	R-HSA-1430728_R-HSA-71291_R-HSA-351202_R-HSA-350562_Q99460	-7.08004	0.00000	0.00000
CID_6741	R-HSA-1430728_R-HSA-71291_R-HSA-351202_R-HSA-350562_Q13200	-7.14877	0.00000	0.00000
CID_6741	R-HSA-1430728_R-HSA-1428517_R-HSA-163200_R-HSA-163210_P30049	-8.11032	0.00000	0.00000
CID_6741	R-HSA-1430728_R-HSA-1428517_R-HSA-71406_R-HSA-71403_Q02218	-7.95296	0.00000	0.00000
CID_6741	R-HSA-1430728_R-HSA-196854_R-HSA-6806667_R-HSA-975634_O95237	-9.35612	0.00000	0.00000
CID_6741	R-HSA-1430728_R-HSA-196854_R-HSA-6806667_R-HSA-975634_P02753	-9.45066	0.00000	0.00000
CID_6741	R-HSA-1430728_R-HSA-196854_R-HSA-6806667_R-HSA-975634_P50120	-9.55181	0.00000	0.00000
CID_6741	R-HSA-1430728_R-HSA-196854_R-HSA-6806667_R-HSA-975634_P09455	-9.40938	0.00000	0.00000
CID_6741	R-HSA-1430728_R-HSA-196854_R-HSA-8978934_R-HSA-1474151_P0DP23	-7.47561	0.00000	0.00000
CID_6741	R-HSA-1430728_R-HSA-196854_R-HSA-8978934_R-HSA-1474151_P29474	-7.70050	0.00000	0.00000
CID_6741	R-HSA-1430728_R-HSA-196854_R-HSA-196849_R-HSA-196741_P33527	-9.45755	0.00000	0.00000
CID_6741	R-HSA-1430728_R-HSA-196854_R-HSA-196849_R-HSA-196741_Q9UBK8	-10.46674	0.00000	0.00000
CID_6741	R-HSA-1430728_R-HSA-196854_R-HSA-196849_R-HSA-196741_O60494	-10.44239	0.00000	0.00000
CID_6741	R-HSA-1430728_R-HSA-196854_R-HSA-196849_R-HSA-196780_P11498	-8.30492	0.00000	0.00000
CID_6741	R-HSA-1430728_R-HSA-196854_R-HSA-196849_R-HSA-196780_Q9Y289	-10.68959	0.00000	0.00000
CID_6741	R-HSA-1430728_R-HSA-196854_R-HSA-196849_R-HSA-196757_Q96NT5	-9.16741	0.00000	0.00000
CID_6741	R-HSA-1430728_R-HSA-196854_R-HSA-196849_R-HSA-196757_P41440	-9.25152	0.00000	0.00000
CID_6741	R-HSA-1430728_R-HSA-196854_R-HSA-196849_R-HSA-196757_P34897	-9.76548	0.00000	0.00000
CID_6741	R-HSA-1430728_R-HSA-196854_R-HSA-196849_R-HSA-196757_P34896	-9.76422	0.00000	0.00000
CID_6741	R-HSA-1430728_R-HSA-196854_R-HSA-196849_R-HSA-196836_P78417	-8.42820	0.00000	0.00000
CID_6741	R-HSA-1430728_R-HSA-196854_R-HSA-196849_R-HSA-196836_Q9UHI7	-8.23447	0.00000	0.00000
CID_6741	R-HSA-1430728_R-HSA-71387_R-HSA-8982491_R-HSA-70221_P0DP23	-6.25224	0.00000	0.00000
CID_6741	R-HSA-1430728_R-HSA-71387_R-HSA-70326_R-HSA-70263_P11498	-7.97699	0.00000	0.00000
CID_6741	R-HSA-74160_R-HSA-73857_R-HSA-212436_R-HSA-350054_Q9UBN7	-4.77435	0.00000	0.00000
CID_6741	R-HSA-74160_R-HSA-73857_R-HSA-212436_R-HSA-383280_P04150	-1.96033	0.00000	0.00000
CID_6741	R-HSA-74160_R-HSA-73857_R-HSA-212436_R-HSA-383280_P10275	-2.80607	0.00000	0.00000
CID_6741	R-HSA-74160_R-HSA-73857_R-HSA-212436_R-HSA-383280_P08235	-2.59821	0.00000	0.00000
CID_6741	R-HSA-74160_R-HSA-73857_R-HSA-212436_R-HSA-383280_P03372	-3.00844	0.00000	0.00000
CID_6741	R-HSA-74160_R-HSA-73857_R-HSA-212436_R-HSA-383280_P48443	-3.20467	0.00000	0.00000
CID_6741	R-HSA-74160_R-HSA-73857_R-HSA-212436_R-HSA-383280_P19793	-2.57672	0.00000	0.00000
CID_6741	R-HSA-74160_R-HSA-73857_R-HSA-212436_R-HSA-383280_P06401	-2.45675	0.00000	0.00000
CID_6741	R-HSA-74160_R-HSA-73857_R-HSA-212436_R-HSA-383280_P62508	-2.67093	0.00000	0.00000
CID_6741	R-HSA-74160_R-HSA-73857_R-HSA-212436_R-HSA-383280_P10827	-3.56454	0.00000	0.00000
CID_6741	R-HSA-74160_R-HSA-73857_R-HSA-212436_R-HSA-383280_P10828	-3.56183	0.00000	0.00000
CID_6741	R-HSA-74160_R-HSA-73857_R-HSA-212436_R-HSA-383280_P51843	-2.46847	0.00000	0.00000
CID_6741	R-HSA-74160_R-HSA-73857_R-HSA-212436_R-HSA-383280_O75376	-2.79448	0.00000	0.00000
CID_6741	R-HSA-1430728_R-HSA-1428517_R-HSA-163200_R-HSA-611105_R-HSA-6799198_P19404	-11.68169	0.00000	0.00000
CID_6741	R-HSA-1430728_R-HSA-1428517_R-HSA-163200_R-HSA-611105_R-HSA-6799198_Q16795	-11.68098	0.00000	0.00000
CID_6741	R-HSA-1430728_R-HSA-1428517_R-HSA-163200_R-HSA-611105_R-HSA-6799198_P51970	-11.68242	0.00000	0.00000
CID_6741	R-HSA-1430728_R-HSA-1428517_R-HSA-163200_R-HSA-611105_R-HSA-6799198_O95182	-11.68250	0.00000	0.00000
CID_6741	R-HSA-1430728_R-HSA-1428517_R-HSA-163200_R-HSA-611105_R-HSA-6799198_P56556	-11.68129	0.00000	0.00000
CID_6741	R-HSA-1430728_R-HSA-1428517_R-HSA-163200_R-HSA-611105_R-HSA-6799198_Q16718	-11.68146	0.00000	0.00000
CID_6741	R-HSA-1430728_R-HSA-1428517_R-HSA-163200_R-HSA-611105_R-HSA-6799198_O95167	-11.68129	0.00000	0.00000
CID_6741	R-HSA-1430728_R-HSA-1428517_R-HSA-163200_R-HSA-611105_R-HSA-6799198_O43678	-11.68105	0.00000	0.00000
CID_6741	R-HSA-1430728_R-HSA-1428517_R-HSA-163200_R-HSA-611105_R-HSA-6799198_O15239	-11.68161	0.00000	0.00000
CID_6741	R-HSA-1430728_R-HSA-1428517_R-HSA-163200_R-HSA-611105_R-HSA-6799198_O95299	-11.68124	0.00000	0.00000
CID_6741	R-HSA-1430728_R-HSA-1428517_R-HSA-163200_R-HSA-611105_R-HSA-6799198_O14561	-10.83221	0.00000	0.00000
CID_6741	R-HSA-1430728_R-HSA-1428517_R-HSA-163200_R-HSA-611105_R-HSA-6799198_O75438	-11.68214	0.00000	0.00000
CID_6741	R-HSA-1430728_R-HSA-1428517_R-HSA-163200_R-HSA-611105_R-HSA-6799198_O95178	-11.68194	0.00000	0.00000
CID_6741	R-HSA-1430728_R-HSA-1428517_R-HSA-163200_R-HSA-611105_R-HSA-6799198_O00217	-11.68140	0.00000	0.00000
CID_6741	R-HSA-1430728_R-HSA-1428517_R-HSA-163200_R-HSA-611105_R-HSA-6799198_O75380	-11.68193	0.00000	0.00000
CID_6741	R-HSA-1430728_R-HSA-1428517_R-HSA-163200_R-HSA-611105_R-HSA-6799198_O43920	-11.68164	0.00000	0.00000
CID_6741	R-HSA-1430728_R-HSA-1428517_R-HSA-163200_R-HSA-611105_R-HSA-6799198_O43181	-11.68100	0.00000	0.00000
CID_6741	R-HSA-1430728_R-HSA-1428517_R-HSA-163200_R-HSA-611105_R-HSA-6799198_P49821	-11.68101	0.00000	0.00000
CID_6741	R-HSA-1430728_R-HSA-1428517_R-HSA-163200_R-HSA-611105_R-HSA-6799198_O75489	-11.68148	0.00000	0.00000
CID_6741	R-HSA-1430728_R-HSA-1428517_R-HSA-163200_R-HSA-611105_R-HSA-6799198_O75306	-11.68225	0.00000	0.00000
CID_6741	R-HSA-1430728_R-HSA-1428517_R-HSA-163200_R-HSA-611105_R-HSA-6799198_P56181	-11.68094	0.00000	0.00000
CID_6741	R-HSA-1430728_R-HSA-1428517_R-HSA-163200_R-HSA-611105_R-HSA-6799198_P28331	-11.68113	0.00000	0.00000
CID_6741	R-HSA-1430728_R-HSA-1428517_R-HSA-163200_R-HSA-611105_R-HSA-6799198_O95298	-11.68142	0.00000	0.00000
CID_6741	R-HSA-1430728_R-HSA-1428517_R-HSA-163200_R-HSA-611105_R-HSA-6799198_O43677	-11.68127	0.00000	0.00000
CID_6741	R-HSA-1430728_R-HSA-1428517_R-HSA-163200_R-HSA-611105_R-HSA-6799198_O96000	-11.68139	0.00000	0.00000
CID_6741	R-HSA-1430728_R-HSA-1428517_R-HSA-163200_R-HSA-611105_R-HSA-6799198_Q9Y6M9	-11.68152	0.00000	0.00000
CID_6741	R-HSA-1430728_R-HSA-1428517_R-HSA-163200_R-HSA-611105_R-HSA-6799198_O95169	-11.68166	0.00000	0.00000
CID_6741	R-HSA-1430728_R-HSA-1428517_R-HSA-163200_R-HSA-611105_R-HSA-6799198_P17568	-11.68153	0.00000	0.00000
CID_6741	R-HSA-1430728_R-HSA-1428517_R-HSA-163200_R-HSA-611105_R-HSA-6799198_O95139	-11.68160	0.00000	0.00000
CID_6741	R-HSA-1430728_R-HSA-1428517_R-HSA-163200_R-HSA-611105_R-HSA-6799198_O43674	-11.68169	0.00000	0.00000
CID_6741	R-HSA-1430728_R-HSA-1428517_R-HSA-163200_R-HSA-611105_R-HSA-6799198_O95168	-11.68154	0.00000	0.00000
CID_6741	R-HSA-1430728_R-HSA-1428517_R-HSA-163200_R-HSA-611105_R-HSA-6799198_O43676	-11.68113	0.00000	0.00000
CID_6741	R-HSA-1430728_R-HSA-1428517_R-HSA-71406_R-HSA-70268_R-HSA-204174_P19793	-9.81084	0.00000	0.00000
CID_6741	R-HSA-1430728_R-HSA-196854_R-HSA-196849_R-HSA-196807_R-HSA-197264_P40261	-9.93141	0.00000	0.00000
CID_6741	R-HSA-1430728_R-HSA-196854_R-HSA-196849_R-HSA-196807_R-HSA-197264_Q16647	-10.11178	0.00000	0.00000
CID_6741	R-HSA-74160_R-HSA-73857_R-HSA-212436_R-HSA-8878159_R-HSA-8941858_P20618	-4.61091	0.00000	0.00000
CID_6741	R-HSA-74160_R-HSA-73857_R-HSA-212436_R-HSA-8878159_R-HSA-8941858_P49721	-4.81610	0.00000	0.00000
CID_6741	R-HSA-74160_R-HSA-73857_R-HSA-212436_R-HSA-8878159_R-HSA-8941858_P28074	-4.57675	0.00000	0.00000
CID_6741	R-HSA-74160_R-HSA-73857_R-HSA-212436_R-HSA-8878159_R-HSA-8941858_P28062	-4.96813	0.00000	0.00000
CID_6741	R-HSA-74160_R-HSA-73857_R-HSA-212436_R-HSA-9614085_R-HSA-9617629_Q96EB6	-7.01922	0.00000	0.00000
CID_6741	R-HSA-74160_R-HSA-73857_R-HSA-212436_R-HSA-8878166_R-HSA-8939902_P03372	-4.66788	0.00000	0.00000
CID_6741	R-HSA-74160_R-HSA-73857_R-HSA-212436_R-HSA-3700989_R-HSA-6791312_R-HSA-6804115_P04637	-7.68362	0.00000	0.00000
CID_6741	R-HSA-1430728_R-HSA-202131_R-HSA-203615_P0DP23	-4.93253	0.00500	0.04608
CID_6741	R-HSA-1430728_R-HSA-202131_R-HSA-203615_P29474	-5.15741	0.00500	0.04608
CID_6741	R-HSA-1430728_R-HSA-163685_R-HSA-163767_P62714	-5.63730	0.00500	0.04608
CID_6741	R-HSA-1430728_R-HSA-15869_R-HSA-8956321_R-HSA-74217_P00813	-7.38023	0.00500	0.04608
CID_6741	R-HSA-1430728_R-HSA-163685_R-HSA-422356_R-HSA-400042_Q08289	-4.94804	0.00500	0.04608
CID_6741	R-HSA-1430728_R-HSA-163685_R-HSA-422356_R-HSA-381676_Q9BQ31	-3.45450	0.00500	0.04608
CID_6741	R-HSA-74160_R-HSA-73857_R-HSA-212436_R-HSA-350054_O75376	-4.11258	0.00500	0.04608
CID_6741	R-HSA-74160_R-HSA-73857_R-HSA-212436_R-HSA-383280_P13631	-4.38621	0.00500	0.04608
CID_6741	R-HSA-1430728_R-HSA-1428517_R-HSA-71406_R-HSA-70268_R-HSA-204174_P11177	-11.24748	0.00500	0.04608
CID_6741	R-HSA-1430728_R-HSA-71387_R-HSA-70326_R-HSA-70171_R-HSA-9634600_P62714	-9.91628	0.00500	0.04608
CID_6741	R-HSA-1430728_R-HSA-71387_R-HSA-70326_R-HSA-70171_R-HSA-9634600_P67775	-10.21754	0.00500	0.04608
CID_6741	R-HSA-74160_R-HSA-73857_R-HSA-212436_R-HSA-8878159_R-HSA-8941855_P04637	-5.44701	0.00500	0.04608
CID_6741	R-HSA-74160_R-HSA-73857_R-HSA-212436_R-HSA-8878159_R-HSA-8941858_P25786	-5.13935	0.00500	0.04608
CID_6741	R-HSA-74160_R-HSA-73857_R-HSA-212436_R-HSA-8878159_R-HSA-8941858_Q99460	-5.10025	0.00500	0.04608
CID_6741	R-HSA-74160_R-HSA-73857_R-HSA-212436_R-HSA-8878159_R-HSA-8941858_Q13200	-5.16898	0.00500	0.04608
CID_6741	R-HSA-74160_R-HSA-73857_R-HSA-212436_R-HSA-8878171_R-HSA-8939236_P20618	-6.31204	0.00500	0.04608
CID_6741	R-HSA-74160_R-HSA-73857_R-HSA-212436_R-HSA-8878171_R-HSA-8939236_P49721	-6.51722	0.00500	0.04608
CID_6741	R-HSA-74160_R-HSA-73857_R-HSA-212436_R-HSA-8878171_R-HSA-8939236_P28074	-6.27788	0.00500	0.04608
CID_6741	R-HSA-74160_R-HSA-73857_R-HSA-212436_R-HSA-8878171_R-HSA-8939236_P28062	-6.66926	0.00500	0.04608
CID_6741	R-HSA-74160_R-HSA-73857_R-HSA-212436_R-HSA-8878171_R-HSA-8931987_P03372	-6.56272	0.00500	0.04608
CID_6741	R-HSA-74160_R-HSA-73857_R-HSA-212436_R-HSA-8878166_R-HSA-8939902_P04150	-3.61977	0.00500	0.04608
CID_6741	R-HSA-74160_R-HSA-73857_R-HSA-212436_R-HSA-8878166_R-HSA-8939902_P20618	-4.22535	0.00500	0.04608
CID_6741	R-HSA-74160_R-HSA-73857_R-HSA-212436_R-HSA-8878166_R-HSA-8939902_P49721	-4.43053	0.00500	0.04608
CID_6741	R-HSA-74160_R-HSA-73857_R-HSA-212436_R-HSA-8878166_R-HSA-8939902_P28074	-4.19119	0.00500	0.04608
CID_6741	R-HSA-74160_R-HSA-73857_R-HSA-212436_R-HSA-8878166_R-HSA-8939902_P28062	-4.58256	0.00500	0.04608
CID_6741	R-HSA-74160_R-HSA-73857_R-HSA-212436_R-HSA-8878166_R-HSA-8941326_R-HSA-8940973_Q9UBN7	-8.21859	0.00500	0.04608
CID_6741	R-HSA-74160_R-HSA-73857_R-HSA-212436_R-HSA-3700989_R-HSA-5633008_R-HSA-6803204_P04637	-11.43283	0.00500	0.04608
CID_6741	R-HSA-74160_R-HSA-73857_R-HSA-212436_R-HSA-3700989_R-HSA-5633008_R-HSA-6803207_P04637	-10.88390	0.00500	0.04608
CID_6741	R-HSA-74160_R-HSA-73857_R-HSA-212436_R-HSA-3700989_R-HSA-5633008_R-HSA-6803211_P04637	-11.17357	0.00500	0.04608
CID_82146	R-HSA-1430728_R-HSA-1483249_R-HSA-1855204_P0DP23	-4.02820	0.00000	0.00000
CID_82146	R-HSA-1430728_R-HSA-202131_R-HSA-203615_P0DP23	-4.15035	0.00000	0.00000
CID_82146	R-HSA-1430728_R-HSA-202131_R-HSA-203615_P29474	-4.53751	0.00000	0.00000
CID_82146	R-HSA-1430728_R-HSA-15869_R-HSA-499943_P04818	-3.89886	0.00000	0.00000
CID_82146	R-HSA-1430728_R-HSA-163685_R-HSA-163765_P30613	-3.46327	0.00000	0.00000
CID_82146	R-HSA-1430728_R-HSA-163685_R-HSA-163767_P62714	-3.88819	0.00000	0.00000
CID_82146	R-HSA-1430728_R-HSA-71291_R-HSA-389661_Q02218	-3.86030	0.00000	0.00000
CID_82146	R-HSA-1430728_R-HSA-71291_R-HSA-389661_O14561	-4.85474	0.00000	0.00000
CID_82146	R-HSA-1430728_R-HSA-71291_R-HSA-389661_P11177	-4.92680	0.00000	0.00000
CID_82146	R-HSA-1430728_R-HSA-71291_R-HSA-70895_P24752	-5.09649	0.00000	0.00000
CID_82146	R-HSA-1430728_R-HSA-71291_R-HSA-70895_P54687	-4.08927	0.00000	0.00000
CID_82146	R-HSA-1430728_R-HSA-71291_R-HSA-71288_P48066	-4.14157	0.00000	0.00000
CID_82146	R-HSA-1430728_R-HSA-71291_R-HSA-70921_P50135	-4.47793	0.00000	0.00000
CID_82146	R-HSA-1430728_R-HSA-71291_R-HSA-71064_Q02218	-3.82109	0.00000	0.00000
CID_82146	R-HSA-1430728_R-HSA-15869_R-HSA-8956319_R-HSA-73621_P19971	-5.27575	0.00000	0.00000
CID_82146	R-HSA-1430728_R-HSA-15869_R-HSA-8956321_R-HSA-74217_P00813	-5.33618	0.00000	0.00000
CID_82146	R-HSA-1430728_R-HSA-15869_R-HSA-8956321_R-HSA-73614_P19971	-5.67972	0.00000	0.00000
CID_82146	R-HSA-1430728_R-HSA-15869_R-HSA-8956321_R-HSA-73614_Q16831	-5.93545	0.00000	0.00000
CID_82146	R-HSA-1430728_R-HSA-163685_R-HSA-422356_R-HSA-400042_Q01668	-3.56497	0.00000	0.00000
CID_82146	R-HSA-1430728_R-HSA-163685_R-HSA-422356_R-HSA-400042_Q13936	-3.71191	0.00000	0.00000
CID_82146	R-HSA-1430728_R-HSA-163685_R-HSA-422356_R-HSA-400042_Q9NY47	-3.48277	0.00000	0.00000
CID_82146	R-HSA-1430728_R-HSA-163685_R-HSA-422356_R-HSA-400042_Q08289	-4.00683	0.00000	0.00000
CID_82146	R-HSA-1430728_R-HSA-163685_R-HSA-422356_R-HSA-381676_Q9BQ31	-2.48457	0.00000	0.00000
CID_82146	R-HSA-1430728_R-HSA-71291_R-HSA-209776_R-HSA-209931_P17752	-5.02611	0.00000	0.00000
CID_82146	R-HSA-1430728_R-HSA-71291_R-HSA-2408522_R-HSA-2408557_P39023	-4.74537	0.00000	0.00000
CID_82146	R-HSA-1430728_R-HSA-71291_R-HSA-2408522_R-HSA-2408508_P50135	-6.07972	0.00000	0.00000
CID_82146	R-HSA-1430728_R-HSA-71291_R-HSA-2408522_R-HSA-2408508_P40261	-5.92517	0.00000	0.00000
CID_82146	R-HSA-1430728_R-HSA-71291_R-HSA-351202_R-HSA-350562_P20618	-4.54348	0.00000	0.00000
CID_82146	R-HSA-1430728_R-HSA-71291_R-HSA-351202_R-HSA-350562_P49721	-4.75970	0.00000	0.00000
CID_82146	R-HSA-1430728_R-HSA-71291_R-HSA-351202_R-HSA-350562_P28074	-4.50663	0.00000	0.00000
CID_82146	R-HSA-1430728_R-HSA-71291_R-HSA-351202_R-HSA-350562_P28062	-4.98237	0.00000	0.00000
CID_82146	R-HSA-1430728_R-HSA-71291_R-HSA-351202_R-HSA-350562_P25786	-5.01981	0.00000	0.00000
CID_82146	R-HSA-1430728_R-HSA-71291_R-HSA-351202_R-HSA-350562_Q99460	-4.98327	0.00000	0.00000
CID_82146	R-HSA-1430728_R-HSA-71291_R-HSA-351202_R-HSA-350562_Q13200	-5.04772	0.00000	0.00000
CID_82146	R-HSA-1430728_R-HSA-1428517_R-HSA-71406_R-HSA-71403_Q02218	-5.65307	0.00000	0.00000
CID_82146	R-HSA-1430728_R-HSA-196854_R-HSA-8978934_R-HSA-1474151_P0DP23	-5.50337	0.00000	0.00000
CID_82146	R-HSA-1430728_R-HSA-196854_R-HSA-8978934_R-HSA-1474151_P29474	-5.89053	0.00000	0.00000
CID_82146	R-HSA-1430728_R-HSA-196854_R-HSA-196849_R-HSA-196741_Q9UBK8	-6.94941	0.00000	0.00000
CID_82146	R-HSA-1430728_R-HSA-196854_R-HSA-196849_R-HSA-196780_Q9Y289	-8.46227	0.00000	0.00000
CID_82146	R-HSA-1430728_R-HSA-196854_R-HSA-196849_R-HSA-196757_P41440	-7.02381	0.00000	0.00000
CID_82146	R-HSA-1430728_R-HSA-71387_R-HSA-8982491_R-HSA-70221_P0DP23	-4.14338	0.00000	0.00000
CID_82146	R-HSA-1430728_R-HSA-71387_R-HSA-8982491_R-HSA-70221_P06737	-6.73461	0.00000	0.00000
CID_82146	R-HSA-1430728_R-HSA-71387_R-HSA-70326_R-HSA-70263_P11498	-5.39046	0.00000	0.00000
CID_82146	R-HSA-1430728_R-HSA-71387_R-HSA-70326_R-HSA-70263_P00558	-5.58288	0.00000	0.00000
CID_82146	R-HSA-1430728_R-HSA-556833_R-HSA-400206_R-HSA-1989781_P04798	-1.69727	0.00000	0.00000
CID_82146	R-HSA-1430728_R-HSA-556833_R-HSA-400206_R-HSA-1989781_P28702	-1.28807	0.00000	0.00000
CID_82146	R-HSA-1430728_R-HSA-556833_R-HSA-400206_R-HSA-1989781_P19793	-3.87396	0.00000	0.00000
CID_82146	R-HSA-1430728_R-HSA-556833_R-HSA-400206_R-HSA-1989781_P35869	-2.36678	0.00000	0.00000
CID_82146	R-HSA-1430728_R-HSA-556833_R-HSA-400206_R-HSA-1989781_O60656	-2.29562	0.00000	0.00000
CID_82146	R-HSA-1430728_R-HSA-556833_R-HSA-400206_R-HSA-1989781_O60427	-2.22648	0.00000	0.00000
CID_82146	R-HSA-1430728_R-HSA-556833_R-HSA-400206_R-HSA-1989781_Q9Y6Q9	-2.95414	0.00000	0.00000
CID_82146	R-HSA-1430728_R-HSA-556833_R-HSA-400206_R-HSA-1989781_O75376	-2.49343	0.00000	0.00000
CID_82146	R-HSA-1430728_R-HSA-556833_R-HSA-9018678_R-HSA-2142700_Q16873	-6.28937	0.00000	0.00000
CID_82146	R-HSA-1430728_R-HSA-556833_R-HSA-8978868_R-HSA-200425_O43741	-7.01802	0.00000	0.00000
CID_82146	R-HSA-1430728_R-HSA-1428517_R-HSA-71406_R-HSA-70268_R-HSA-204174_P11177	-8.74693	0.00000	0.00000
CID_82146	R-HSA-1430728_R-HSA-556833_R-HSA-8978868_R-HSA-2142753_R-HSA-2142816_P04798	-8.49912	0.00000	0.00000
CID_82146	R-HSA-1430728_R-HSA-556833_R-HSA-8978868_R-HSA-2142753_R-HSA-2162123_P16152	-11.99330	0.00000	0.00000
CID_82146	R-HSA-1430728_R-HSA-556833_R-HSA-8978868_R-HSA-2142753_R-HSA-2162123_P24557	-12.18811	0.00000	0.00000
CID_82146	R-HSA-1430728_R-HSA-556833_R-HSA-8978868_R-HSA-2142753_R-HSA-2162123_Q16647	-10.17554	0.00000	0.00000
CID_82146	R-HSA-1430728_R-HSA-556833_R-HSA-8978868_R-HSA-77289_R-HSA-71032_P05165	-14.07967	0.00000	0.00000
CID_82146	R-HSA-1430728_R-HSA-556833_R-HSA-8978868_R-HSA-77289_R-HSA-71032_P22033	-8.65268	0.00000	0.00000
CID_82146	R-HSA-74160_R-HSA-73857_R-HSA-212436_R-HSA-8878159_R-HSA-8941858_P49721	-5.44132	0.00000	0.00000
CID_82146	R-HSA-74160_R-HSA-73857_R-HSA-212436_R-HSA-8878159_R-HSA-8941858_P28062	-5.66399	0.00000	0.00000
CID_82146	R-HSA-74160_R-HSA-73857_R-HSA-212436_R-HSA-8878159_R-HSA-8941858_P12931	-5.05439	0.00000	0.00000
CID_82146	R-HSA-1430728_R-HSA-1475029_Q8N1Q1	-2.30108	0.00500	0.04608
CID_82146	R-HSA-1430728_R-HSA-211859_R-HSA-5423646_P10620	-5.92978	0.00500	0.04608
CID_82146	R-HSA-1430728_R-HSA-211859_R-HSA-5423646_O14880	-5.91437	0.00500	0.04608
CID_82146	R-HSA-1430728_R-HSA-15869_R-HSA-8956319_R-HSA-73621_Q16831	-5.53148	0.00500	0.04608
CID_82146	R-HSA-1430728_R-HSA-1428517_R-HSA-163200_R-HSA-163210_P30049	-6.03496	0.00500	0.04608
CID_82146	R-HSA-1430728_R-HSA-196854_R-HSA-196849_R-HSA-196741_P33527	-6.87533	0.00500	0.04608
CID_82146	R-HSA-1430728_R-HSA-196854_R-HSA-196849_R-HSA-196741_P22033	-6.59267	0.00500	0.04608
CID_82146	R-HSA-1430728_R-HSA-196854_R-HSA-196849_R-HSA-196741_O60494	-8.21310	0.00500	0.04608
CID_82146	R-HSA-1430728_R-HSA-196854_R-HSA-196849_R-HSA-196780_P11498	-6.00752	0.00500	0.04608
CID_82146	R-HSA-1430728_R-HSA-196854_R-HSA-196849_R-HSA-196757_Q96NT5	-6.94032	0.00500	0.04608
CID_82146	R-HSA-1430728_R-HSA-196854_R-HSA-196849_R-HSA-196757_P34897	-7.53838	0.00500	0.04608
CID_82146	R-HSA-1430728_R-HSA-196854_R-HSA-196849_R-HSA-196757_P34896	-7.53713	0.00500	0.04608
CID_82146	R-HSA-1430728_R-HSA-196854_R-HSA-196849_R-HSA-196836_P78417	-6.06133	0.00500	0.04608
CID_82146	R-HSA-1430728_R-HSA-196854_R-HSA-196849_R-HSA-196836_Q9UHI7	-6.01200	0.00500	0.04608
CID_82146	R-HSA-1430728_R-HSA-211859_R-HSA-156580_R-HSA-156588_O60656	-6.79158	0.00500	0.04608
CID_82146	R-HSA-1430728_R-HSA-211859_R-HSA-156580_R-HSA-156588_P22310	-7.69715	0.00500	0.04608
CID_82146	R-HSA-1430728_R-HSA-211859_R-HSA-156580_R-HSA-156581_P40261	-7.38435	0.00500	0.04608
CID_82146	R-HSA-74160_R-HSA-73857_R-HSA-212436_R-HSA-383280_P08235	-3.34334	0.00500	0.04608
CID_82146	R-HSA-74160_R-HSA-73857_R-HSA-212436_R-HSA-383280_P28702	-2.42082	0.00500	0.04608
CID_82146	R-HSA-74160_R-HSA-73857_R-HSA-212436_R-HSA-383280_P51843	-2.97427	0.00500	0.04608
CID_82146	R-HSA-1430728_R-HSA-1428517_R-HSA-163200_R-HSA-611105_R-HSA-6799198_P19404	-9.36744	0.00500	0.04608
CID_82146	R-HSA-1430728_R-HSA-1428517_R-HSA-163200_R-HSA-611105_R-HSA-6799198_Q16795	-9.36673	0.00500	0.04608
CID_82146	R-HSA-1430728_R-HSA-1428517_R-HSA-163200_R-HSA-611105_R-HSA-6799198_P51970	-9.36820	0.00500	0.04608
CID_82146	R-HSA-1430728_R-HSA-1428517_R-HSA-163200_R-HSA-611105_R-HSA-6799198_O95182	-9.36829	0.00500	0.04608
CID_82146	R-HSA-1430728_R-HSA-1428517_R-HSA-163200_R-HSA-611105_R-HSA-6799198_P56556	-9.36705	0.00500	0.04608
CID_82146	R-HSA-1430728_R-HSA-1428517_R-HSA-163200_R-HSA-611105_R-HSA-6799198_Q16718	-9.36723	0.00500	0.04608
CID_82146	R-HSA-1430728_R-HSA-1428517_R-HSA-163200_R-HSA-611105_R-HSA-6799198_O95167	-9.36704	0.00500	0.04608
CID_82146	R-HSA-1430728_R-HSA-1428517_R-HSA-163200_R-HSA-611105_R-HSA-6799198_O43678	-9.36680	0.00500	0.04608
CID_82146	R-HSA-1430728_R-HSA-1428517_R-HSA-163200_R-HSA-611105_R-HSA-6799198_O15239	-9.36737	0.00500	0.04608
CID_82146	R-HSA-1430728_R-HSA-1428517_R-HSA-163200_R-HSA-611105_R-HSA-6799198_O95299	-9.36700	0.00500	0.04608
CID_82146	R-HSA-1430728_R-HSA-1428517_R-HSA-163200_R-HSA-611105_R-HSA-6799198_O14561	-8.46657	0.00500	0.04608
CID_82146	R-HSA-1430728_R-HSA-1428517_R-HSA-163200_R-HSA-611105_R-HSA-6799198_O75438	-9.36792	0.00500	0.04608
CID_82146	R-HSA-1430728_R-HSA-1428517_R-HSA-163200_R-HSA-611105_R-HSA-6799198_O95178	-9.36771	0.00500	0.04608
CID_82146	R-HSA-1430728_R-HSA-1428517_R-HSA-163200_R-HSA-611105_R-HSA-6799198_O00217	-9.36715	0.00500	0.04608
CID_82146	R-HSA-1430728_R-HSA-1428517_R-HSA-163200_R-HSA-611105_R-HSA-6799198_O75380	-9.36771	0.00500	0.04608
CID_82146	R-HSA-1430728_R-HSA-1428517_R-HSA-163200_R-HSA-611105_R-HSA-6799198_O43920	-9.36741	0.00500	0.04608
CID_82146	R-HSA-1430728_R-HSA-1428517_R-HSA-163200_R-HSA-611105_R-HSA-6799198_O43181	-9.36675	0.00500	0.04608
CID_82146	R-HSA-1430728_R-HSA-1428517_R-HSA-163200_R-HSA-611105_R-HSA-6799198_P49821	-9.36675	0.00500	0.04608
CID_82146	R-HSA-1430728_R-HSA-1428517_R-HSA-163200_R-HSA-611105_R-HSA-6799198_O75489	-9.36725	0.00500	0.04608
CID_82146	R-HSA-1430728_R-HSA-1428517_R-HSA-163200_R-HSA-611105_R-HSA-6799198_O75306	-9.36804	0.00500	0.04608
CID_82146	R-HSA-1430728_R-HSA-1428517_R-HSA-163200_R-HSA-611105_R-HSA-6799198_P56181	-9.36669	0.00500	0.04608
CID_82146	R-HSA-1430728_R-HSA-1428517_R-HSA-163200_R-HSA-611105_R-HSA-6799198_P28331	-9.36687	0.00500	0.04608
CID_82146	R-HSA-1430728_R-HSA-1428517_R-HSA-163200_R-HSA-611105_R-HSA-6799198_O95298	-9.36718	0.00500	0.04608
CID_82146	R-HSA-1430728_R-HSA-1428517_R-HSA-163200_R-HSA-611105_R-HSA-6799198_O43677	-9.36702	0.00500	0.04608
CID_82146	R-HSA-1430728_R-HSA-1428517_R-HSA-163200_R-HSA-611105_R-HSA-6799198_O96000	-9.36714	0.00500	0.04608
CID_82146	R-HSA-1430728_R-HSA-1428517_R-HSA-163200_R-HSA-611105_R-HSA-6799198_Q9Y6M9	-9.36729	0.00500	0.04608
CID_82146	R-HSA-1430728_R-HSA-1428517_R-HSA-163200_R-HSA-611105_R-HSA-6799198_O95169	-9.36742	0.00500	0.04608
CID_82146	R-HSA-1430728_R-HSA-1428517_R-HSA-163200_R-HSA-611105_R-HSA-6799198_P17568	-9.36729	0.00500	0.04608
CID_82146	R-HSA-1430728_R-HSA-1428517_R-HSA-163200_R-HSA-611105_R-HSA-6799198_O95139	-9.36736	0.00500	0.04608
CID_82146	R-HSA-1430728_R-HSA-1428517_R-HSA-163200_R-HSA-611105_R-HSA-6799198_O43674	-9.36745	0.00500	0.04608
CID_82146	R-HSA-1430728_R-HSA-1428517_R-HSA-163200_R-HSA-611105_R-HSA-6799198_O95168	-9.36730	0.00500	0.04608
CID_82146	R-HSA-1430728_R-HSA-1428517_R-HSA-163200_R-HSA-611105_R-HSA-6799198_O43676	-9.36689	0.00500	0.04608
CID_82146	R-HSA-1430728_R-HSA-1428517_R-HSA-71406_R-HSA-70268_R-HSA-204174_P19793	-9.30126	0.00500	0.04608
CID_82146	R-HSA-1430728_R-HSA-196854_R-HSA-196849_R-HSA-196807_R-HSA-197264_P40261	-7.34863	0.00500	0.04608
CID_82146	R-HSA-1430728_R-HSA-196854_R-HSA-196849_R-HSA-196807_R-HSA-197264_Q16647	-7.52764	0.00500	0.04608
CID_82146	R-HSA-1430728_R-HSA-71387_R-HSA-70326_R-HSA-70171_R-HSA-9634600_P62714	-6.89863	0.00500	0.04608
CID_82146	R-HSA-1430728_R-HSA-71387_R-HSA-70326_R-HSA-70171_R-HSA-9634600_P67775	-6.94215	0.00500	0.04608
CID_82146	R-HSA-1430728_R-HSA-556833_R-HSA-1483257_R-HSA-1483206_R-HSA-1483191_P06276	-10.41154	0.00500	0.04608
CID_82146	R-HSA-1430728_R-HSA-556833_R-HSA-1483257_R-HSA-1483255_R-HSA-1660499_Q8TBX8	-8.89980	0.00500	0.04608
CID_82146	R-HSA-1430728_R-HSA-556833_R-HSA-8978868_R-HSA-2046104_R-HSA-2046106_O60427	-8.90356	0.00500	0.04608
CID_82146	R-HSA-1430728_R-HSA-556833_R-HSA-8978868_R-HSA-2142753_R-HSA-2142670_P04798	-45.01002	0.00500	0.04608
CID_82146	R-HSA-1430728_R-HSA-556833_R-HSA-8978868_R-HSA-2142753_R-HSA-2142816_Q16678	-10.94557	0.00500	0.04608
CID_82146	R-HSA-1430728_R-HSA-556833_R-HSA-8978868_R-HSA-2142753_R-HSA-2142691_P33527	-9.77788	0.00500	0.04608
CID_82146	R-HSA-1430728_R-HSA-556833_R-HSA-8978868_R-HSA-2142753_R-HSA-2142691_Q16873	-9.43671	0.00500	0.04608
CID_82146	R-HSA-1430728_R-HSA-556833_R-HSA-8978868_R-HSA-2142753_R-HSA-2142688_Q15166	-11.63946	0.00500	0.04608
CID_82146	R-HSA-1430728_R-HSA-556833_R-HSA-8978868_R-HSA-2142753_R-HSA-2142688_Q16873	-10.13296	0.00500	0.04608
CID_82146	R-HSA-1430728_R-HSA-556833_R-HSA-8978868_R-HSA-390918_R-HSA-389599_O14832	-9.48215	0.00500	0.04608
CID_82146	R-HSA-1430728_R-HSA-556833_R-HSA-8978868_R-HSA-75105_R-HSA-75876_Q9GZR5	-10.94206	0.00500	0.04608
CID_82146	R-HSA-74160_R-HSA-73857_R-HSA-212436_R-HSA-8878159_R-HSA-8941858_P20618	-5.22510	0.00500	0.04608
CID_82146	R-HSA-74160_R-HSA-73857_R-HSA-212436_R-HSA-8878159_R-HSA-8941858_P28074	-5.18825	0.00500	0.04608
CID_82153	R-HSA-1430728_R-HSA-1483249_R-HSA-1855204_P0DP23	-5.52885	0.00000	0.00000
CID_82153	R-HSA-1430728_R-HSA-202131_R-HSA-203615_P29474	-5.18847	0.00000	0.00000
CID_82153	R-HSA-1430728_R-HSA-15869_R-HSA-499943_P04818	-5.69126	0.00000	0.00000
CID_82153	R-HSA-1430728_R-HSA-71291_R-HSA-389661_Q02218	-5.76612	0.00000	0.00000
CID_82153	R-HSA-1430728_R-HSA-71291_R-HSA-389661_O14561	-6.72379	0.00000	0.00000
CID_82153	R-HSA-1430728_R-HSA-71291_R-HSA-389661_P11177	-6.80372	0.00000	0.00000
CID_82153	R-HSA-1430728_R-HSA-71291_R-HSA-70895_P54687	-5.95072	0.00000	0.00000
CID_82153	R-HSA-1430728_R-HSA-71291_R-HSA-71288_P48066	-5.97042	0.00000	0.00000
CID_82153	R-HSA-1430728_R-HSA-71291_R-HSA-70921_P50135	-6.35565	0.00000	0.00000
CID_82153	R-HSA-1430728_R-HSA-71291_R-HSA-71064_Q02218	-5.72482	0.00000	0.00000
CID_82153	R-HSA-1430728_R-HSA-15869_R-HSA-8956319_R-HSA-73621_P19971	-7.43645	0.00000	0.00000
CID_82153	R-HSA-1430728_R-HSA-15869_R-HSA-8956319_R-HSA-73621_Q16831	-7.69268	0.00000	0.00000
CID_82153	R-HSA-1430728_R-HSA-15869_R-HSA-8956321_R-HSA-74217_P00813	-7.39744	0.00000	0.00000
CID_82153	R-HSA-1430728_R-HSA-15869_R-HSA-8956321_R-HSA-73614_P19971	-7.77379	0.00000	0.00000
CID_82153	R-HSA-1430728_R-HSA-15869_R-HSA-8956321_R-HSA-73614_Q16831	-8.03002	0.00000	0.00000
CID_82153	R-HSA-1430728_R-HSA-163685_R-HSA-422356_R-HSA-400042_Q01668	-4.51373	0.00000	0.00000
CID_82153	R-HSA-1430728_R-HSA-163685_R-HSA-422356_R-HSA-400042_Q13936	-4.66062	0.00000	0.00000
CID_82153	R-HSA-1430728_R-HSA-163685_R-HSA-422356_R-HSA-400042_Q9NY47	-4.43150	0.00000	0.00000
CID_82153	R-HSA-1430728_R-HSA-71291_R-HSA-209776_R-HSA-209931_P17752	-7.16844	0.00000	0.00000
CID_82153	R-HSA-1430728_R-HSA-71291_R-HSA-2408522_R-HSA-2408557_P39023	-6.96679	0.00000	0.00000
CID_82153	R-HSA-1430728_R-HSA-71291_R-HSA-2408522_R-HSA-2408508_P50135	-8.29661	0.00000	0.00000
CID_82153	R-HSA-1430728_R-HSA-71291_R-HSA-2408522_R-HSA-2408508_P40261	-8.15125	0.00000	0.00000
CID_82153	R-HSA-1430728_R-HSA-71291_R-HSA-351202_R-HSA-350562_P20618	-6.60736	0.00000	0.00000
CID_82153	R-HSA-1430728_R-HSA-71291_R-HSA-351202_R-HSA-350562_P49721	-6.81264	0.00000	0.00000
CID_82153	R-HSA-1430728_R-HSA-71291_R-HSA-351202_R-HSA-350562_P28074	-6.57319	0.00000	0.00000
CID_82153	R-HSA-1430728_R-HSA-71291_R-HSA-351202_R-HSA-350562_P28062	-6.96479	0.00000	0.00000
CID_82153	R-HSA-1430728_R-HSA-71291_R-HSA-351202_R-HSA-350562_P25786	-7.13586	0.00000	0.00000
CID_82153	R-HSA-1430728_R-HSA-71291_R-HSA-351202_R-HSA-350562_Q99460	-7.09674	0.00000	0.00000
CID_82153	R-HSA-1430728_R-HSA-71291_R-HSA-351202_R-HSA-350562_Q13200	-7.16551	0.00000	0.00000
CID_82153	R-HSA-1430728_R-HSA-1428517_R-HSA-163200_R-HSA-163210_P30049	-8.12932	0.00000	0.00000
CID_82153	R-HSA-1430728_R-HSA-1428517_R-HSA-71406_R-HSA-71403_Q02218	-7.97513	0.00000	0.00000
CID_82153	R-HSA-1430728_R-HSA-196854_R-HSA-6806667_R-HSA-975634_O95237	-9.37821	0.00000	0.00000
CID_82153	R-HSA-1430728_R-HSA-196854_R-HSA-6806667_R-HSA-975634_P02753	-9.47276	0.00000	0.00000
CID_82153	R-HSA-1430728_R-HSA-196854_R-HSA-6806667_R-HSA-975634_P50120	-9.57381	0.00000	0.00000
CID_82153	R-HSA-1430728_R-HSA-196854_R-HSA-6806667_R-HSA-975634_P09455	-9.43148	0.00000	0.00000
CID_82153	R-HSA-1430728_R-HSA-196854_R-HSA-8978934_R-HSA-1474151_P0DP23	-7.49654	0.00000	0.00000
CID_82153	R-HSA-1430728_R-HSA-196854_R-HSA-8978934_R-HSA-1474151_P29474	-7.71761	0.00000	0.00000
CID_82153	R-HSA-1430728_R-HSA-196854_R-HSA-196849_R-HSA-196741_P33527	-9.48362	0.00000	0.00000
CID_82153	R-HSA-1430728_R-HSA-196854_R-HSA-196849_R-HSA-196741_Q9UBK8	-10.57995	0.00000	0.00000
CID_82153	R-HSA-1430728_R-HSA-196854_R-HSA-196849_R-HSA-196741_O60494	-10.46335	0.00000	0.00000
CID_82153	R-HSA-1430728_R-HSA-196854_R-HSA-196849_R-HSA-196780_P11498	-8.32669	0.00000	0.00000
CID_82153	R-HSA-1430728_R-HSA-196854_R-HSA-196849_R-HSA-196780_Q9Y289	-10.71054	0.00000	0.00000
CID_82153	R-HSA-1430728_R-HSA-196854_R-HSA-196849_R-HSA-196757_Q96NT5	-9.18837	0.00000	0.00000
CID_82153	R-HSA-1430728_R-HSA-196854_R-HSA-196849_R-HSA-196757_P41440	-9.27248	0.00000	0.00000
CID_82153	R-HSA-1430728_R-HSA-196854_R-HSA-196849_R-HSA-196757_P34897	-9.78643	0.00000	0.00000
CID_82153	R-HSA-1430728_R-HSA-196854_R-HSA-196849_R-HSA-196757_P34896	-9.78518	0.00000	0.00000
CID_82153	R-HSA-1430728_R-HSA-196854_R-HSA-196849_R-HSA-196836_P78417	-8.45089	0.00000	0.00000
CID_82153	R-HSA-1430728_R-HSA-196854_R-HSA-196849_R-HSA-196836_Q9UHI7	-8.25541	0.00000	0.00000
CID_82153	R-HSA-1430728_R-HSA-71387_R-HSA-8982491_R-HSA-70221_P0DP23	-6.27390	0.00000	0.00000
CID_82153	R-HSA-1430728_R-HSA-71387_R-HSA-70326_R-HSA-70263_P11498	-8.00200	0.00000	0.00000
CID_82153	R-HSA-74160_R-HSA-73857_R-HSA-212436_R-HSA-350054_Q9UBN7	-4.65114	0.00000	0.00000
CID_82153	R-HSA-74160_R-HSA-73857_R-HSA-212436_R-HSA-383280_P04150	-1.83712	0.00000	0.00000
CID_82153	R-HSA-74160_R-HSA-73857_R-HSA-212436_R-HSA-383280_P10275	-2.68286	0.00000	0.00000
CID_82153	R-HSA-74160_R-HSA-73857_R-HSA-212436_R-HSA-383280_P08235	-2.47501	0.00000	0.00000
CID_82153	R-HSA-74160_R-HSA-73857_R-HSA-212436_R-HSA-383280_P03372	-2.88523	0.00000	0.00000
CID_82153	R-HSA-74160_R-HSA-73857_R-HSA-212436_R-HSA-383280_P48443	-3.08147	0.00000	0.00000
CID_82153	R-HSA-74160_R-HSA-73857_R-HSA-212436_R-HSA-383280_P19793	-2.45398	0.00000	0.00000
CID_82153	R-HSA-74160_R-HSA-73857_R-HSA-212436_R-HSA-383280_P06401	-2.33355	0.00000	0.00000
CID_82153	R-HSA-74160_R-HSA-73857_R-HSA-212436_R-HSA-383280_P62508	-2.54773	0.00000	0.00000
CID_82153	R-HSA-74160_R-HSA-73857_R-HSA-212436_R-HSA-383280_P10827	-3.44133	0.00000	0.00000
CID_82153	R-HSA-74160_R-HSA-73857_R-HSA-212436_R-HSA-383280_P10828	-3.43862	0.00000	0.00000
CID_82153	R-HSA-74160_R-HSA-73857_R-HSA-212436_R-HSA-383280_P51843	-2.34526	0.00000	0.00000
CID_82153	R-HSA-74160_R-HSA-73857_R-HSA-212436_R-HSA-383280_O75376	-2.67247	0.00000	0.00000
CID_82153	R-HSA-1430728_R-HSA-1428517_R-HSA-163200_R-HSA-611105_R-HSA-6799198_P19404	-11.67715	0.00000	0.00000
CID_82153	R-HSA-1430728_R-HSA-1428517_R-HSA-163200_R-HSA-611105_R-HSA-6799198_Q16795	-11.67644	0.00000	0.00000
CID_82153	R-HSA-1430728_R-HSA-1428517_R-HSA-163200_R-HSA-611105_R-HSA-6799198_P51970	-11.67787	0.00000	0.00000
CID_82153	R-HSA-1430728_R-HSA-1428517_R-HSA-163200_R-HSA-611105_R-HSA-6799198_O95182	-11.67796	0.00000	0.00000
CID_82153	R-HSA-1430728_R-HSA-1428517_R-HSA-163200_R-HSA-611105_R-HSA-6799198_P56556	-11.67675	0.00000	0.00000
CID_82153	R-HSA-1430728_R-HSA-1428517_R-HSA-163200_R-HSA-611105_R-HSA-6799198_Q16718	-11.67692	0.00000	0.00000
CID_82153	R-HSA-1430728_R-HSA-1428517_R-HSA-163200_R-HSA-611105_R-HSA-6799198_O95167	-11.67675	0.00000	0.00000
CID_82153	R-HSA-1430728_R-HSA-1428517_R-HSA-163200_R-HSA-611105_R-HSA-6799198_O43678	-11.67651	0.00000	0.00000
CID_82153	R-HSA-1430728_R-HSA-1428517_R-HSA-163200_R-HSA-611105_R-HSA-6799198_O15239	-11.67707	0.00000	0.00000
CID_82153	R-HSA-1430728_R-HSA-1428517_R-HSA-163200_R-HSA-611105_R-HSA-6799198_O95299	-11.67670	0.00000	0.00000
CID_82153	R-HSA-1430728_R-HSA-1428517_R-HSA-163200_R-HSA-611105_R-HSA-6799198_O14561	-10.82793	0.00000	0.00000
CID_82153	R-HSA-1430728_R-HSA-1428517_R-HSA-163200_R-HSA-611105_R-HSA-6799198_O75438	-11.67760	0.00000	0.00000
CID_82153	R-HSA-1430728_R-HSA-1428517_R-HSA-163200_R-HSA-611105_R-HSA-6799198_O95178	-11.67740	0.00000	0.00000
CID_82153	R-HSA-1430728_R-HSA-1428517_R-HSA-163200_R-HSA-611105_R-HSA-6799198_O00217	-11.67686	0.00000	0.00000
CID_82153	R-HSA-1430728_R-HSA-1428517_R-HSA-163200_R-HSA-611105_R-HSA-6799198_O75380	-11.67739	0.00000	0.00000
CID_82153	R-HSA-1430728_R-HSA-1428517_R-HSA-163200_R-HSA-611105_R-HSA-6799198_O43920	-11.67710	0.00000	0.00000
CID_82153	R-HSA-1430728_R-HSA-1428517_R-HSA-163200_R-HSA-611105_R-HSA-6799198_O43181	-11.67646	0.00000	0.00000
CID_82153	R-HSA-1430728_R-HSA-1428517_R-HSA-163200_R-HSA-611105_R-HSA-6799198_P49821	-11.67647	0.00000	0.00000
CID_82153	R-HSA-1430728_R-HSA-1428517_R-HSA-163200_R-HSA-611105_R-HSA-6799198_O75489	-11.67694	0.00000	0.00000
CID_82153	R-HSA-1430728_R-HSA-1428517_R-HSA-163200_R-HSA-611105_R-HSA-6799198_O75306	-11.67771	0.00000	0.00000
CID_82153	R-HSA-1430728_R-HSA-1428517_R-HSA-163200_R-HSA-611105_R-HSA-6799198_P56181	-11.67640	0.00000	0.00000
CID_82153	R-HSA-1430728_R-HSA-1428517_R-HSA-163200_R-HSA-611105_R-HSA-6799198_P28331	-11.67659	0.00000	0.00000
CID_82153	R-HSA-1430728_R-HSA-1428517_R-HSA-163200_R-HSA-611105_R-HSA-6799198_O95298	-11.67688	0.00000	0.00000
CID_82153	R-HSA-1430728_R-HSA-1428517_R-HSA-163200_R-HSA-611105_R-HSA-6799198_O43677	-11.67673	0.00000	0.00000
CID_82153	R-HSA-1430728_R-HSA-1428517_R-HSA-163200_R-HSA-611105_R-HSA-6799198_O96000	-11.67685	0.00000	0.00000
CID_82153	R-HSA-1430728_R-HSA-1428517_R-HSA-163200_R-HSA-611105_R-HSA-6799198_Q9Y6M9	-11.67698	0.00000	0.00000
CID_82153	R-HSA-1430728_R-HSA-1428517_R-HSA-163200_R-HSA-611105_R-HSA-6799198_O95169	-11.67712	0.00000	0.00000
CID_82153	R-HSA-1430728_R-HSA-1428517_R-HSA-163200_R-HSA-611105_R-HSA-6799198_P17568	-11.67699	0.00000	0.00000
CID_82153	R-HSA-1430728_R-HSA-1428517_R-HSA-163200_R-HSA-611105_R-HSA-6799198_O95139	-11.67706	0.00000	0.00000
CID_82153	R-HSA-1430728_R-HSA-1428517_R-HSA-163200_R-HSA-611105_R-HSA-6799198_O43674	-11.67715	0.00000	0.00000
CID_82153	R-HSA-1430728_R-HSA-1428517_R-HSA-163200_R-HSA-611105_R-HSA-6799198_O95168	-11.67700	0.00000	0.00000
CID_82153	R-HSA-1430728_R-HSA-1428517_R-HSA-163200_R-HSA-611105_R-HSA-6799198_O43676	-11.67659	0.00000	0.00000
CID_82153	R-HSA-1430728_R-HSA-1428517_R-HSA-71406_R-HSA-70268_R-HSA-204174_P19793	-9.80872	0.00000	0.00000
CID_82153	R-HSA-1430728_R-HSA-196854_R-HSA-196849_R-HSA-196807_R-HSA-197264_P40261	-9.93015	0.00000	0.00000
CID_82153	R-HSA-1430728_R-HSA-196854_R-HSA-196849_R-HSA-196807_R-HSA-197264_Q16647	-10.11074	0.00000	0.00000
CID_82153	R-HSA-74160_R-HSA-73857_R-HSA-212436_R-HSA-8878159_R-HSA-8941858_P20618	-4.46323	0.00000	0.00000
CID_82153	R-HSA-74160_R-HSA-73857_R-HSA-212436_R-HSA-8878159_R-HSA-8941858_P49721	-4.66852	0.00000	0.00000
CID_82153	R-HSA-74160_R-HSA-73857_R-HSA-212436_R-HSA-8878159_R-HSA-8941858_P28074	-4.42906	0.00000	0.00000
CID_82153	R-HSA-74160_R-HSA-73857_R-HSA-212436_R-HSA-8878159_R-HSA-8941858_P28062	-4.82067	0.00000	0.00000
CID_82153	R-HSA-74160_R-HSA-73857_R-HSA-212436_R-HSA-9614085_R-HSA-9617629_Q96EB6	-6.87138	0.00000	0.00000
CID_82153	R-HSA-74160_R-HSA-73857_R-HSA-212436_R-HSA-8878166_R-HSA-8939902_P03372	-4.52003	0.00000	0.00000
CID_82153	R-HSA-74160_R-HSA-73857_R-HSA-212436_R-HSA-8878166_R-HSA-8939902_P20618	-4.07767	0.00000	0.00000
CID_82153	R-HSA-74160_R-HSA-73857_R-HSA-212436_R-HSA-8878166_R-HSA-8939902_P49721	-4.28295	0.00000	0.00000
CID_82153	R-HSA-74160_R-HSA-73857_R-HSA-212436_R-HSA-8878166_R-HSA-8939902_P28074	-4.04349	0.00000	0.00000
CID_82153	R-HSA-74160_R-HSA-73857_R-HSA-212436_R-HSA-8878166_R-HSA-8939902_P28062	-4.43510	0.00000	0.00000
CID_82153	R-HSA-74160_R-HSA-73857_R-HSA-212436_R-HSA-3700989_R-HSA-5633008_R-HSA-6803204_P04637	-11.26034	0.00000	0.00000
CID_82153	R-HSA-1430728_R-HSA-202131_R-HSA-203615_P0DP23	-4.96740	0.00500	0.04608
CID_82153	R-HSA-1430728_R-HSA-163685_R-HSA-163767_P62714	-5.67911	0.00500	0.04608
CID_82153	R-HSA-1430728_R-HSA-163685_R-HSA-422356_R-HSA-400042_Q08289	-4.95556	0.00500	0.04608
CID_82153	R-HSA-1430728_R-HSA-163685_R-HSA-422356_R-HSA-381676_Q9BQ31	-3.46225	0.00500	0.04608
CID_82153	R-HSA-74160_R-HSA-73857_R-HSA-212436_R-HSA-350054_O75376	-3.99057	0.00500	0.04608
CID_82153	R-HSA-1430728_R-HSA-1428517_R-HSA-71406_R-HSA-70268_R-HSA-204174_P11177	-11.24694	0.00500	0.04608
CID_82153	R-HSA-1430728_R-HSA-71387_R-HSA-70326_R-HSA-70171_R-HSA-9634600_P62714	-9.91983	0.00500	0.04608
CID_82153	R-HSA-1430728_R-HSA-71387_R-HSA-70326_R-HSA-70171_R-HSA-9634600_P67775	-10.22130	0.00500	0.04608
CID_82153	R-HSA-74160_R-HSA-73857_R-HSA-212436_R-HSA-8878159_R-HSA-8941855_P04637	-5.29916	0.00500	0.04608
CID_82153	R-HSA-74160_R-HSA-73857_R-HSA-212436_R-HSA-8878159_R-HSA-8941858_P25786	-4.99174	0.00500	0.04608
CID_82153	R-HSA-74160_R-HSA-73857_R-HSA-212436_R-HSA-8878159_R-HSA-8941858_Q99460	-4.95262	0.00500	0.04608
CID_82153	R-HSA-74160_R-HSA-73857_R-HSA-212436_R-HSA-8878159_R-HSA-8941858_Q13200	-5.02139	0.00500	0.04608
CID_82153	R-HSA-74160_R-HSA-73857_R-HSA-212436_R-HSA-8878171_R-HSA-8939236_P20618	-6.16436	0.00500	0.04608
CID_82153	R-HSA-74160_R-HSA-73857_R-HSA-212436_R-HSA-8878171_R-HSA-8939236_P49721	-6.36964	0.00500	0.04608
CID_82153	R-HSA-74160_R-HSA-73857_R-HSA-212436_R-HSA-8878171_R-HSA-8939236_P28074	-6.13019	0.00500	0.04608
CID_82153	R-HSA-74160_R-HSA-73857_R-HSA-212436_R-HSA-8878171_R-HSA-8939236_P28062	-6.52179	0.00500	0.04608
CID_82153	R-HSA-74160_R-HSA-73857_R-HSA-212436_R-HSA-8878171_R-HSA-8931987_P03372	-6.41487	0.00500	0.04608
CID_82153	R-HSA-74160_R-HSA-73857_R-HSA-212436_R-HSA-8878166_R-HSA-8939902_P04150	-3.47192	0.00500	0.04608
CID_82153	R-HSA-74160_R-HSA-73857_R-HSA-212436_R-HSA-8878166_R-HSA-8939902_P25786	-4.60617	0.00500	0.04608
CID_82153	R-HSA-74160_R-HSA-73857_R-HSA-212436_R-HSA-8878166_R-HSA-8939902_Q99460	-4.56705	0.00500	0.04608
CID_82153	R-HSA-74160_R-HSA-73857_R-HSA-212436_R-HSA-8878166_R-HSA-8939902_Q13200	-4.63582	0.00500	0.04608
CID_82153	R-HSA-74160_R-HSA-73857_R-HSA-212436_R-HSA-8878166_R-HSA-8941326_R-HSA-8940973_Q9UBN7	-8.04610	0.00500	0.04608
CID_82153	R-HSA-74160_R-HSA-73857_R-HSA-212436_R-HSA-3700989_R-HSA-5633008_R-HSA-6803207_P04637	-10.71141	0.00500	0.04608
CID_82153	R-HSA-74160_R-HSA-73857_R-HSA-212436_R-HSA-3700989_R-HSA-5633008_R-HSA-6803211_P04637	-11.00108	0.00500	0.04608
CID_82153	R-HSA-74160_R-HSA-73857_R-HSA-212436_R-HSA-3700989_R-HSA-6791312_R-HSA-6804115_P04637	-7.51113	0.00500	0.04608
CID_84088	R-HSA-1430728_R-HSA-1483249_R-HSA-1855204_P0DP23	-5.52885	0.00000	0.00000
CID_84088	R-HSA-1430728_R-HSA-202131_R-HSA-203615_P29474	-5.18847	0.00000	0.00000
CID_84088	R-HSA-1430728_R-HSA-15869_R-HSA-499943_P04818	-5.69126	0.00000	0.00000
CID_84088	R-HSA-1430728_R-HSA-71291_R-HSA-389661_Q02218	-5.76612	0.00000	0.00000
CID_84088	R-HSA-1430728_R-HSA-71291_R-HSA-389661_O14561	-6.72379	0.00000	0.00000
CID_84088	R-HSA-1430728_R-HSA-71291_R-HSA-389661_P11177	-6.80372	0.00000	0.00000
CID_84088	R-HSA-1430728_R-HSA-71291_R-HSA-70895_P54687	-5.95072	0.00000	0.00000
CID_84088	R-HSA-1430728_R-HSA-71291_R-HSA-71288_P48066	-5.97042	0.00000	0.00000
CID_84088	R-HSA-1430728_R-HSA-71291_R-HSA-70921_P50135	-6.35565	0.00000	0.00000
CID_84088	R-HSA-1430728_R-HSA-71291_R-HSA-71064_Q02218	-5.72482	0.00000	0.00000
CID_84088	R-HSA-1430728_R-HSA-15869_R-HSA-8956319_R-HSA-73621_P19971	-7.43645	0.00000	0.00000
CID_84088	R-HSA-1430728_R-HSA-15869_R-HSA-8956319_R-HSA-73621_Q16831	-7.69268	0.00000	0.00000
CID_84088	R-HSA-1430728_R-HSA-15869_R-HSA-8956321_R-HSA-74217_P00813	-7.39744	0.00000	0.00000
CID_84088	R-HSA-1430728_R-HSA-15869_R-HSA-8956321_R-HSA-73614_P19971	-7.77379	0.00000	0.00000
CID_84088	R-HSA-1430728_R-HSA-15869_R-HSA-8956321_R-HSA-73614_Q16831	-8.03002	0.00000	0.00000
CID_84088	R-HSA-1430728_R-HSA-163685_R-HSA-422356_R-HSA-400042_Q01668	-4.51373	0.00000	0.00000
CID_84088	R-HSA-1430728_R-HSA-163685_R-HSA-422356_R-HSA-400042_Q13936	-4.66062	0.00000	0.00000
CID_84088	R-HSA-1430728_R-HSA-163685_R-HSA-422356_R-HSA-400042_Q9NY47	-4.43150	0.00000	0.00000
CID_84088	R-HSA-1430728_R-HSA-71291_R-HSA-209776_R-HSA-209931_P17752	-7.16844	0.00000	0.00000
CID_84088	R-HSA-1430728_R-HSA-71291_R-HSA-2408522_R-HSA-2408557_P39023	-6.96679	0.00000	0.00000
CID_84088	R-HSA-1430728_R-HSA-71291_R-HSA-2408522_R-HSA-2408508_P50135	-8.29661	0.00000	0.00000
CID_84088	R-HSA-1430728_R-HSA-71291_R-HSA-2408522_R-HSA-2408508_P40261	-8.15125	0.00000	0.00000
CID_84088	R-HSA-1430728_R-HSA-71291_R-HSA-351202_R-HSA-350562_P20618	-6.60736	0.00000	0.00000
CID_84088	R-HSA-1430728_R-HSA-71291_R-HSA-351202_R-HSA-350562_P49721	-6.81264	0.00000	0.00000
CID_84088	R-HSA-1430728_R-HSA-71291_R-HSA-351202_R-HSA-350562_P28074	-6.57319	0.00000	0.00000
CID_84088	R-HSA-1430728_R-HSA-71291_R-HSA-351202_R-HSA-350562_P28062	-6.96479	0.00000	0.00000
CID_84088	R-HSA-1430728_R-HSA-71291_R-HSA-351202_R-HSA-350562_P25786	-7.13586	0.00000	0.00000
CID_84088	R-HSA-1430728_R-HSA-71291_R-HSA-351202_R-HSA-350562_Q99460	-7.09674	0.00000	0.00000
CID_84088	R-HSA-1430728_R-HSA-71291_R-HSA-351202_R-HSA-350562_Q13200	-7.16551	0.00000	0.00000
CID_84088	R-HSA-1430728_R-HSA-1428517_R-HSA-163200_R-HSA-163210_P30049	-8.12932	0.00000	0.00000
CID_84088	R-HSA-1430728_R-HSA-1428517_R-HSA-71406_R-HSA-71403_Q02218	-7.97513	0.00000	0.00000
CID_84088	R-HSA-1430728_R-HSA-196854_R-HSA-6806667_R-HSA-975634_O95237	-9.37821	0.00000	0.00000
CID_84088	R-HSA-1430728_R-HSA-196854_R-HSA-6806667_R-HSA-975634_P02753	-9.47276	0.00000	0.00000
CID_84088	R-HSA-1430728_R-HSA-196854_R-HSA-6806667_R-HSA-975634_P50120	-9.57381	0.00000	0.00000
CID_84088	R-HSA-1430728_R-HSA-196854_R-HSA-6806667_R-HSA-975634_P09455	-9.43148	0.00000	0.00000
CID_84088	R-HSA-1430728_R-HSA-196854_R-HSA-8978934_R-HSA-1474151_P0DP23	-7.49654	0.00000	0.00000
CID_84088	R-HSA-1430728_R-HSA-196854_R-HSA-8978934_R-HSA-1474151_P29474	-7.71761	0.00000	0.00000
CID_84088	R-HSA-1430728_R-HSA-196854_R-HSA-196849_R-HSA-196741_P33527	-9.48362	0.00000	0.00000
CID_84088	R-HSA-1430728_R-HSA-196854_R-HSA-196849_R-HSA-196741_Q9UBK8	-10.57995	0.00000	0.00000
CID_84088	R-HSA-1430728_R-HSA-196854_R-HSA-196849_R-HSA-196741_O60494	-10.46335	0.00000	0.00000
CID_84088	R-HSA-1430728_R-HSA-196854_R-HSA-196849_R-HSA-196780_P11498	-8.32669	0.00000	0.00000
CID_84088	R-HSA-1430728_R-HSA-196854_R-HSA-196849_R-HSA-196780_Q9Y289	-10.71054	0.00000	0.00000
CID_84088	R-HSA-1430728_R-HSA-196854_R-HSA-196849_R-HSA-196757_Q96NT5	-9.18837	0.00000	0.00000
CID_84088	R-HSA-1430728_R-HSA-196854_R-HSA-196849_R-HSA-196757_P41440	-9.27248	0.00000	0.00000
CID_84088	R-HSA-1430728_R-HSA-196854_R-HSA-196849_R-HSA-196757_P34897	-9.78643	0.00000	0.00000
CID_84088	R-HSA-1430728_R-HSA-196854_R-HSA-196849_R-HSA-196757_P34896	-9.78518	0.00000	0.00000
CID_84088	R-HSA-1430728_R-HSA-196854_R-HSA-196849_R-HSA-196836_P78417	-8.45089	0.00000	0.00000
CID_84088	R-HSA-1430728_R-HSA-196854_R-HSA-196849_R-HSA-196836_Q9UHI7	-8.25541	0.00000	0.00000
CID_84088	R-HSA-1430728_R-HSA-71387_R-HSA-8982491_R-HSA-70221_P0DP23	-6.27390	0.00000	0.00000
CID_84088	R-HSA-1430728_R-HSA-71387_R-HSA-70326_R-HSA-70263_P11498	-8.00200	0.00000	0.00000
CID_84088	R-HSA-74160_R-HSA-73857_R-HSA-212436_R-HSA-350054_Q9UBN7	-4.65114	0.00000	0.00000
CID_84088	R-HSA-74160_R-HSA-73857_R-HSA-212436_R-HSA-383280_P04150	-1.83712	0.00000	0.00000
CID_84088	R-HSA-74160_R-HSA-73857_R-HSA-212436_R-HSA-383280_P10275	-2.68286	0.00000	0.00000
CID_84088	R-HSA-74160_R-HSA-73857_R-HSA-212436_R-HSA-383280_P08235	-2.47501	0.00000	0.00000
CID_84088	R-HSA-74160_R-HSA-73857_R-HSA-212436_R-HSA-383280_P03372	-2.88523	0.00000	0.00000
CID_84088	R-HSA-74160_R-HSA-73857_R-HSA-212436_R-HSA-383280_P48443	-3.08147	0.00000	0.00000
CID_84088	R-HSA-74160_R-HSA-73857_R-HSA-212436_R-HSA-383280_P19793	-2.45398	0.00000	0.00000
CID_84088	R-HSA-74160_R-HSA-73857_R-HSA-212436_R-HSA-383280_P06401	-2.33355	0.00000	0.00000
CID_84088	R-HSA-74160_R-HSA-73857_R-HSA-212436_R-HSA-383280_P62508	-2.54773	0.00000	0.00000
CID_84088	R-HSA-74160_R-HSA-73857_R-HSA-212436_R-HSA-383280_P10827	-3.44133	0.00000	0.00000
CID_84088	R-HSA-74160_R-HSA-73857_R-HSA-212436_R-HSA-383280_P10828	-3.43862	0.00000	0.00000
CID_84088	R-HSA-74160_R-HSA-73857_R-HSA-212436_R-HSA-383280_P51843	-2.34526	0.00000	0.00000
CID_84088	R-HSA-74160_R-HSA-73857_R-HSA-212436_R-HSA-383280_O75376	-2.67247	0.00000	0.00000
CID_84088	R-HSA-1430728_R-HSA-1428517_R-HSA-163200_R-HSA-611105_R-HSA-6799198_P19404	-11.67715	0.00000	0.00000
CID_84088	R-HSA-1430728_R-HSA-1428517_R-HSA-163200_R-HSA-611105_R-HSA-6799198_Q16795	-11.67644	0.00000	0.00000
CID_84088	R-HSA-1430728_R-HSA-1428517_R-HSA-163200_R-HSA-611105_R-HSA-6799198_P51970	-11.67787	0.00000	0.00000
CID_84088	R-HSA-1430728_R-HSA-1428517_R-HSA-163200_R-HSA-611105_R-HSA-6799198_O95182	-11.67796	0.00000	0.00000
CID_84088	R-HSA-1430728_R-HSA-1428517_R-HSA-163200_R-HSA-611105_R-HSA-6799198_P56556	-11.67675	0.00000	0.00000
CID_84088	R-HSA-1430728_R-HSA-1428517_R-HSA-163200_R-HSA-611105_R-HSA-6799198_Q16718	-11.67692	0.00000	0.00000
CID_84088	R-HSA-1430728_R-HSA-1428517_R-HSA-163200_R-HSA-611105_R-HSA-6799198_O95167	-11.67675	0.00000	0.00000
CID_84088	R-HSA-1430728_R-HSA-1428517_R-HSA-163200_R-HSA-611105_R-HSA-6799198_O43678	-11.67651	0.00000	0.00000
CID_84088	R-HSA-1430728_R-HSA-1428517_R-HSA-163200_R-HSA-611105_R-HSA-6799198_O15239	-11.67707	0.00000	0.00000
CID_84088	R-HSA-1430728_R-HSA-1428517_R-HSA-163200_R-HSA-611105_R-HSA-6799198_O95299	-11.67670	0.00000	0.00000
CID_84088	R-HSA-1430728_R-HSA-1428517_R-HSA-163200_R-HSA-611105_R-HSA-6799198_O14561	-10.82793	0.00000	0.00000
CID_84088	R-HSA-1430728_R-HSA-1428517_R-HSA-163200_R-HSA-611105_R-HSA-6799198_O75438	-11.67760	0.00000	0.00000
CID_84088	R-HSA-1430728_R-HSA-1428517_R-HSA-163200_R-HSA-611105_R-HSA-6799198_O95178	-11.67740	0.00000	0.00000
CID_84088	R-HSA-1430728_R-HSA-1428517_R-HSA-163200_R-HSA-611105_R-HSA-6799198_O00217	-11.67686	0.00000	0.00000
CID_84088	R-HSA-1430728_R-HSA-1428517_R-HSA-163200_R-HSA-611105_R-HSA-6799198_O75380	-11.67739	0.00000	0.00000
CID_84088	R-HSA-1430728_R-HSA-1428517_R-HSA-163200_R-HSA-611105_R-HSA-6799198_O43920	-11.67710	0.00000	0.00000
CID_84088	R-HSA-1430728_R-HSA-1428517_R-HSA-163200_R-HSA-611105_R-HSA-6799198_O43181	-11.67646	0.00000	0.00000
CID_84088	R-HSA-1430728_R-HSA-1428517_R-HSA-163200_R-HSA-611105_R-HSA-6799198_P49821	-11.67647	0.00000	0.00000
CID_84088	R-HSA-1430728_R-HSA-1428517_R-HSA-163200_R-HSA-611105_R-HSA-6799198_O75489	-11.67694	0.00000	0.00000
CID_84088	R-HSA-1430728_R-HSA-1428517_R-HSA-163200_R-HSA-611105_R-HSA-6799198_O75306	-11.67771	0.00000	0.00000
CID_84088	R-HSA-1430728_R-HSA-1428517_R-HSA-163200_R-HSA-611105_R-HSA-6799198_P56181	-11.67640	0.00000	0.00000
CID_84088	R-HSA-1430728_R-HSA-1428517_R-HSA-163200_R-HSA-611105_R-HSA-6799198_P28331	-11.67659	0.00000	0.00000
CID_84088	R-HSA-1430728_R-HSA-1428517_R-HSA-163200_R-HSA-611105_R-HSA-6799198_O95298	-11.67688	0.00000	0.00000
CID_84088	R-HSA-1430728_R-HSA-1428517_R-HSA-163200_R-HSA-611105_R-HSA-6799198_O43677	-11.67673	0.00000	0.00000
CID_84088	R-HSA-1430728_R-HSA-1428517_R-HSA-163200_R-HSA-611105_R-HSA-6799198_O96000	-11.67685	0.00000	0.00000
CID_84088	R-HSA-1430728_R-HSA-1428517_R-HSA-163200_R-HSA-611105_R-HSA-6799198_Q9Y6M9	-11.67698	0.00000	0.00000
CID_84088	R-HSA-1430728_R-HSA-1428517_R-HSA-163200_R-HSA-611105_R-HSA-6799198_O95169	-11.67712	0.00000	0.00000
CID_84088	R-HSA-1430728_R-HSA-1428517_R-HSA-163200_R-HSA-611105_R-HSA-6799198_P17568	-11.67699	0.00000	0.00000
CID_84088	R-HSA-1430728_R-HSA-1428517_R-HSA-163200_R-HSA-611105_R-HSA-6799198_O95139	-11.67706	0.00000	0.00000
CID_84088	R-HSA-1430728_R-HSA-1428517_R-HSA-163200_R-HSA-611105_R-HSA-6799198_O43674	-11.67715	0.00000	0.00000
CID_84088	R-HSA-1430728_R-HSA-1428517_R-HSA-163200_R-HSA-611105_R-HSA-6799198_O95168	-11.67700	0.00000	0.00000
CID_84088	R-HSA-1430728_R-HSA-1428517_R-HSA-163200_R-HSA-611105_R-HSA-6799198_O43676	-11.67659	0.00000	0.00000
CID_84088	R-HSA-1430728_R-HSA-1428517_R-HSA-71406_R-HSA-70268_R-HSA-204174_P19793	-9.80872	0.00000	0.00000
CID_84088	R-HSA-1430728_R-HSA-196854_R-HSA-196849_R-HSA-196807_R-HSA-197264_P40261	-9.93015	0.00000	0.00000
CID_84088	R-HSA-1430728_R-HSA-196854_R-HSA-196849_R-HSA-196807_R-HSA-197264_Q16647	-10.11074	0.00000	0.00000
CID_84088	R-HSA-74160_R-HSA-73857_R-HSA-212436_R-HSA-8878159_R-HSA-8941858_P20618	-4.46323	0.00000	0.00000
CID_84088	R-HSA-74160_R-HSA-73857_R-HSA-212436_R-HSA-8878159_R-HSA-8941858_P49721	-4.66852	0.00000	0.00000
CID_84088	R-HSA-74160_R-HSA-73857_R-HSA-212436_R-HSA-8878159_R-HSA-8941858_P28074	-4.42906	0.00000	0.00000
CID_84088	R-HSA-74160_R-HSA-73857_R-HSA-212436_R-HSA-8878159_R-HSA-8941858_P28062	-4.82067	0.00000	0.00000
CID_84088	R-HSA-74160_R-HSA-73857_R-HSA-212436_R-HSA-9614085_R-HSA-9617629_Q96EB6	-6.87138	0.00000	0.00000
CID_84088	R-HSA-74160_R-HSA-73857_R-HSA-212436_R-HSA-8878166_R-HSA-8939902_P03372	-4.52003	0.00000	0.00000
CID_84088	R-HSA-74160_R-HSA-73857_R-HSA-212436_R-HSA-8878166_R-HSA-8939902_P20618	-4.07767	0.00000	0.00000
CID_84088	R-HSA-74160_R-HSA-73857_R-HSA-212436_R-HSA-8878166_R-HSA-8939902_P49721	-4.28295	0.00000	0.00000
CID_84088	R-HSA-74160_R-HSA-73857_R-HSA-212436_R-HSA-8878166_R-HSA-8939902_P28074	-4.04349	0.00000	0.00000
CID_84088	R-HSA-74160_R-HSA-73857_R-HSA-212436_R-HSA-8878166_R-HSA-8939902_P28062	-4.43510	0.00000	0.00000
CID_84088	R-HSA-74160_R-HSA-73857_R-HSA-212436_R-HSA-3700989_R-HSA-5633008_R-HSA-6803204_P04637	-11.26034	0.00000	0.00000
CID_84088	R-HSA-1430728_R-HSA-202131_R-HSA-203615_P0DP23	-4.96740	0.00500	0.04608
CID_84088	R-HSA-1430728_R-HSA-163685_R-HSA-163767_P62714	-5.67911	0.00500	0.04608
CID_84088	R-HSA-1430728_R-HSA-163685_R-HSA-422356_R-HSA-400042_Q08289	-4.95556	0.00500	0.04608
CID_84088	R-HSA-1430728_R-HSA-163685_R-HSA-422356_R-HSA-381676_Q9BQ31	-3.46225	0.00500	0.04608
CID_84088	R-HSA-74160_R-HSA-73857_R-HSA-212436_R-HSA-350054_O75376	-3.99057	0.00500	0.04608
CID_84088	R-HSA-1430728_R-HSA-1428517_R-HSA-71406_R-HSA-70268_R-HSA-204174_P11177	-11.24694	0.00500	0.04608
CID_84088	R-HSA-1430728_R-HSA-71387_R-HSA-70326_R-HSA-70171_R-HSA-9634600_P62714	-9.91983	0.00500	0.04608
CID_84088	R-HSA-1430728_R-HSA-71387_R-HSA-70326_R-HSA-70171_R-HSA-9634600_P67775	-10.22130	0.00500	0.04608
CID_84088	R-HSA-74160_R-HSA-73857_R-HSA-212436_R-HSA-8878159_R-HSA-8941855_P04637	-5.29916	0.00500	0.04608
CID_84088	R-HSA-74160_R-HSA-73857_R-HSA-212436_R-HSA-8878159_R-HSA-8941858_P25786	-4.99174	0.00500	0.04608
CID_84088	R-HSA-74160_R-HSA-73857_R-HSA-212436_R-HSA-8878159_R-HSA-8941858_Q99460	-4.95262	0.00500	0.04608
CID_84088	R-HSA-74160_R-HSA-73857_R-HSA-212436_R-HSA-8878159_R-HSA-8941858_Q13200	-5.02139	0.00500	0.04608
CID_84088	R-HSA-74160_R-HSA-73857_R-HSA-212436_R-HSA-8878171_R-HSA-8939236_P20618	-6.16436	0.00500	0.04608
CID_84088	R-HSA-74160_R-HSA-73857_R-HSA-212436_R-HSA-8878171_R-HSA-8939236_P49721	-6.36964	0.00500	0.04608
CID_84088	R-HSA-74160_R-HSA-73857_R-HSA-212436_R-HSA-8878171_R-HSA-8939236_P28074	-6.13019	0.00500	0.04608
CID_84088	R-HSA-74160_R-HSA-73857_R-HSA-212436_R-HSA-8878171_R-HSA-8939236_P28062	-6.52179	0.00500	0.04608
CID_84088	R-HSA-74160_R-HSA-73857_R-HSA-212436_R-HSA-8878171_R-HSA-8931987_P03372	-6.41487	0.00500	0.04608
CID_84088	R-HSA-74160_R-HSA-73857_R-HSA-212436_R-HSA-8878166_R-HSA-8939902_P04150	-3.47192	0.00500	0.04608
CID_84088	R-HSA-74160_R-HSA-73857_R-HSA-212436_R-HSA-8878166_R-HSA-8939902_P25786	-4.60617	0.00500	0.04608
CID_84088	R-HSA-74160_R-HSA-73857_R-HSA-212436_R-HSA-8878166_R-HSA-8939902_Q99460	-4.56705	0.00500	0.04608
CID_84088	R-HSA-74160_R-HSA-73857_R-HSA-212436_R-HSA-8878166_R-HSA-8939902_Q13200	-4.63582	0.00500	0.04608
CID_84088	R-HSA-74160_R-HSA-73857_R-HSA-212436_R-HSA-8878166_R-HSA-8941326_R-HSA-8940973_Q9UBN7	-8.04610	0.00500	0.04608
CID_84088	R-HSA-74160_R-HSA-73857_R-HSA-212436_R-HSA-3700989_R-HSA-5633008_R-HSA-6803207_P04637	-10.71141	0.00500	0.04608
CID_84088	R-HSA-74160_R-HSA-73857_R-HSA-212436_R-HSA-3700989_R-HSA-5633008_R-HSA-6803211_P04637	-11.00108	0.00500	0.04608
CID_84088	R-HSA-74160_R-HSA-73857_R-HSA-212436_R-HSA-3700989_R-HSA-6791312_R-HSA-6804115_P04637	-7.51113	0.00500	0.04608
CID_9552079	R-HSA-162582_R-HSA-372790_R-HSA-388396_R-HSA-418594_R-HSA-2187338_R-HSA-975634_O95237	-13.61964	0.00000	0.00000
CID_9552079	R-HSA-162582_R-HSA-372790_R-HSA-388396_R-HSA-418594_R-HSA-2187338_R-HSA-975634_P02753	-13.69183	0.00000	0.00000
CID_9552079	R-HSA-162582_R-HSA-372790_R-HSA-388396_R-HSA-418594_R-HSA-2187338_R-HSA-975634_P50120	-14.10941	0.00000	0.00000
CID_9552079	R-HSA-162582_R-HSA-372790_R-HSA-388396_R-HSA-418594_R-HSA-2187338_R-HSA-975634_P09455	-13.64887	0.00000	0.00000
CID_9552079	R-HSA-162582_R-HSA-372790_R-HSA-388396_R-HSA-418594_R-HSA-2187338_R-HSA-2514856_R-HSA-2514859_P50579	-13.77254	0.00000	0.00000
CID_9552079	R-HSA-162582_R-HSA-372790_R-HSA-388396_R-HSA-418594_R-HSA-2187338_R-HSA-2514856_R-HSA-2514859_P35913	-14.56224	0.00000	0.00000
CID_9552079	R-HSA-162582_R-HSA-372790_R-HSA-388396_R-HSA-418597_P05771	-7.94918	0.00500	0.04608
CID_9552079	R-HSA-162582_R-HSA-372790_R-HSA-500792_R-HSA-373076_R-HSA-375281_P30968	-8.24727	0.00500	0.04608
CID_9552079	R-HSA-162582_R-HSA-372790_R-HSA-388396_R-HSA-397795_R-HSA-392451_O15530	-10.18316	0.00500	0.04608
CID_9552079	R-HSA-162582_R-HSA-372790_R-HSA-500792_R-HSA-373076_R-HSA-375276_R-HSA-380108_P10145	-10.18711	0.00500	0.04608
CID_9552079	R-HSA-162582_R-HSA-372790_R-HSA-500792_R-HSA-373076_R-HSA-375280_R-HSA-390666_P50406	-8.43757	0.00500	0.04608
CID_9552079	R-HSA-162582_R-HSA-372790_R-HSA-500792_R-HSA-373076_R-HSA-375280_R-HSA-390666_P28566	-9.90350	0.00500	0.04608
CID_9552079	R-HSA-162582_R-HSA-372790_R-HSA-500792_R-HSA-373076_R-HSA-391903_R-HSA-391908_P43088	-12.58908	0.00500	0.04608
CID_9552079	R-HSA-162582_R-HSA-372790_R-HSA-500792_R-HSA-373076_R-HSA-391903_R-HSA-391908_P43116	-11.21366	0.00500	0.04608
CID_9552079	R-HSA-162582_R-HSA-372790_R-HSA-388396_R-HSA-416476_R-HSA-881907_R-HSA-2179392_P17252	-12.56805	0.00500	0.04608
CID_9552079	R-HSA-162582_R-HSA-372790_R-HSA-388396_R-HSA-418594_R-HSA-2187338_R-HSA-2187335_P12271	-14.55748	0.00500	0.04608
CID_9552079	R-HSA-162582_R-HSA-372790_R-HSA-388396_R-HSA-418594_R-HSA-2187338_R-HSA-2187335_P10745	-14.55227	0.00500	0.04608
CID_9552079	R-HSA-162582_R-HSA-372790_R-HSA-388396_R-HSA-418594_R-HSA-2187338_R-HSA-2453902_O95237	-13.52215	0.00500	0.04608
CID_9552079	R-HSA-162582_R-HSA-372790_R-HSA-388396_R-HSA-418594_R-HSA-2187338_R-HSA-2453902_P12271	-13.79766	0.00500	0.04608
CID_9552079	R-HSA-162582_R-HSA-372790_R-HSA-388396_R-HSA-418594_R-HSA-2187338_R-HSA-2453902_P02753	-13.59434	0.00500	0.04608
CID_9552079	R-HSA-162582_R-HSA-372790_R-HSA-388396_R-HSA-418594_R-HSA-2187338_R-HSA-2453902_P10745	-13.79245	0.00500	0.04608
CID_9552079	R-HSA-162582_R-HSA-372790_R-HSA-388396_R-HSA-418594_R-HSA-2187338_R-HSA-2453902_P09455	-13.55139	0.00500	0.04608
CID_9552079	R-HSA-162582_R-HSA-372790_R-HSA-388396_R-HSA-418594_R-HSA-111885_R-HSA-202040_P01189	-13.32530	0.00500	0.04608
CID_9552079	R-HSA-162582_R-HSA-372790_R-HSA-388396_R-HSA-418594_R-HSA-2187338_R-HSA-2514856_R-HSA-2514859_P17252	-13.68599	0.00500	0.04608
CID_9552079	R-HSA-162582_R-HSA-372790_R-HSA-388396_R-HSA-418594_R-HSA-2187338_R-HSA-2514856_R-HSA-2485179_P35913	-15.53125	0.00500	0.04608
CID_9578572	R-HSA-162582_R-HSA-372790_R-HSA-388396_R-HSA-418597_P05771	-6.05750	0.00000	0.00000
CID_9578572	R-HSA-162582_R-HSA-372790_R-HSA-388396_R-HSA-418597_P17252	-6.12702	0.00000	0.00000
CID_9578572	R-HSA-162582_R-HSA-372790_R-HSA-388396_R-HSA-416482_P35348	-6.44104	0.00000	0.00000
CID_9578572	R-HSA-162582_R-HSA-372790_R-HSA-500792_R-HSA-373080_R-HSA-420092_Q02643	-6.26724	0.00000	0.00000
CID_9578572	R-HSA-162582_R-HSA-372790_R-HSA-500792_R-HSA-373076_R-HSA-375281_P30968	-5.97725	0.00000	0.00000
CID_9578572	R-HSA-162582_R-HSA-372790_R-HSA-388396_R-HSA-397795_R-HSA-392451_O15530	-7.91315	0.00000	0.00000
CID_9578572	R-HSA-162582_R-HSA-372790_R-HSA-500792_R-HSA-373076_R-HSA-375276_R-HSA-380108_P10145	-7.53876	0.00000	0.00000
CID_9578572	R-HSA-162582_R-HSA-372790_R-HSA-500792_R-HSA-373076_R-HSA-375280_R-HSA-390666_P50406	-5.78922	0.00000	0.00000
CID_9578572	R-HSA-162582_R-HSA-372790_R-HSA-500792_R-HSA-373076_R-HSA-375280_R-HSA-390666_P28566	-7.25515	0.00000	0.00000
CID_9578572	R-HSA-162582_R-HSA-372790_R-HSA-500792_R-HSA-373076_R-HSA-391903_R-HSA-391908_P43088	-9.94072	0.00000	0.00000
CID_9578572	R-HSA-162582_R-HSA-372790_R-HSA-500792_R-HSA-373076_R-HSA-391903_R-HSA-391908_P43116	-8.56530	0.00000	0.00000
CID_9578572	R-HSA-162582_R-HSA-372790_R-HSA-388396_R-HSA-416476_R-HSA-881907_R-HSA-2179392_P17252	-9.91970	0.00000	0.00000
CID_9578572	R-HSA-162582_R-HSA-372790_R-HSA-388396_R-HSA-418594_R-HSA-2187338_R-HSA-2187335_O75911	-12.48124	0.00000	0.00000
CID_9578572	R-HSA-162582_R-HSA-372790_R-HSA-388396_R-HSA-418594_R-HSA-2187338_R-HSA-2187335_P12271	-11.90913	0.00000	0.00000
CID_9578572	R-HSA-162582_R-HSA-372790_R-HSA-388396_R-HSA-418594_R-HSA-2187338_R-HSA-2187335_P10745	-11.90392	0.00000	0.00000
CID_9578572	R-HSA-162582_R-HSA-372790_R-HSA-388396_R-HSA-418594_R-HSA-2187338_R-HSA-2453902_O95237	-10.88094	0.00000	0.00000
CID_9578572	R-HSA-162582_R-HSA-372790_R-HSA-388396_R-HSA-418594_R-HSA-2187338_R-HSA-2453902_P12271	-11.14931	0.00000	0.00000
CID_9578572	R-HSA-162582_R-HSA-372790_R-HSA-388396_R-HSA-418594_R-HSA-2187338_R-HSA-2453902_Q92781	-11.40828	0.00000	0.00000
CID_9578572	R-HSA-162582_R-HSA-372790_R-HSA-388396_R-HSA-418594_R-HSA-2187338_R-HSA-2453902_P02753	-10.95279	0.00000	0.00000
CID_9578572	R-HSA-162582_R-HSA-372790_R-HSA-388396_R-HSA-418594_R-HSA-2187338_R-HSA-2453902_P10745	-11.14410	0.00000	0.00000
CID_9578572	R-HSA-162582_R-HSA-372790_R-HSA-388396_R-HSA-418594_R-HSA-2187338_R-HSA-2453902_P09455	-10.90980	0.00000	0.00000
CID_9578572	R-HSA-162582_R-HSA-372790_R-HSA-388396_R-HSA-418594_R-HSA-2187338_R-HSA-975634_O95237	-10.99127	0.00000	0.00000
CID_9578572	R-HSA-162582_R-HSA-372790_R-HSA-388396_R-HSA-418594_R-HSA-2187338_R-HSA-975634_P02753	-11.06311	0.00000	0.00000
CID_9578572	R-HSA-162582_R-HSA-372790_R-HSA-388396_R-HSA-418594_R-HSA-2187338_R-HSA-975634_P50120	-11.48768	0.00000	0.00000
CID_9578572	R-HSA-162582_R-HSA-372790_R-HSA-388396_R-HSA-418594_R-HSA-2187338_R-HSA-975634_P09455	-11.02013	0.00000	0.00000
CID_9578572	R-HSA-162582_R-HSA-372790_R-HSA-388396_R-HSA-418594_R-HSA-111885_R-HSA-202040_P01189	-10.67695	0.00000	0.00000
CID_9578572	R-HSA-162582_R-HSA-372790_R-HSA-388396_R-HSA-418594_R-HSA-2187338_R-HSA-2514856_R-HSA-2514859_P50579	-10.74586	0.00000	0.00000
CID_9578572	R-HSA-162582_R-HSA-372790_R-HSA-388396_R-HSA-418594_R-HSA-2187338_R-HSA-2514856_R-HSA-2514859_P17252	-10.65930	0.00000	0.00000
CID_9578572	R-HSA-162582_R-HSA-372790_R-HSA-388396_R-HSA-418594_R-HSA-2187338_R-HSA-2514856_R-HSA-2514859_P35913	-11.53556	0.00000	0.00000
CID_9578572	R-HSA-162582_R-HSA-372790_R-HSA-388396_R-HSA-418594_R-HSA-2187338_R-HSA-2514856_R-HSA-2485179_P35913	-12.50456	0.00000	0.00000
CID_9642	R-HSA-1430728_R-HSA-1483249_R-HSA-1855204_P0DP23	-5.52884	0.00000	0.00000
CID_9642	R-HSA-1430728_R-HSA-202131_R-HSA-203615_P29474	-5.18847	0.00000	0.00000
CID_9642	R-HSA-1430728_R-HSA-15869_R-HSA-499943_P04818	-5.69126	0.00000	0.00000
CID_9642	R-HSA-1430728_R-HSA-71291_R-HSA-389661_Q02218	-5.76611	0.00000	0.00000
CID_9642	R-HSA-1430728_R-HSA-71291_R-HSA-389661_O14561	-6.72378	0.00000	0.00000
CID_9642	R-HSA-1430728_R-HSA-71291_R-HSA-389661_P11177	-6.80371	0.00000	0.00000
CID_9642	R-HSA-1430728_R-HSA-71291_R-HSA-70895_P54687	-5.95071	0.00000	0.00000
CID_9642	R-HSA-1430728_R-HSA-71291_R-HSA-71288_P48066	-5.97041	0.00000	0.00000
CID_9642	R-HSA-1430728_R-HSA-71291_R-HSA-70921_P50135	-6.35564	0.00000	0.00000
CID_9642	R-HSA-1430728_R-HSA-71291_R-HSA-71064_Q02218	-5.72481	0.00000	0.00000
CID_9642	R-HSA-1430728_R-HSA-15869_R-HSA-8956319_R-HSA-73621_P19971	-7.43644	0.00000	0.00000
CID_9642	R-HSA-1430728_R-HSA-15869_R-HSA-8956319_R-HSA-73621_Q16831	-7.69267	0.00000	0.00000
CID_9642	R-HSA-1430728_R-HSA-15869_R-HSA-8956321_R-HSA-74217_P00813	-7.39743	0.00000	0.00000
CID_9642	R-HSA-1430728_R-HSA-15869_R-HSA-8956321_R-HSA-73614_P19971	-7.77378	0.00000	0.00000
CID_9642	R-HSA-1430728_R-HSA-15869_R-HSA-8956321_R-HSA-73614_Q16831	-8.03001	0.00000	0.00000
CID_9642	R-HSA-1430728_R-HSA-163685_R-HSA-422356_R-HSA-400042_Q01668	-4.51372	0.00000	0.00000
CID_9642	R-HSA-1430728_R-HSA-163685_R-HSA-422356_R-HSA-400042_Q13936	-4.66061	0.00000	0.00000
CID_9642	R-HSA-1430728_R-HSA-163685_R-HSA-422356_R-HSA-400042_Q9NY47	-4.43149	0.00000	0.00000
CID_9642	R-HSA-1430728_R-HSA-71291_R-HSA-209776_R-HSA-209931_P17752	-7.16843	0.00000	0.00000
CID_9642	R-HSA-1430728_R-HSA-71291_R-HSA-2408522_R-HSA-2408557_P39023	-6.96678	0.00000	0.00000
CID_9642	R-HSA-1430728_R-HSA-71291_R-HSA-2408522_R-HSA-2408508_P50135	-8.29660	0.00000	0.00000
CID_9642	R-HSA-1430728_R-HSA-71291_R-HSA-2408522_R-HSA-2408508_P40261	-8.15124	0.00000	0.00000
CID_9642	R-HSA-1430728_R-HSA-71291_R-HSA-351202_R-HSA-350562_P20618	-6.60735	0.00000	0.00000
CID_9642	R-HSA-1430728_R-HSA-71291_R-HSA-351202_R-HSA-350562_P49721	-6.81263	0.00000	0.00000
CID_9642	R-HSA-1430728_R-HSA-71291_R-HSA-351202_R-HSA-350562_P28074	-6.57317	0.00000	0.00000
CID_9642	R-HSA-1430728_R-HSA-71291_R-HSA-351202_R-HSA-350562_P28062	-6.96478	0.00000	0.00000
CID_9642	R-HSA-1430728_R-HSA-71291_R-HSA-351202_R-HSA-350562_P25786	-7.13585	0.00000	0.00000
CID_9642	R-HSA-1430728_R-HSA-71291_R-HSA-351202_R-HSA-350562_Q99460	-7.09673	0.00000	0.00000
CID_9642	R-HSA-1430728_R-HSA-71291_R-HSA-351202_R-HSA-350562_Q13200	-7.16550	0.00000	0.00000
CID_9642	R-HSA-1430728_R-HSA-1428517_R-HSA-163200_R-HSA-163210_P30049	-8.12931	0.00000	0.00000
CID_9642	R-HSA-1430728_R-HSA-1428517_R-HSA-71406_R-HSA-71403_Q02218	-7.97512	0.00000	0.00000
CID_9642	R-HSA-1430728_R-HSA-196854_R-HSA-6806667_R-HSA-975634_O95237	-9.37820	0.00000	0.00000
CID_9642	R-HSA-1430728_R-HSA-196854_R-HSA-6806667_R-HSA-975634_P02753	-9.47275	0.00000	0.00000
CID_9642	R-HSA-1430728_R-HSA-196854_R-HSA-6806667_R-HSA-975634_P50120	-9.57380	0.00000	0.00000
CID_9642	R-HSA-1430728_R-HSA-196854_R-HSA-6806667_R-HSA-975634_P09455	-9.43147	0.00000	0.00000
CID_9642	R-HSA-1430728_R-HSA-196854_R-HSA-8978934_R-HSA-1474151_P0DP23	-7.49653	0.00000	0.00000
CID_9642	R-HSA-1430728_R-HSA-196854_R-HSA-8978934_R-HSA-1474151_P29474	-7.71760	0.00000	0.00000
CID_9642	R-HSA-1430728_R-HSA-196854_R-HSA-196849_R-HSA-196741_P33527	-9.48361	0.00000	0.00000
CID_9642	R-HSA-1430728_R-HSA-196854_R-HSA-196849_R-HSA-196741_Q9UBK8	-10.57994	0.00000	0.00000
CID_9642	R-HSA-1430728_R-HSA-196854_R-HSA-196849_R-HSA-196741_O60494	-10.46334	0.00000	0.00000
CID_9642	R-HSA-1430728_R-HSA-196854_R-HSA-196849_R-HSA-196780_P11498	-8.32668	0.00000	0.00000
CID_9642	R-HSA-1430728_R-HSA-196854_R-HSA-196849_R-HSA-196780_Q9Y289	-10.71053	0.00000	0.00000
CID_9642	R-HSA-1430728_R-HSA-196854_R-HSA-196849_R-HSA-196757_Q96NT5	-9.18836	0.00000	0.00000
CID_9642	R-HSA-1430728_R-HSA-196854_R-HSA-196849_R-HSA-196757_P41440	-9.27247	0.00000	0.00000
CID_9642	R-HSA-1430728_R-HSA-196854_R-HSA-196849_R-HSA-196757_P34897	-9.78642	0.00000	0.00000
CID_9642	R-HSA-1430728_R-HSA-196854_R-HSA-196849_R-HSA-196757_P34896	-9.78517	0.00000	0.00000
CID_9642	R-HSA-1430728_R-HSA-196854_R-HSA-196849_R-HSA-196836_P78417	-8.45088	0.00000	0.00000
CID_9642	R-HSA-1430728_R-HSA-196854_R-HSA-196849_R-HSA-196836_Q9UHI7	-8.25540	0.00000	0.00000
CID_9642	R-HSA-1430728_R-HSA-71387_R-HSA-8982491_R-HSA-70221_P0DP23	-6.27389	0.00000	0.00000
CID_9642	R-HSA-1430728_R-HSA-71387_R-HSA-70326_R-HSA-70263_P11498	-8.00199	0.00000	0.00000
CID_9642	R-HSA-74160_R-HSA-73857_R-HSA-212436_R-HSA-350054_Q9UBN7	-4.65113	0.00000	0.00000
CID_9642	R-HSA-74160_R-HSA-73857_R-HSA-212436_R-HSA-383280_P04150	-1.83711	0.00000	0.00000
CID_9642	R-HSA-74160_R-HSA-73857_R-HSA-212436_R-HSA-383280_P10275	-2.68286	0.00000	0.00000
CID_9642	R-HSA-74160_R-HSA-73857_R-HSA-212436_R-HSA-383280_P08235	-2.47500	0.00000	0.00000
CID_9642	R-HSA-74160_R-HSA-73857_R-HSA-212436_R-HSA-383280_P03372	-2.88522	0.00000	0.00000
CID_9642	R-HSA-74160_R-HSA-73857_R-HSA-212436_R-HSA-383280_P48443	-3.08146	0.00000	0.00000
CID_9642	R-HSA-74160_R-HSA-73857_R-HSA-212436_R-HSA-383280_P19793	-2.45397	0.00000	0.00000
CID_9642	R-HSA-74160_R-HSA-73857_R-HSA-212436_R-HSA-383280_P06401	-2.33354	0.00000	0.00000
CID_9642	R-HSA-74160_R-HSA-73857_R-HSA-212436_R-HSA-383280_P62508	-2.54772	0.00000	0.00000
CID_9642	R-HSA-74160_R-HSA-73857_R-HSA-212436_R-HSA-383280_P10827	-3.44132	0.00000	0.00000
CID_9642	R-HSA-74160_R-HSA-73857_R-HSA-212436_R-HSA-383280_P10828	-3.43861	0.00000	0.00000
CID_9642	R-HSA-74160_R-HSA-73857_R-HSA-212436_R-HSA-383280_P51843	-2.34525	0.00000	0.00000
CID_9642	R-HSA-74160_R-HSA-73857_R-HSA-212436_R-HSA-383280_O75376	-2.67246	0.00000	0.00000
CID_9642	R-HSA-1430728_R-HSA-1428517_R-HSA-163200_R-HSA-611105_R-HSA-6799198_P19404	-11.67714	0.00000	0.00000
CID_9642	R-HSA-1430728_R-HSA-1428517_R-HSA-163200_R-HSA-611105_R-HSA-6799198_Q16795	-11.67643	0.00000	0.00000
CID_9642	R-HSA-1430728_R-HSA-1428517_R-HSA-163200_R-HSA-611105_R-HSA-6799198_P51970	-11.67786	0.00000	0.00000
CID_9642	R-HSA-1430728_R-HSA-1428517_R-HSA-163200_R-HSA-611105_R-HSA-6799198_O95182	-11.67795	0.00000	0.00000
CID_9642	R-HSA-1430728_R-HSA-1428517_R-HSA-163200_R-HSA-611105_R-HSA-6799198_P56556	-11.67674	0.00000	0.00000
CID_9642	R-HSA-1430728_R-HSA-1428517_R-HSA-163200_R-HSA-611105_R-HSA-6799198_Q16718	-11.67691	0.00000	0.00000
CID_9642	R-HSA-1430728_R-HSA-1428517_R-HSA-163200_R-HSA-611105_R-HSA-6799198_O95167	-11.67673	0.00000	0.00000
CID_9642	R-HSA-1430728_R-HSA-1428517_R-HSA-163200_R-HSA-611105_R-HSA-6799198_O43678	-11.67650	0.00000	0.00000
CID_9642	R-HSA-1430728_R-HSA-1428517_R-HSA-163200_R-HSA-611105_R-HSA-6799198_O15239	-11.67706	0.00000	0.00000
CID_9642	R-HSA-1430728_R-HSA-1428517_R-HSA-163200_R-HSA-611105_R-HSA-6799198_O95299	-11.67669	0.00000	0.00000
CID_9642	R-HSA-1430728_R-HSA-1428517_R-HSA-163200_R-HSA-611105_R-HSA-6799198_O14561	-10.82792	0.00000	0.00000
CID_9642	R-HSA-1430728_R-HSA-1428517_R-HSA-163200_R-HSA-611105_R-HSA-6799198_O75438	-11.67759	0.00000	0.00000
CID_9642	R-HSA-1430728_R-HSA-1428517_R-HSA-163200_R-HSA-611105_R-HSA-6799198_O95178	-11.67738	0.00000	0.00000
CID_9642	R-HSA-1430728_R-HSA-1428517_R-HSA-163200_R-HSA-611105_R-HSA-6799198_O00217	-11.67684	0.00000	0.00000
CID_9642	R-HSA-1430728_R-HSA-1428517_R-HSA-163200_R-HSA-611105_R-HSA-6799198_O75380	-11.67738	0.00000	0.00000
CID_9642	R-HSA-1430728_R-HSA-1428517_R-HSA-163200_R-HSA-611105_R-HSA-6799198_O43920	-11.67709	0.00000	0.00000
CID_9642	R-HSA-1430728_R-HSA-1428517_R-HSA-163200_R-HSA-611105_R-HSA-6799198_O43181	-11.67645	0.00000	0.00000
CID_9642	R-HSA-1430728_R-HSA-1428517_R-HSA-163200_R-HSA-611105_R-HSA-6799198_P49821	-11.67645	0.00000	0.00000
CID_9642	R-HSA-1430728_R-HSA-1428517_R-HSA-163200_R-HSA-611105_R-HSA-6799198_O75489	-11.67693	0.00000	0.00000
CID_9642	R-HSA-1430728_R-HSA-1428517_R-HSA-163200_R-HSA-611105_R-HSA-6799198_O75306	-11.67770	0.00000	0.00000
CID_9642	R-HSA-1430728_R-HSA-1428517_R-HSA-163200_R-HSA-611105_R-HSA-6799198_P56181	-11.67639	0.00000	0.00000
CID_9642	R-HSA-1430728_R-HSA-1428517_R-HSA-163200_R-HSA-611105_R-HSA-6799198_P28331	-11.67657	0.00000	0.00000
CID_9642	R-HSA-1430728_R-HSA-1428517_R-HSA-163200_R-HSA-611105_R-HSA-6799198_O95298	-11.67687	0.00000	0.00000
CID_9642	R-HSA-1430728_R-HSA-1428517_R-HSA-163200_R-HSA-611105_R-HSA-6799198_O43677	-11.67672	0.00000	0.00000
CID_9642	R-HSA-1430728_R-HSA-1428517_R-HSA-163200_R-HSA-611105_R-HSA-6799198_O96000	-11.67684	0.00000	0.00000
CID_9642	R-HSA-1430728_R-HSA-1428517_R-HSA-163200_R-HSA-611105_R-HSA-6799198_Q9Y6M9	-11.67697	0.00000	0.00000
CID_9642	R-HSA-1430728_R-HSA-1428517_R-HSA-163200_R-HSA-611105_R-HSA-6799198_O95169	-11.67711	0.00000	0.00000
CID_9642	R-HSA-1430728_R-HSA-1428517_R-HSA-163200_R-HSA-611105_R-HSA-6799198_P17568	-11.67698	0.00000	0.00000
CID_9642	R-HSA-1430728_R-HSA-1428517_R-HSA-163200_R-HSA-611105_R-HSA-6799198_O95139	-11.67704	0.00000	0.00000
CID_9642	R-HSA-1430728_R-HSA-1428517_R-HSA-163200_R-HSA-611105_R-HSA-6799198_O43674	-11.67714	0.00000	0.00000
CID_9642	R-HSA-1430728_R-HSA-1428517_R-HSA-163200_R-HSA-611105_R-HSA-6799198_O95168	-11.67699	0.00000	0.00000
CID_9642	R-HSA-1430728_R-HSA-1428517_R-HSA-163200_R-HSA-611105_R-HSA-6799198_O43676	-11.67658	0.00000	0.00000
CID_9642	R-HSA-1430728_R-HSA-1428517_R-HSA-71406_R-HSA-70268_R-HSA-204174_P19793	-9.80871	0.00000	0.00000
CID_9642	R-HSA-1430728_R-HSA-196854_R-HSA-196849_R-HSA-196807_R-HSA-197264_P40261	-9.93013	0.00000	0.00000
CID_9642	R-HSA-1430728_R-HSA-196854_R-HSA-196849_R-HSA-196807_R-HSA-197264_Q16647	-10.11072	0.00000	0.00000
CID_9642	R-HSA-74160_R-HSA-73857_R-HSA-212436_R-HSA-8878159_R-HSA-8941858_P20618	-4.46322	0.00000	0.00000
CID_9642	R-HSA-74160_R-HSA-73857_R-HSA-212436_R-HSA-8878159_R-HSA-8941858_P49721	-4.66851	0.00000	0.00000
CID_9642	R-HSA-74160_R-HSA-73857_R-HSA-212436_R-HSA-8878159_R-HSA-8941858_P28074	-4.42905	0.00000	0.00000
CID_9642	R-HSA-74160_R-HSA-73857_R-HSA-212436_R-HSA-8878159_R-HSA-8941858_P28062	-4.82065	0.00000	0.00000
CID_9642	R-HSA-74160_R-HSA-73857_R-HSA-212436_R-HSA-9614085_R-HSA-9617629_Q96EB6	-6.87136	0.00000	0.00000
CID_9642	R-HSA-74160_R-HSA-73857_R-HSA-212436_R-HSA-8878166_R-HSA-8939902_P03372	-4.52002	0.00000	0.00000
CID_9642	R-HSA-74160_R-HSA-73857_R-HSA-212436_R-HSA-8878166_R-HSA-8939902_P20618	-4.07765	0.00000	0.00000
CID_9642	R-HSA-74160_R-HSA-73857_R-HSA-212436_R-HSA-8878166_R-HSA-8939902_P49721	-4.28294	0.00000	0.00000
CID_9642	R-HSA-74160_R-HSA-73857_R-HSA-212436_R-HSA-8878166_R-HSA-8939902_P28074	-4.04348	0.00000	0.00000
CID_9642	R-HSA-74160_R-HSA-73857_R-HSA-212436_R-HSA-8878166_R-HSA-8939902_P28062	-4.43509	0.00000	0.00000
CID_9642	R-HSA-74160_R-HSA-73857_R-HSA-212436_R-HSA-3700989_R-HSA-5633008_R-HSA-6803204_P04637	-11.26032	0.00000	0.00000
CID_9642	R-HSA-1430728_R-HSA-202131_R-HSA-203615_P0DP23	-4.96739	0.00500	0.04608
CID_9642	R-HSA-1430728_R-HSA-163685_R-HSA-163767_P62714	-5.67910	0.00500	0.04608
CID_9642	R-HSA-1430728_R-HSA-163685_R-HSA-422356_R-HSA-400042_Q08289	-4.95555	0.00500	0.04608
CID_9642	R-HSA-1430728_R-HSA-163685_R-HSA-422356_R-HSA-381676_Q9BQ31	-3.46224	0.00500	0.04608
CID_9642	R-HSA-74160_R-HSA-73857_R-HSA-212436_R-HSA-350054_O75376	-3.99056	0.00500	0.04608
CID_9642	R-HSA-1430728_R-HSA-1428517_R-HSA-71406_R-HSA-70268_R-HSA-204174_P11177	-11.24693	0.00500	0.04608
CID_9642	R-HSA-1430728_R-HSA-71387_R-HSA-70326_R-HSA-70171_R-HSA-9634600_P62714	-9.91982	0.00500	0.04608
CID_9642	R-HSA-1430728_R-HSA-71387_R-HSA-70326_R-HSA-70171_R-HSA-9634600_P67775	-10.22129	0.00500	0.04608
CID_9642	R-HSA-74160_R-HSA-73857_R-HSA-212436_R-HSA-8878159_R-HSA-8941855_P04637	-5.29915	0.00500	0.04608
CID_9642	R-HSA-74160_R-HSA-73857_R-HSA-212436_R-HSA-8878159_R-HSA-8941858_P25786	-4.99173	0.00500	0.04608
CID_9642	R-HSA-74160_R-HSA-73857_R-HSA-212436_R-HSA-8878159_R-HSA-8941858_Q99460	-4.95261	0.00500	0.04608
CID_9642	R-HSA-74160_R-HSA-73857_R-HSA-212436_R-HSA-8878159_R-HSA-8941858_Q13200	-5.02137	0.00500	0.04608
CID_9642	R-HSA-74160_R-HSA-73857_R-HSA-212436_R-HSA-8878171_R-HSA-8939236_P20618	-6.16435	0.00500	0.04608
CID_9642	R-HSA-74160_R-HSA-73857_R-HSA-212436_R-HSA-8878171_R-HSA-8939236_P49721	-6.36963	0.00500	0.04608
CID_9642	R-HSA-74160_R-HSA-73857_R-HSA-212436_R-HSA-8878171_R-HSA-8939236_P28074	-6.13017	0.00500	0.04608
CID_9642	R-HSA-74160_R-HSA-73857_R-HSA-212436_R-HSA-8878171_R-HSA-8939236_P28062	-6.52178	0.00500	0.04608
CID_9642	R-HSA-74160_R-HSA-73857_R-HSA-212436_R-HSA-8878171_R-HSA-8931987_P03372	-6.41486	0.00500	0.04608
CID_9642	R-HSA-74160_R-HSA-73857_R-HSA-212436_R-HSA-8878166_R-HSA-8939902_P04150	-3.47191	0.00500	0.04608
CID_9642	R-HSA-74160_R-HSA-73857_R-HSA-212436_R-HSA-8878166_R-HSA-8939902_P25786	-4.60616	0.00500	0.04608
CID_9642	R-HSA-74160_R-HSA-73857_R-HSA-212436_R-HSA-8878166_R-HSA-8939902_Q99460	-4.56704	0.00500	0.04608
CID_9642	R-HSA-74160_R-HSA-73857_R-HSA-212436_R-HSA-8878166_R-HSA-8939902_Q13200	-4.63581	0.00500	0.04608
CID_9642	R-HSA-74160_R-HSA-73857_R-HSA-212436_R-HSA-8878166_R-HSA-8941326_R-HSA-8940973_Q9UBN7	-8.04608	0.00500	0.04608
CID_9642	R-HSA-74160_R-HSA-73857_R-HSA-212436_R-HSA-3700989_R-HSA-5633008_R-HSA-6803207_P04637	-10.71139	0.00500	0.04608
CID_9642	R-HSA-74160_R-HSA-73857_R-HSA-212436_R-HSA-3700989_R-HSA-5633008_R-HSA-6803211_P04637	-11.00107	0.00500	0.04608
CID_9642	R-HSA-74160_R-HSA-73857_R-HSA-212436_R-HSA-3700989_R-HSA-6791312_R-HSA-6804115_P04637	-7.51112	0.00500	0.04608
CID_9782	R-HSA-1430728_R-HSA-1483249_R-HSA-1855204_P0DP23	-4.23624	0.00000	0.00000
CID_9782	R-HSA-1430728_R-HSA-202131_R-HSA-203615_P29474	-3.91250	0.00000	0.00000
CID_9782	R-HSA-1430728_R-HSA-71291_R-HSA-389661_Q02218	-4.40116	0.00000	0.00000
CID_9782	R-HSA-1430728_R-HSA-71291_R-HSA-389661_O14561	-5.36354	0.00000	0.00000
CID_9782	R-HSA-1430728_R-HSA-71291_R-HSA-389661_P11177	-5.44292	0.00000	0.00000
CID_9782	R-HSA-1430728_R-HSA-71291_R-HSA-70895_P54687	-4.59128	0.00000	0.00000
CID_9782	R-HSA-1430728_R-HSA-71291_R-HSA-71288_P48066	-4.61380	0.00000	0.00000
CID_9782	R-HSA-1430728_R-HSA-71291_R-HSA-70921_P50135	-4.99530	0.00000	0.00000
CID_9782	R-HSA-1430728_R-HSA-71291_R-HSA-71064_Q02218	-4.36018	0.00000	0.00000
CID_9782	R-HSA-1430728_R-HSA-71291_R-HSA-209776_R-HSA-209931_P17752	-5.58097	0.00000	0.00000
CID_9782	R-HSA-1430728_R-HSA-71291_R-HSA-2408522_R-HSA-2408557_P39023	-5.37280	0.00000	0.00000
CID_9782	R-HSA-1430728_R-HSA-71291_R-HSA-2408522_R-HSA-2408508_P50135	-6.70294	0.00000	0.00000
CID_9782	R-HSA-1430728_R-HSA-71291_R-HSA-2408522_R-HSA-2408508_P40261	-6.55416	0.00000	0.00000
CID_9782	R-HSA-1430728_R-HSA-71291_R-HSA-351202_R-HSA-350562_P20618	-5.20814	0.00000	0.00000
CID_9782	R-HSA-1430728_R-HSA-71291_R-HSA-351202_R-HSA-350562_P49721	-5.42390	0.00000	0.00000
CID_9782	R-HSA-1430728_R-HSA-71291_R-HSA-351202_R-HSA-350562_P28074	-5.16954	0.00000	0.00000
CID_9782	R-HSA-1430728_R-HSA-71291_R-HSA-351202_R-HSA-350562_P28062	-5.59472	0.00000	0.00000
CID_9782	R-HSA-1430728_R-HSA-71291_R-HSA-351202_R-HSA-350562_P25786	-5.71682	0.00000	0.00000
CID_9782	R-HSA-1430728_R-HSA-71291_R-HSA-351202_R-HSA-350562_Q99460	-5.67699	0.00000	0.00000
CID_9782	R-HSA-1430728_R-HSA-71291_R-HSA-351202_R-HSA-350562_Q13200	-5.74771	0.00000	0.00000
CID_9782	R-HSA-1430728_R-HSA-196854_R-HSA-8978934_R-HSA-1474151_P0DP23	-5.94445	0.00000	0.00000
CID_9782	R-HSA-1430728_R-HSA-196854_R-HSA-8978934_R-HSA-1474151_P29474	-6.13635	0.00000	0.00000
CID_9782	R-HSA-1430728_R-HSA-196854_R-HSA-196849_R-HSA-196741_P22033	-7.54398	0.00000	0.00000
CID_9782	R-HSA-1430728_R-HSA-196854_R-HSA-196849_R-HSA-196780_P11498	-6.70605	0.00000	0.00000
CID_9782	R-HSA-1430728_R-HSA-196854_R-HSA-196849_R-HSA-196757_P41440	-7.65853	0.00000	0.00000
CID_9782	R-HSA-1430728_R-HSA-196854_R-HSA-196849_R-HSA-196757_P34897	-8.17254	0.00000	0.00000
CID_9782	R-HSA-1430728_R-HSA-196854_R-HSA-196849_R-HSA-196757_P34896	-8.17129	0.00000	0.00000
CID_9782	R-HSA-1430728_R-HSA-71387_R-HSA-8982491_R-HSA-70221_P0DP23	-4.71534	0.00000	0.00000
CID_9782	R-HSA-1430728_R-HSA-71387_R-HSA-70326_R-HSA-70263_P11498	-6.35446	0.00000	0.00000
CID_9782	R-HSA-1430728_R-HSA-71387_R-HSA-70326_R-HSA-70263_P00558	-6.59633	0.00000	0.00000
CID_9782	R-HSA-1430728_R-HSA-1428517_R-HSA-163200_R-HSA-611105_R-HSA-6799198_O14561	-9.00895	0.00000	0.00000
CID_9782	R-HSA-1430728_R-HSA-1428517_R-HSA-71406_R-HSA-70268_R-HSA-204174_P19793	-7.36872	0.00000	0.00000
CID_9782	R-HSA-1430728_R-HSA-1428517_R-HSA-71406_R-HSA-70268_R-HSA-204174_P11177	-9.39753	0.00000	0.00000
CID_9782	R-HSA-1430728_R-HSA-202131_R-HSA-203615_P0DP23	-3.72060	0.00500	0.04608
CID_9782	R-HSA-1430728_R-HSA-163685_R-HSA-422356_R-HSA-400042_Q01668	-3.01294	0.00500	0.04608
CID_9782	R-HSA-1430728_R-HSA-163685_R-HSA-422356_R-HSA-400042_Q13936	-3.15983	0.00500	0.04608
CID_9782	R-HSA-1430728_R-HSA-163685_R-HSA-422356_R-HSA-400042_Q9NY47	-2.93071	0.00500	0.04608
CID_9782	R-HSA-1430728_R-HSA-163685_R-HSA-422356_R-HSA-400042_Q08289	-3.45477	0.00500	0.04608
CID_9782	R-HSA-1430728_R-HSA-163685_R-HSA-422356_R-HSA-381676_Q9BQ31	-1.95947	0.00500	0.04608
CID_9782	R-HSA-1430728_R-HSA-1428517_R-HSA-163200_R-HSA-163210_P30049	-6.53697	0.00500	0.04608
CID_9782	R-HSA-1430728_R-HSA-1428517_R-HSA-71406_R-HSA-71403_Q02218	-6.35638	0.00500	0.04608
CID_9782	R-HSA-1430728_R-HSA-196854_R-HSA-6806667_R-HSA-975634_O95237	-7.75562	0.00500	0.04608
CID_9782	R-HSA-1430728_R-HSA-196854_R-HSA-6806667_R-HSA-975634_P02753	-7.85011	0.00500	0.04608
CID_9782	R-HSA-1430728_R-HSA-196854_R-HSA-6806667_R-HSA-975634_P50120	-7.95189	0.00500	0.04608
CID_9782	R-HSA-1430728_R-HSA-196854_R-HSA-6806667_R-HSA-975634_P09455	-7.80882	0.00500	0.04608
CID_9782	R-HSA-1430728_R-HSA-196854_R-HSA-196849_R-HSA-196741_Q9UBK8	-8.01356	0.00500	0.04608
CID_9782	R-HSA-1430728_R-HSA-196854_R-HSA-196849_R-HSA-196780_P05165	-12.41962	0.00500	0.04608
CID_9782	R-HSA-1430728_R-HSA-196854_R-HSA-196849_R-HSA-196780_Q9Y289	-9.09670	0.00500	0.04608
CID_9782	R-HSA-1430728_R-HSA-196854_R-HSA-196849_R-HSA-196757_Q96NT5	-7.57448	0.00500	0.04608
CID_9782	R-HSA-1430728_R-HSA-196854_R-HSA-196849_R-HSA-196836_P78417	-6.78166	0.00500	0.04608
CID_9782	R-HSA-1430728_R-HSA-196854_R-HSA-196849_R-HSA-196836_Q9UHI7	-6.64169	0.00500	0.04608
CID_9782	R-HSA-1430728_R-HSA-71387_R-HSA-8982491_R-HSA-70221_P06737	-7.50452	0.00500	0.04608
CID_9782	R-HSA-1430728_R-HSA-1428517_R-HSA-163200_R-HSA-611105_R-HSA-6799198_P19404	-9.86157	0.00500	0.04608
CID_9782	R-HSA-1430728_R-HSA-1428517_R-HSA-163200_R-HSA-611105_R-HSA-6799198_Q16795	-9.86086	0.00500	0.04608
CID_9782	R-HSA-1430728_R-HSA-1428517_R-HSA-163200_R-HSA-611105_R-HSA-6799198_P51970	-9.86230	0.00500	0.04608
CID_9782	R-HSA-1430728_R-HSA-1428517_R-HSA-163200_R-HSA-611105_R-HSA-6799198_O95182	-9.86238	0.00500	0.04608
CID_9782	R-HSA-1430728_R-HSA-1428517_R-HSA-163200_R-HSA-611105_R-HSA-6799198_P56556	-9.86117	0.00500	0.04608
CID_9782	R-HSA-1430728_R-HSA-1428517_R-HSA-163200_R-HSA-611105_R-HSA-6799198_Q16718	-9.86134	0.00500	0.04608
CID_9782	R-HSA-1430728_R-HSA-1428517_R-HSA-163200_R-HSA-611105_R-HSA-6799198_O95167	-9.86117	0.00500	0.04608
CID_9782	R-HSA-1430728_R-HSA-1428517_R-HSA-163200_R-HSA-611105_R-HSA-6799198_O43678	-9.86093	0.00500	0.04608
CID_9782	R-HSA-1430728_R-HSA-1428517_R-HSA-163200_R-HSA-611105_R-HSA-6799198_O15239	-9.86149	0.00500	0.04608
CID_9782	R-HSA-1430728_R-HSA-1428517_R-HSA-163200_R-HSA-611105_R-HSA-6799198_O95299	-9.86112	0.00500	0.04608
CID_9782	R-HSA-1430728_R-HSA-1428517_R-HSA-163200_R-HSA-611105_R-HSA-6799198_O75438	-9.86202	0.00500	0.04608
CID_9782	R-HSA-1430728_R-HSA-1428517_R-HSA-163200_R-HSA-611105_R-HSA-6799198_O95178	-9.86182	0.00500	0.04608
CID_9782	R-HSA-1430728_R-HSA-1428517_R-HSA-163200_R-HSA-611105_R-HSA-6799198_O00217	-9.86128	0.00500	0.04608
CID_9782	R-HSA-1430728_R-HSA-1428517_R-HSA-163200_R-HSA-611105_R-HSA-6799198_O75380	-9.86181	0.00500	0.04608
CID_9782	R-HSA-1430728_R-HSA-1428517_R-HSA-163200_R-HSA-611105_R-HSA-6799198_O43920	-9.86152	0.00500	0.04608
CID_9782	R-HSA-1430728_R-HSA-1428517_R-HSA-163200_R-HSA-611105_R-HSA-6799198_O43181	-9.86088	0.00500	0.04608
CID_9782	R-HSA-1430728_R-HSA-1428517_R-HSA-163200_R-HSA-611105_R-HSA-6799198_P49821	-9.86089	0.00500	0.04608
CID_9782	R-HSA-1430728_R-HSA-1428517_R-HSA-163200_R-HSA-611105_R-HSA-6799198_O75489	-9.86136	0.00500	0.04608
CID_9782	R-HSA-1430728_R-HSA-1428517_R-HSA-163200_R-HSA-611105_R-HSA-6799198_O75306	-9.86213	0.00500	0.04608
CID_9782	R-HSA-1430728_R-HSA-1428517_R-HSA-163200_R-HSA-611105_R-HSA-6799198_P56181	-9.86082	0.00500	0.04608
CID_9782	R-HSA-1430728_R-HSA-1428517_R-HSA-163200_R-HSA-611105_R-HSA-6799198_P28331	-9.86100	0.00500	0.04608
CID_9782	R-HSA-1430728_R-HSA-1428517_R-HSA-163200_R-HSA-611105_R-HSA-6799198_O95298	-9.86130	0.00500	0.04608
CID_9782	R-HSA-1430728_R-HSA-1428517_R-HSA-163200_R-HSA-611105_R-HSA-6799198_O43677	-9.86115	0.00500	0.04608
CID_9782	R-HSA-1430728_R-HSA-1428517_R-HSA-163200_R-HSA-611105_R-HSA-6799198_O96000	-9.86127	0.00500	0.04608
CID_9782	R-HSA-1430728_R-HSA-1428517_R-HSA-163200_R-HSA-611105_R-HSA-6799198_Q9Y6M9	-9.86140	0.00500	0.04608
CID_9782	R-HSA-1430728_R-HSA-1428517_R-HSA-163200_R-HSA-611105_R-HSA-6799198_O95169	-9.86154	0.00500	0.04608
CID_9782	R-HSA-1430728_R-HSA-1428517_R-HSA-163200_R-HSA-611105_R-HSA-6799198_P17568	-9.86141	0.00500	0.04608
CID_9782	R-HSA-1430728_R-HSA-1428517_R-HSA-163200_R-HSA-611105_R-HSA-6799198_O95139	-9.86148	0.00500	0.04608
CID_9782	R-HSA-1430728_R-HSA-1428517_R-HSA-163200_R-HSA-611105_R-HSA-6799198_O43674	-9.86157	0.00500	0.04608
CID_9782	R-HSA-1430728_R-HSA-1428517_R-HSA-163200_R-HSA-611105_R-HSA-6799198_O95168	-9.86142	0.00500	0.04608
CID_9782	R-HSA-1430728_R-HSA-1428517_R-HSA-163200_R-HSA-611105_R-HSA-6799198_O43676	-9.86101	0.00500	0.04608
CID_9782	R-HSA-1430728_R-HSA-196854_R-HSA-196849_R-HSA-196807_R-HSA-197264_P40261	-8.08081	0.00500	0.04608
CID_9782	R-HSA-1430728_R-HSA-196854_R-HSA-196849_R-HSA-196807_R-HSA-197264_Q16647	-8.25965	0.00500	0.04608
CID_9782	R-HSA-1430728_R-HSA-71387_R-HSA-70326_R-HSA-70171_R-HSA-9634600_P62714	-8.03056	0.00500	0.04608
CID_9782	R-HSA-1430728_R-HSA-71387_R-HSA-70326_R-HSA-70171_R-HSA-9634600_P67775	-8.33034	0.00500	0.04608
CID_9878	R-HSA-1430728_R-HSA-1483249_R-HSA-1855204_P0DP23	-5.52885	0.00000	0.00000
CID_9878	R-HSA-1430728_R-HSA-202131_R-HSA-203615_P29474	-5.18847	0.00000	0.00000
CID_9878	R-HSA-1430728_R-HSA-15869_R-HSA-499943_P04818	-5.69126	0.00000	0.00000
CID_9878	R-HSA-1430728_R-HSA-71291_R-HSA-389661_Q02218	-5.76612	0.00000	0.00000
CID_9878	R-HSA-1430728_R-HSA-71291_R-HSA-389661_O14561	-6.72379	0.00000	0.00000
CID_9878	R-HSA-1430728_R-HSA-71291_R-HSA-389661_P11177	-6.80372	0.00000	0.00000
CID_9878	R-HSA-1430728_R-HSA-71291_R-HSA-70895_P54687	-5.95072	0.00000	0.00000
CID_9878	R-HSA-1430728_R-HSA-71291_R-HSA-71288_P48066	-5.97042	0.00000	0.00000
CID_9878	R-HSA-1430728_R-HSA-71291_R-HSA-70921_P50135	-6.35565	0.00000	0.00000
CID_9878	R-HSA-1430728_R-HSA-71291_R-HSA-71064_Q02218	-5.72482	0.00000	0.00000
CID_9878	R-HSA-1430728_R-HSA-15869_R-HSA-8956319_R-HSA-73621_P19971	-7.43645	0.00000	0.00000
CID_9878	R-HSA-1430728_R-HSA-15869_R-HSA-8956319_R-HSA-73621_Q16831	-7.69268	0.00000	0.00000
CID_9878	R-HSA-1430728_R-HSA-15869_R-HSA-8956321_R-HSA-74217_P00813	-7.39744	0.00000	0.00000
CID_9878	R-HSA-1430728_R-HSA-15869_R-HSA-8956321_R-HSA-73614_P19971	-7.77379	0.00000	0.00000
CID_9878	R-HSA-1430728_R-HSA-15869_R-HSA-8956321_R-HSA-73614_Q16831	-8.03002	0.00000	0.00000
CID_9878	R-HSA-1430728_R-HSA-163685_R-HSA-422356_R-HSA-400042_Q01668	-4.51373	0.00000	0.00000
CID_9878	R-HSA-1430728_R-HSA-163685_R-HSA-422356_R-HSA-400042_Q13936	-4.66062	0.00000	0.00000
CID_9878	R-HSA-1430728_R-HSA-163685_R-HSA-422356_R-HSA-400042_Q9NY47	-4.43150	0.00000	0.00000
CID_9878	R-HSA-1430728_R-HSA-71291_R-HSA-209776_R-HSA-209931_P17752	-7.16844	0.00000	0.00000
CID_9878	R-HSA-1430728_R-HSA-71291_R-HSA-2408522_R-HSA-2408557_P39023	-6.96679	0.00000	0.00000
CID_9878	R-HSA-1430728_R-HSA-71291_R-HSA-2408522_R-HSA-2408508_P50135	-8.29661	0.00000	0.00000
CID_9878	R-HSA-1430728_R-HSA-71291_R-HSA-2408522_R-HSA-2408508_P40261	-8.15125	0.00000	0.00000
CID_9878	R-HSA-1430728_R-HSA-71291_R-HSA-351202_R-HSA-350562_P20618	-6.60736	0.00000	0.00000
CID_9878	R-HSA-1430728_R-HSA-71291_R-HSA-351202_R-HSA-350562_P49721	-6.81264	0.00000	0.00000
CID_9878	R-HSA-1430728_R-HSA-71291_R-HSA-351202_R-HSA-350562_P28074	-6.57319	0.00000	0.00000
CID_9878	R-HSA-1430728_R-HSA-71291_R-HSA-351202_R-HSA-350562_P28062	-6.96479	0.00000	0.00000
CID_9878	R-HSA-1430728_R-HSA-71291_R-HSA-351202_R-HSA-350562_P25786	-7.13586	0.00000	0.00000
CID_9878	R-HSA-1430728_R-HSA-71291_R-HSA-351202_R-HSA-350562_Q99460	-7.09674	0.00000	0.00000
CID_9878	R-HSA-1430728_R-HSA-71291_R-HSA-351202_R-HSA-350562_Q13200	-7.16551	0.00000	0.00000
CID_9878	R-HSA-1430728_R-HSA-1428517_R-HSA-163200_R-HSA-163210_P30049	-8.12932	0.00000	0.00000
CID_9878	R-HSA-1430728_R-HSA-1428517_R-HSA-71406_R-HSA-71403_Q02218	-7.97513	0.00000	0.00000
CID_9878	R-HSA-1430728_R-HSA-196854_R-HSA-6806667_R-HSA-975634_O95237	-9.37821	0.00000	0.00000
CID_9878	R-HSA-1430728_R-HSA-196854_R-HSA-6806667_R-HSA-975634_P02753	-9.47276	0.00000	0.00000
CID_9878	R-HSA-1430728_R-HSA-196854_R-HSA-6806667_R-HSA-975634_P50120	-9.57381	0.00000	0.00000
CID_9878	R-HSA-1430728_R-HSA-196854_R-HSA-6806667_R-HSA-975634_P09455	-9.43148	0.00000	0.00000
CID_9878	R-HSA-1430728_R-HSA-196854_R-HSA-8978934_R-HSA-1474151_P0DP23	-7.49654	0.00000	0.00000
CID_9878	R-HSA-1430728_R-HSA-196854_R-HSA-8978934_R-HSA-1474151_P29474	-7.71761	0.00000	0.00000
CID_9878	R-HSA-1430728_R-HSA-196854_R-HSA-196849_R-HSA-196741_P33527	-9.48362	0.00000	0.00000
CID_9878	R-HSA-1430728_R-HSA-196854_R-HSA-196849_R-HSA-196741_Q9UBK8	-10.57995	0.00000	0.00000
CID_9878	R-HSA-1430728_R-HSA-196854_R-HSA-196849_R-HSA-196741_O60494	-10.46335	0.00000	0.00000
CID_9878	R-HSA-1430728_R-HSA-196854_R-HSA-196849_R-HSA-196780_P11498	-8.32669	0.00000	0.00000
CID_9878	R-HSA-1430728_R-HSA-196854_R-HSA-196849_R-HSA-196780_Q9Y289	-10.71054	0.00000	0.00000
CID_9878	R-HSA-1430728_R-HSA-196854_R-HSA-196849_R-HSA-196757_Q96NT5	-9.18837	0.00000	0.00000
CID_9878	R-HSA-1430728_R-HSA-196854_R-HSA-196849_R-HSA-196757_P41440	-9.27248	0.00000	0.00000
CID_9878	R-HSA-1430728_R-HSA-196854_R-HSA-196849_R-HSA-196757_P34897	-9.78643	0.00000	0.00000
CID_9878	R-HSA-1430728_R-HSA-196854_R-HSA-196849_R-HSA-196757_P34896	-9.78518	0.00000	0.00000
CID_9878	R-HSA-1430728_R-HSA-196854_R-HSA-196849_R-HSA-196836_P78417	-8.45089	0.00000	0.00000
CID_9878	R-HSA-1430728_R-HSA-196854_R-HSA-196849_R-HSA-196836_Q9UHI7	-8.25541	0.00000	0.00000
CID_9878	R-HSA-1430728_R-HSA-71387_R-HSA-8982491_R-HSA-70221_P0DP23	-6.27390	0.00000	0.00000
CID_9878	R-HSA-1430728_R-HSA-71387_R-HSA-70326_R-HSA-70263_P11498	-8.00200	0.00000	0.00000
CID_9878	R-HSA-74160_R-HSA-73857_R-HSA-212436_R-HSA-350054_Q9UBN7	-4.65114	0.00000	0.00000
CID_9878	R-HSA-74160_R-HSA-73857_R-HSA-212436_R-HSA-383280_P04150	-1.83712	0.00000	0.00000
CID_9878	R-HSA-74160_R-HSA-73857_R-HSA-212436_R-HSA-383280_P10275	-2.68286	0.00000	0.00000
CID_9878	R-HSA-74160_R-HSA-73857_R-HSA-212436_R-HSA-383280_P08235	-2.47501	0.00000	0.00000
CID_9878	R-HSA-74160_R-HSA-73857_R-HSA-212436_R-HSA-383280_P03372	-2.88523	0.00000	0.00000
CID_9878	R-HSA-74160_R-HSA-73857_R-HSA-212436_R-HSA-383280_P48443	-3.08147	0.00000	0.00000
CID_9878	R-HSA-74160_R-HSA-73857_R-HSA-212436_R-HSA-383280_P19793	-2.45398	0.00000	0.00000
CID_9878	R-HSA-74160_R-HSA-73857_R-HSA-212436_R-HSA-383280_P06401	-2.33355	0.00000	0.00000
CID_9878	R-HSA-74160_R-HSA-73857_R-HSA-212436_R-HSA-383280_P62508	-2.54773	0.00000	0.00000
CID_9878	R-HSA-74160_R-HSA-73857_R-HSA-212436_R-HSA-383280_P10827	-3.44133	0.00000	0.00000
CID_9878	R-HSA-74160_R-HSA-73857_R-HSA-212436_R-HSA-383280_P10828	-3.43862	0.00000	0.00000
CID_9878	R-HSA-74160_R-HSA-73857_R-HSA-212436_R-HSA-383280_P51843	-2.34526	0.00000	0.00000
CID_9878	R-HSA-74160_R-HSA-73857_R-HSA-212436_R-HSA-383280_O75376	-2.67247	0.00000	0.00000
CID_9878	R-HSA-1430728_R-HSA-1428517_R-HSA-163200_R-HSA-611105_R-HSA-6799198_P19404	-11.67715	0.00000	0.00000
CID_9878	R-HSA-1430728_R-HSA-1428517_R-HSA-163200_R-HSA-611105_R-HSA-6799198_Q16795	-11.67644	0.00000	0.00000
CID_9878	R-HSA-1430728_R-HSA-1428517_R-HSA-163200_R-HSA-611105_R-HSA-6799198_P51970	-11.67787	0.00000	0.00000
CID_9878	R-HSA-1430728_R-HSA-1428517_R-HSA-163200_R-HSA-611105_R-HSA-6799198_O95182	-11.67796	0.00000	0.00000
CID_9878	R-HSA-1430728_R-HSA-1428517_R-HSA-163200_R-HSA-611105_R-HSA-6799198_P56556	-11.67675	0.00000	0.00000
CID_9878	R-HSA-1430728_R-HSA-1428517_R-HSA-163200_R-HSA-611105_R-HSA-6799198_Q16718	-11.67692	0.00000	0.00000
CID_9878	R-HSA-1430728_R-HSA-1428517_R-HSA-163200_R-HSA-611105_R-HSA-6799198_O95167	-11.67675	0.00000	0.00000
CID_9878	R-HSA-1430728_R-HSA-1428517_R-HSA-163200_R-HSA-611105_R-HSA-6799198_O43678	-11.67651	0.00000	0.00000
CID_9878	R-HSA-1430728_R-HSA-1428517_R-HSA-163200_R-HSA-611105_R-HSA-6799198_O15239	-11.67707	0.00000	0.00000
CID_9878	R-HSA-1430728_R-HSA-1428517_R-HSA-163200_R-HSA-611105_R-HSA-6799198_O95299	-11.67670	0.00000	0.00000
CID_9878	R-HSA-1430728_R-HSA-1428517_R-HSA-163200_R-HSA-611105_R-HSA-6799198_O14561	-10.82793	0.00000	0.00000
CID_9878	R-HSA-1430728_R-HSA-1428517_R-HSA-163200_R-HSA-611105_R-HSA-6799198_O75438	-11.67760	0.00000	0.00000
CID_9878	R-HSA-1430728_R-HSA-1428517_R-HSA-163200_R-HSA-611105_R-HSA-6799198_O95178	-11.67740	0.00000	0.00000
CID_9878	R-HSA-1430728_R-HSA-1428517_R-HSA-163200_R-HSA-611105_R-HSA-6799198_O00217	-11.67686	0.00000	0.00000
CID_9878	R-HSA-1430728_R-HSA-1428517_R-HSA-163200_R-HSA-611105_R-HSA-6799198_O75380	-11.67739	0.00000	0.00000
CID_9878	R-HSA-1430728_R-HSA-1428517_R-HSA-163200_R-HSA-611105_R-HSA-6799198_O43920	-11.67710	0.00000	0.00000
CID_9878	R-HSA-1430728_R-HSA-1428517_R-HSA-163200_R-HSA-611105_R-HSA-6799198_O43181	-11.67646	0.00000	0.00000
CID_9878	R-HSA-1430728_R-HSA-1428517_R-HSA-163200_R-HSA-611105_R-HSA-6799198_P49821	-11.67647	0.00000	0.00000
CID_9878	R-HSA-1430728_R-HSA-1428517_R-HSA-163200_R-HSA-611105_R-HSA-6799198_O75489	-11.67694	0.00000	0.00000
CID_9878	R-HSA-1430728_R-HSA-1428517_R-HSA-163200_R-HSA-611105_R-HSA-6799198_O75306	-11.67771	0.00000	0.00000
CID_9878	R-HSA-1430728_R-HSA-1428517_R-HSA-163200_R-HSA-611105_R-HSA-6799198_P56181	-11.67640	0.00000	0.00000
CID_9878	R-HSA-1430728_R-HSA-1428517_R-HSA-163200_R-HSA-611105_R-HSA-6799198_P28331	-11.67659	0.00000	0.00000
CID_9878	R-HSA-1430728_R-HSA-1428517_R-HSA-163200_R-HSA-611105_R-HSA-6799198_O95298	-11.67688	0.00000	0.00000
CID_9878	R-HSA-1430728_R-HSA-1428517_R-HSA-163200_R-HSA-611105_R-HSA-6799198_O43677	-11.67673	0.00000	0.00000
CID_9878	R-HSA-1430728_R-HSA-1428517_R-HSA-163200_R-HSA-611105_R-HSA-6799198_O96000	-11.67685	0.00000	0.00000
CID_9878	R-HSA-1430728_R-HSA-1428517_R-HSA-163200_R-HSA-611105_R-HSA-6799198_Q9Y6M9	-11.67698	0.00000	0.00000
CID_9878	R-HSA-1430728_R-HSA-1428517_R-HSA-163200_R-HSA-611105_R-HSA-6799198_O95169	-11.67712	0.00000	0.00000
CID_9878	R-HSA-1430728_R-HSA-1428517_R-HSA-163200_R-HSA-611105_R-HSA-6799198_P17568	-11.67699	0.00000	0.00000
CID_9878	R-HSA-1430728_R-HSA-1428517_R-HSA-163200_R-HSA-611105_R-HSA-6799198_O95139	-11.67706	0.00000	0.00000
CID_9878	R-HSA-1430728_R-HSA-1428517_R-HSA-163200_R-HSA-611105_R-HSA-6799198_O43674	-11.67715	0.00000	0.00000
CID_9878	R-HSA-1430728_R-HSA-1428517_R-HSA-163200_R-HSA-611105_R-HSA-6799198_O95168	-11.67700	0.00000	0.00000
CID_9878	R-HSA-1430728_R-HSA-1428517_R-HSA-163200_R-HSA-611105_R-HSA-6799198_O43676	-11.67659	0.00000	0.00000
CID_9878	R-HSA-1430728_R-HSA-1428517_R-HSA-71406_R-HSA-70268_R-HSA-204174_P19793	-9.80872	0.00000	0.00000
CID_9878	R-HSA-1430728_R-HSA-196854_R-HSA-196849_R-HSA-196807_R-HSA-197264_P40261	-9.93015	0.00000	0.00000
CID_9878	R-HSA-1430728_R-HSA-196854_R-HSA-196849_R-HSA-196807_R-HSA-197264_Q16647	-10.11074	0.00000	0.00000
CID_9878	R-HSA-74160_R-HSA-73857_R-HSA-212436_R-HSA-8878159_R-HSA-8941858_P20618	-4.46323	0.00000	0.00000
CID_9878	R-HSA-74160_R-HSA-73857_R-HSA-212436_R-HSA-8878159_R-HSA-8941858_P49721	-4.66852	0.00000	0.00000
CID_9878	R-HSA-74160_R-HSA-73857_R-HSA-212436_R-HSA-8878159_R-HSA-8941858_P28074	-4.42906	0.00000	0.00000
CID_9878	R-HSA-74160_R-HSA-73857_R-HSA-212436_R-HSA-8878159_R-HSA-8941858_P28062	-4.82067	0.00000	0.00000
CID_9878	R-HSA-74160_R-HSA-73857_R-HSA-212436_R-HSA-9614085_R-HSA-9617629_Q96EB6	-6.87138	0.00000	0.00000
CID_9878	R-HSA-74160_R-HSA-73857_R-HSA-212436_R-HSA-8878166_R-HSA-8939902_P03372	-4.52003	0.00000	0.00000
CID_9878	R-HSA-74160_R-HSA-73857_R-HSA-212436_R-HSA-8878166_R-HSA-8939902_P20618	-4.07767	0.00000	0.00000
CID_9878	R-HSA-74160_R-HSA-73857_R-HSA-212436_R-HSA-8878166_R-HSA-8939902_P49721	-4.28295	0.00000	0.00000
CID_9878	R-HSA-74160_R-HSA-73857_R-HSA-212436_R-HSA-8878166_R-HSA-8939902_P28074	-4.04349	0.00000	0.00000
CID_9878	R-HSA-74160_R-HSA-73857_R-HSA-212436_R-HSA-8878166_R-HSA-8939902_P28062	-4.43510	0.00000	0.00000
CID_9878	R-HSA-74160_R-HSA-73857_R-HSA-212436_R-HSA-3700989_R-HSA-5633008_R-HSA-6803204_P04637	-11.26034	0.00000	0.00000
CID_9878	R-HSA-1430728_R-HSA-202131_R-HSA-203615_P0DP23	-4.96740	0.00500	0.04608
CID_9878	R-HSA-1430728_R-HSA-163685_R-HSA-163767_P62714	-5.67911	0.00500	0.04608
CID_9878	R-HSA-1430728_R-HSA-163685_R-HSA-422356_R-HSA-400042_Q08289	-4.95556	0.00500	0.04608
CID_9878	R-HSA-1430728_R-HSA-163685_R-HSA-422356_R-HSA-381676_Q9BQ31	-3.46225	0.00500	0.04608
CID_9878	R-HSA-74160_R-HSA-73857_R-HSA-212436_R-HSA-350054_O75376	-3.99057	0.00500	0.04608
CID_9878	R-HSA-1430728_R-HSA-1428517_R-HSA-71406_R-HSA-70268_R-HSA-204174_P11177	-11.24694	0.00500	0.04608
CID_9878	R-HSA-1430728_R-HSA-71387_R-HSA-70326_R-HSA-70171_R-HSA-9634600_P62714	-9.91983	0.00500	0.04608
CID_9878	R-HSA-1430728_R-HSA-71387_R-HSA-70326_R-HSA-70171_R-HSA-9634600_P67775	-10.22130	0.00500	0.04608
CID_9878	R-HSA-74160_R-HSA-73857_R-HSA-212436_R-HSA-8878159_R-HSA-8941855_P04637	-5.29916	0.00500	0.04608
CID_9878	R-HSA-74160_R-HSA-73857_R-HSA-212436_R-HSA-8878159_R-HSA-8941858_P25786	-4.99174	0.00500	0.04608
CID_9878	R-HSA-74160_R-HSA-73857_R-HSA-212436_R-HSA-8878159_R-HSA-8941858_Q99460	-4.95262	0.00500	0.04608
CID_9878	R-HSA-74160_R-HSA-73857_R-HSA-212436_R-HSA-8878159_R-HSA-8941858_Q13200	-5.02139	0.00500	0.04608
CID_9878	R-HSA-74160_R-HSA-73857_R-HSA-212436_R-HSA-8878171_R-HSA-8939236_P20618	-6.16436	0.00500	0.04608
CID_9878	R-HSA-74160_R-HSA-73857_R-HSA-212436_R-HSA-8878171_R-HSA-8939236_P49721	-6.36964	0.00500	0.04608
CID_9878	R-HSA-74160_R-HSA-73857_R-HSA-212436_R-HSA-8878171_R-HSA-8939236_P28074	-6.13019	0.00500	0.04608
CID_9878	R-HSA-74160_R-HSA-73857_R-HSA-212436_R-HSA-8878171_R-HSA-8939236_P28062	-6.52179	0.00500	0.04608
CID_9878	R-HSA-74160_R-HSA-73857_R-HSA-212436_R-HSA-8878171_R-HSA-8931987_P03372	-6.41487	0.00500	0.04608
CID_9878	R-HSA-74160_R-HSA-73857_R-HSA-212436_R-HSA-8878166_R-HSA-8939902_P04150	-3.47192	0.00500	0.04608
CID_9878	R-HSA-74160_R-HSA-73857_R-HSA-212436_R-HSA-8878166_R-HSA-8939902_P25786	-4.60617	0.00500	0.04608
CID_9878	R-HSA-74160_R-HSA-73857_R-HSA-212436_R-HSA-8878166_R-HSA-8939902_Q99460	-4.56705	0.00500	0.04608
CID_9878	R-HSA-74160_R-HSA-73857_R-HSA-212436_R-HSA-8878166_R-HSA-8939902_Q13200	-4.63582	0.00500	0.04608
CID_9878	R-HSA-74160_R-HSA-73857_R-HSA-212436_R-HSA-8878166_R-HSA-8941326_R-HSA-8940973_Q9UBN7	-8.04610	0.00500	0.04608
CID_9878	R-HSA-74160_R-HSA-73857_R-HSA-212436_R-HSA-3700989_R-HSA-5633008_R-HSA-6803207_P04637	-10.71141	0.00500	0.04608
CID_9878	R-HSA-74160_R-HSA-73857_R-HSA-212436_R-HSA-3700989_R-HSA-5633008_R-HSA-6803211_P04637	-11.00108	0.00500	0.04608
CID_9878	R-HSA-74160_R-HSA-73857_R-HSA-212436_R-HSA-3700989_R-HSA-6791312_R-HSA-6804115_P04637	-7.51113	0.00500	0.04608
